 # x, v, a, m, h, rho, u, P, c, ke
   4.2000000000001032     
   5.0003761783075007E-003  -1.9634042944367338E-006  -1.5993475142472846E-005   1.0000000000000000E-002   1.2000000000000000E-002   1.0017235971570180        0.0000000000000000        1.0017235971570180        1.0000000000000000        6.9400066739805622E-310
   1.5001127049496171E-002  -5.8824669534150774E-006  -4.7917164175181881E-005   1.0000000000000000E-002   1.2000000000000000E-002   1.0017239004520153        0.0000000000000000        1.0017239004520153        1.0000000000000000        6.9400066739805622E-310
   2.5001873470283674E-002  -9.7783203187905082E-006  -7.9651367803634798E-005   1.0000000000000000E-002   1.2000000000000000E-002   1.0017245058430058        0.0000000000000000        1.0017245058430058        1.0000000000000000        6.9400066739805622E-310
   3.5002612493294685E-002  -1.3635594039629323E-005  -1.1107054563286312E-004   1.0000000000000000E-002   1.2000000000000000E-002   1.0017254109366747        0.0000000000000000        1.0017254109366747        1.0000000000000000        6.9400066739805622E-310
   4.5003341200415041E-002  -1.7439068925526396E-005  -1.4205044848303316E-004   1.0000000000000000E-002   1.2000000000000000E-002   1.0017266121546782        0.0000000000000000        1.0017266121546782        1.0000000000000000        6.9400066739805622E-310
   5.5004056714335052E-002  -2.1173738897174903E-005  -1.7246868092701817E-004   1.0000000000000000E-002   1.2000000000000000E-002   1.0017281047486202        0.0000000000000000        1.0017281047486202        1.0000000000000000        6.9400066739805622E-310
   6.5004756209912029E-002  -2.4824867814535844E-005  -2.0220482050081756E-004   1.0000000000000000E-002   1.2000000000000000E-002   1.0017298828181185        0.0000000000000000        1.0017298828181185        1.0000000000000000        6.9400066739805622E-310
   7.5005436925364155E-002  -2.8378049581465302E-005  -2.3114144898883637E-004   1.0000000000000000E-002   1.2000000000000000E-002   1.0017319393344108        0.0000000000000000        1.0017319393344108        1.0000000000000000        6.9400066739805622E-310
   8.5006096173168608E-002  -3.1819264705385935E-005  -2.5916412446580495E-004   1.0000000000000000E-002   1.2000000000000000E-002   1.0017342661687216        0.0000000000000000        1.0017342661687216        1.0000000000000000        6.9400066739805622E-310
   9.5006731350696358E-002  -3.5134933902464842E-005  -2.8616212121157503E-004   1.0000000000000000E-002   1.2000000000000000E-002   1.0017368541238774        0.0000000000000000        1.0017368541238774        1.0000000000000000        6.9400066739805622E-310
  0.10500733995049517       -3.8311974044648608E-005  -3.1202882323277947E-004   1.0000000000000000E-002   1.2000000000000000E-002   1.0017396929714939        0.0000000000000000        1.0017396929714939        1.0000000000000000        6.9400066739805622E-310
  0.11500791957019013       -4.1337848344575334E-005  -3.3666199514215123E-004   1.0000000000000000E-002   1.2000000000000000E-002   1.0017427714921212        0.0000000000000000        1.0017427714921212        1.0000000000000000        6.9400066739805622E-310
  0.12500846792198306       -4.4200615663667261E-005  -3.5996444679842199E-004   1.0000000000000000E-002   1.2000000000000000E-002   1.0017460775199394        0.0000000000000000        1.0017460775199394        1.0000000000000000        6.9400066739805622E-310
  0.13500898284167517       -4.6888977750225011E-005  -3.8184413183550703E-004   1.0000000000000000E-002   1.2000000000000000E-002   1.0017495979910969        0.0000000000000000        1.0017495979910969        1.0000000000000000        6.9400066739805622E-310
  0.14500946229721767       -4.9392325285870225E-005  -4.0221469785883812E-004   1.0000000000000000E-002   1.2000000000000000E-002   1.0017533189949708        0.0000000000000000        1.0017533189949708        1.0000000000000000        6.9400066739805622E-310
  0.15500990439673409       -5.1700777856266523E-005  -4.2099594538225205E-004   1.0000000000000000E-002   1.2000000000000000E-002   1.0017572258304086        0.0000000000000000        1.0017572258304086        1.0000000000000000        6.9400066739805622E-310
  0.16501030739596176       -5.3805223069759005E-005  -4.3811367293056236E-004   1.0000000000000000E-002   1.2000000000000000E-002   1.0017613030632766        0.0000000000000000        1.0017613030632766        1.0000000000000000        6.9400066739805622E-310
  0.17501066970515058       -5.5697354419351349E-005  -4.5350051598624930E-004   1.0000000000000000E-002   1.2000000000000000E-002   1.0017655345873151        0.0000000000000000        1.0017655345873151        1.0000000000000000        6.9400066739805622E-310
  0.18501098989531325       -5.7369702167791670E-005  -4.6709589251303640E-004   1.0000000000000000E-002   1.2000000000000000E-002   1.0017699036887637        0.0000000000000000        1.0017699036887637        1.0000000000000000        6.9400066739805622E-310
  0.19501126670385280       -5.8815662853070608E-005  -4.7884629471361961E-004   1.0000000000000000E-002   1.2000000000000000E-002   1.0017743931119536        0.0000000000000000        1.0017743931119536        1.0000000000000000        6.9400066739805622E-310
  0.20501149903953253       -6.0029527401988432E-005  -4.8870558714053658E-004   1.0000000000000000E-002   1.2000000000000000E-002   1.0017789851279391        0.0000000000000000        1.0017789851279391        1.0000000000000000        6.9400066739805622E-310
  0.21501168598675560       -6.1006501531533912E-005  -4.9663497586838190E-004   1.0000000000000000E-002   1.2000000000000000E-002   1.0017836616042091        0.0000000000000000        1.0017836616042091        1.0000000000000000        6.9400066739805622E-310
  0.22501182680917289       -6.1742725558661932E-005  -5.0260353582132211E-004   1.0000000000000000E-002   1.2000000000000000E-002   1.0017884040768446        0.0000000000000000        1.0017884040768446        1.0000000000000000        6.9400066739805622E-310
  0.23501192095254744       -6.2235289868334159E-005  -5.0658789990176700E-004   1.0000000000000000E-002   1.2000000000000000E-002   1.0017931938237152        0.0000000000000000        1.0017931938237152        1.0000000000000000        6.9400066739805622E-310
  0.24501196804692774       -6.2482246872722354E-005  -5.0857259168068936E-004   1.0000000000000000E-002   1.2000000000000000E-002   1.0017980119377372        0.0000000000000000        1.0017980119377372        1.0000000000000000        6.9400066739805622E-310
  0.25501196790808184       -6.2482616898779282E-005  -5.0855003151450973E-004   1.0000000000000000E-002   1.2000000000000000E-002   1.0018028394018863        0.0000000000000000        1.0018028394018863        1.0000000000000000        6.9400066739805622E-310
  0.26501192053819905       -6.2236394402620011E-005  -5.0652055131461537E-004   1.0000000000000000E-002   1.2000000000000000E-002   1.0018076571641035        0.0000000000000000        1.0018076571641035        1.0000000000000000        6.9400066739805622E-310
  0.27501182612586111       -6.1744546975016357E-005  -5.0249255152756689E-004   1.0000000000000000E-002   1.2000000000000000E-002   1.0018124462131874        0.0000000000000000        1.0018124462131874        1.0000000000000000        6.9400066739805622E-310
  0.28501168504525476       -6.1009010741692473E-005  -4.9648207155517099E-004   1.0000000000000000E-002   1.2000000000000000E-002   1.0018171876533382        0.0000000000000000        1.0018171876533382        1.0000000000000000        6.9400066739805622E-310
  0.29501149785468678       -6.0032685171199268E-005  -4.8851310781650170E-004   1.0000000000000000E-002   1.2000000000000000E-002   1.0018218627782309        0.0000000000000000        1.0018218627782309        1.0000000000000000        6.9400066739805622E-310
  0.30501126529434891       -5.8819419624166144E-005  -4.7861730957166060E-004   1.0000000000000000E-002   1.2000000000000000E-002   1.0018264531451317        0.0000000000000000        1.0018264531451317        1.0000000000000000        6.9400066739805622E-310
  0.31501098828338137       -5.7373998262652839E-005  -4.6683403124170297E-004   1.0000000000000000E-002   1.2000000000000000E-002   1.0018309406477635        0.0000000000000000        1.0018309406477635        1.0000000000000000        6.9400066739805622E-310
  0.32501066791621308       -5.5702122337013237E-005  -4.5320992943231886E-004   1.0000000000000000E-002   1.2000000000000000E-002   1.0018353075876325        0.0000000000000000        1.0018353075876325        1.0000000000000000        6.9400066739805622E-310
  0.33501030545822935       -5.3810387744485996E-005  -4.3779889126760452E-004   1.0000000000000000E-002   1.2000000000000000E-002   1.0018395367430559        0.0000000000000000        1.0018395367430559        1.0000000000000000        6.9400066739805622E-310
  0.34500990234076584       -5.1706257446297112E-005  -4.2066192253820134E-004   1.0000000000000000E-002   1.2000000000000000E-002   1.0018436114372902        0.0000000000000000        1.0018436114372902        1.0000000000000000        6.9400066739805622E-310
  0.35500946015544310       -4.9398033775149680E-005  -4.0186683758491881E-004   1.0000000000000000E-002   1.2000000000000000E-002   1.0018475156047286        0.0000000000000000        1.0018475156047286        1.0000000000000000        6.9400066739805622E-310
  0.36500898064786330       -4.6894825001144022E-005  -3.8148774170032596E-004   1.0000000000000000E-002   1.2000000000000000E-002   1.0018512338531012        0.0000000000000000        1.0018512338531012        1.0000000000000000        6.9400066739805622E-310
  0.37500846571073471       -4.4206508911283831E-005  -3.5960523399047872E-004   1.0000000000000000E-002   1.2000000000000000E-002   1.0018547515242744        0.0000000000000000        1.0018547515242744        1.0000000000000000        6.9400066739805622E-310
  0.38500791737637796       -4.1343695394532065E-005  -3.3630561943720494E-004   1.0000000000000000E-002   1.2000000000000000E-002   1.0018580547522091        0.0000000000000000        1.0018580547522091        1.0000000000000000        6.9400066739805622E-310
  0.39500733780871683       -3.8317682625653953E-005  -3.1168089190103387E-004   1.0000000000000000E-002   1.2000000000000000E-002   1.0018611305170628        0.0000000000000000        1.0018611305170628        1.0000000000000000        6.9400066739805622E-310
  0.40500672929473047       -3.5140413457803543E-005  -2.8582815675370910E-004   1.0000000000000000E-002   1.2000000000000000E-002   1.0018639666966196        0.0000000000000000        1.0018639666966196        1.0000000000000000        6.9400066739805622E-310
  0.41500609423543644       -3.1824429250084003E-005  -2.5884933242537045E-004   1.0000000000000000E-002   1.2000000000000000E-002   1.0018665521133767        0.0000000000000000        1.0018665521133767        1.0000000000000000        6.9400066739805622E-310
  0.42500543513642719       -2.8382817604324000E-005  -2.3085085130958305E-004   1.0000000000000000E-002   1.2000000000000000E-002   1.0018688765789490        0.0000000000000000        1.0018688765789490        1.0000000000000000        6.9400066739805622E-310
  0.43500475459798210       -2.4829164089476038E-005  -2.0194298119946552E-004   1.0000000000000000E-002   1.2000000000000000E-002   1.0018709309337352        0.0000000000000000        1.0018709309337352        1.0000000000000000        6.9400066739805622E-310
  0.44500405530483145       -2.1177495587833830E-005  -1.7223968219237662E-004   1.0000000000000000E-002   1.2000000000000000E-002   1.0018727070827016        0.0000000000000000        1.0018727070827016        1.0000000000000000        6.9400066739805622E-310
  0.45500334001557075       -1.7442227114393203E-005  -1.4185800410349003E-004   1.0000000000000000E-002   1.2000000000000000E-002   1.0018741980276493        0.0000000000000000        1.0018741980276493        1.0000000000000000        6.9400066739805622E-310
  0.46500261155179162       -1.3638103132916555E-005  -1.1091760048298482E-004   1.0000000000000000E-002   1.2000000000000000E-002   1.0018753978942712        0.0000000000000000        1.0018753978942712        1.0000000000000000        6.9400066739805622E-310
  0.47500187278697037       -9.7801415638876904E-006  -7.9540350779616631E-005   1.0000000000000000E-002   1.2000000000000000E-002   1.0018763019551009        0.0000000000000000        1.0018763019551009        1.0000000000000000        6.9400066739805622E-310
  0.48500112663515121       -5.8835710878938617E-006  -4.7849885731032771E-005   1.0000000000000000E-002   1.2000000000000000E-002   1.0018769066484923        0.0000000000000000        1.0018769066484923        1.0000000000000000        6.9400066739805622E-310
  0.49500037603946107       -1.9637744968984936E-006  -1.5970894598815732E-005   1.0000000000000000E-002   1.2000000000000000E-002   1.0018772095918957        0.0000000000000000        1.0018772095918957        1.0000000000000000        6.9400066739805622E-310
  0.50499962396053855        1.9637745667477094E-006   1.5970908584961307E-005   1.0000000000000000E-002   1.2000000000000000E-002   1.0018772095918287        0.0000000000000000        1.0018772095918287        1.0000000000000000        6.9400066739805622E-310
  0.51499887336484995        5.8835711596955809E-006   4.7849874060368336E-005   1.0000000000000000E-002   1.2000000000000000E-002   1.0018769066484228        0.0000000000000000        1.0018769066484228        1.0000000000000000        6.9400066739805622E-310
  0.52499812721303063        9.7801413327296682E-006   7.9540353809193221E-005   1.0000000000000000E-002   1.2000000000000000E-002   1.0018763019550652        0.0000000000000000        1.0018763019550652        1.0000000000000000        6.9400066739805622E-310
  0.53499738844821032        1.3638103467001369E-005   1.1091757977421679E-004   1.0000000000000000E-002   1.2000000000000000E-002   1.0018753978943136        0.0000000000000000        1.0018753978943136        1.0000000000000000        6.9400066739805622E-310
  0.54499665998442937        1.7442227182128883E-005   1.4185801707711221E-004   1.0000000000000000E-002   1.2000000000000000E-002   1.0018741980277313        0.0000000000000000        1.0018741980277313        1.0000000000000000        6.9400066739805622E-310
  0.55499594469516866        2.1177495322398149E-005   1.7223968831814318E-004   1.0000000000000000E-002   1.2000000000000000E-002   1.0018727070826943        0.0000000000000000        1.0018727070826943        1.0000000000000000        6.9400066739805622E-310
  0.56499524540201829        2.4829163982274231E-005   2.0194298063724858E-004   1.0000000000000000E-002   1.2000000000000000E-002   1.0018709309337113        0.0000000000000000        1.0018709309337113        1.0000000000000000        6.9400066739805622E-310
  0.57499456486357348        2.8382817590413015E-005   2.3085083961582598E-004   1.0000000000000000E-002   1.2000000000000000E-002   1.0018688765789716        0.0000000000000000        1.0018688765789716        1.0000000000000000        6.9400066739805622E-310
  0.58499390576456367        3.1824429209558532E-005   2.5884931512809572E-004   1.0000000000000000E-002   1.2000000000000000E-002   1.0018665521135302        0.0000000000000000        1.0018665521135302        1.0000000000000000        6.9400066739805622E-310
  0.59499327070526686        3.5140413556420248E-005   2.8582818949018929E-004   1.0000000000000000E-002   1.2000000000000000E-002   1.0018639666967089        0.0000000000000000        1.0018639666967089        1.0000000000000000        6.9400066739805622E-310
  0.60499266219128123        3.8317682762800892E-005   3.1168090844779783E-004   1.0000000000000000E-002   1.2000000000000000E-002   1.0018611305169209        0.0000000000000000        1.0018611305169209        1.0000000000000000        6.9400066739805622E-310
  0.61499208262362270        4.1343695295413421E-005   3.3630558891495355E-004   1.0000000000000000E-002   1.2000000000000000E-002   1.0018580547521339        0.0000000000000000        1.0018580547521339        1.0000000000000000        6.9400066739805622E-310
  0.62499153428926479        4.4206509273592552E-005   3.5960525350553496E-004   1.0000000000000000E-002   1.2000000000000000E-002   1.0018547515242551        0.0000000000000000        1.0018547515242551        1.0000000000000000        6.9400066739805622E-310
  0.63499101935213731        4.6894824551209573E-005   3.8148775454160955E-004   1.0000000000000000E-002   1.2000000000000000E-002   1.0018512338529206        0.0000000000000000        1.0018512338529206        1.0000000000000000        6.9400066739805622E-310
  0.64499053984456056        4.9398033896488999E-005   4.0186678869336134E-004   1.0000000000000000E-002   1.2000000000000000E-002   1.0018475156047233        0.0000000000000000        1.0018475156047233        1.0000000000000000        6.9400066739805622E-310
  0.65499009765923477        5.1706257363132056E-005   4.2066194327627926E-004   1.0000000000000000E-002   1.2000000000000000E-002   1.0018436114374136        0.0000000000000000        1.0018436114374136        1.0000000000000000        6.9400066739805622E-310
  0.66498969454177148        5.3810387746771778E-005   4.3779889130579619E-004   1.0000000000000000E-002   1.2000000000000000E-002   1.0018395367430786        0.0000000000000000        1.0018395367430786        1.0000000000000000        6.9400066739805622E-310
  0.67498933208378742        5.5702122376830989E-005   4.5320991366715191E-004   1.0000000000000000E-002   1.2000000000000000E-002   1.0018353075877269        0.0000000000000000        1.0018353075877269        1.0000000000000000        6.9400066739805622E-310
  0.68498901171661764        5.7373998332676775E-005   4.6683403449510052E-004   1.0000000000000000E-002   1.2000000000000000E-002   1.0018309406479238        0.0000000000000000        1.0018309406479238        1.0000000000000000        6.9400066739805622E-310
  0.69498873470564781        5.8819419457240338E-005   4.7861736465026894E-004   1.0000000000000000E-002   1.2000000000000000E-002   1.0018264531450158        0.0000000000000000        1.0018264531450158        1.0000000000000000        6.9400066739805622E-310
  0.70498850214531494        6.0032685382809545E-005   4.8851306356034740E-004   1.0000000000000000E-002   1.2000000000000000E-002   1.0018218627780775        0.0000000000000000        1.0018218627780775        1.0000000000000000        6.9400066739805622E-310
  0.71498831495474524        6.1009010734955830E-005   4.9648208379959868E-004   1.0000000000000000E-002   1.2000000000000000E-002   1.0018171876533235        0.0000000000000000        1.0018171876533235        1.0000000000000000        6.9400066739805622E-310
  0.72498817387414083        6.1744546682513125E-005   5.0249251332346034E-004   1.0000000000000000E-002   1.2000000000000000E-002   1.0018124462132776        0.0000000000000000        1.0018124462132776        1.0000000000000000        6.9400066739805622E-310
  0.73498807946179900        6.2236394585763212E-005   5.0652060030476065E-004   1.0000000000000000E-002   1.2000000000000000E-002   1.0018076571641674        0.0000000000000000        1.0018076571641674        1.0000000000000000        6.9400066739805622E-310
  0.74498803209191833        6.2482616916472865E-005   5.0855004268246518E-004   1.0000000000000000E-002   1.2000000000000000E-002   1.0018028394016627        0.0000000000000000        1.0018028394016627        1.0000000000000000        6.9400066739805622E-310
  0.75498803195307562        6.2482246834632353E-005   5.0857253488256760E-004   1.0000000000000000E-002   1.2000000000000000E-002   1.0017980119377341        0.0000000000000000        1.0017980119377341        1.0000000000000000        6.9400066739805622E-310
  0.76498807904745281        6.2235290038914831E-005   5.0658789844071350E-004   1.0000000000000000E-002   1.2000000000000000E-002   1.0017931938239659        0.0000000000000000        1.0017931938239659        1.0000000000000000        6.9400066739805622E-310
  0.77498817319082502        6.1742725687926274E-005   5.0260354956854769E-004   1.0000000000000000E-002   1.2000000000000000E-002   1.0017884040770348        0.0000000000000000        1.0017884040770348        1.0000000000000000        6.9400066739805622E-310
  0.78498831401324076        6.1006501416151782E-005   4.9663500468533073E-004   1.0000000000000000E-002   1.2000000000000000E-002   1.0017836616042173        0.0000000000000000        1.0017836616042173        1.0000000000000000        6.9400066739805622E-310
  0.79498850096046525        6.0029527576247145E-005   4.8870559318192619E-004   1.0000000000000000E-002   1.2000000000000000E-002   1.0017789851277836        0.0000000000000000        1.0017789851277836        1.0000000000000000        6.9400066739805622E-310
  0.80498873329614695        5.8815662633018373E-005   4.7884628115024697E-004   1.0000000000000000E-002   1.2000000000000000E-002   1.0017743931118341        0.0000000000000000        1.0017743931118341        1.0000000000000000        6.9400066739805622E-310
  0.81498901010468683        5.7369702027141564E-005   4.6709589845050914E-004   1.0000000000000000E-002   1.2000000000000000E-002   1.0017699036886780        0.0000000000000000        1.0017699036886780        1.0000000000000000        6.9400066739805622E-310
  0.82498933029485078        5.5697354222044734E-005   4.5350050792780650E-004   1.0000000000000000E-002   1.2000000000000000E-002   1.0017655345872365        0.0000000000000000        1.0017655345872365        1.0000000000000000        6.9400066739805622E-310
  0.83498969260404010        5.3805223448607582E-005   4.3811365124302171E-004   1.0000000000000000E-002   1.2000000000000000E-002   1.0017613030633330        0.0000000000000000        1.0017613030633330        1.0000000000000000        6.9400066739805622E-310
  0.84499009560326610        5.1700777759395824E-005   4.2099594761868531E-004   1.0000000000000000E-002   1.2000000000000000E-002   1.0017572258305525        0.0000000000000000        1.0017572258305525        1.0000000000000000        6.9400066739805622E-310
  0.85499053770278099        4.9392325274528027E-005   4.0221472628498844E-004   1.0000000000000000E-002   1.2000000000000000E-002   1.0017533189949785        0.0000000000000000        1.0017533189949785        1.0000000000000000        6.9400066739805622E-310
  0.86499101715832483        4.6888977876164763E-005   3.8184413886011015E-004   1.0000000000000000E-002   1.2000000000000000E-002   1.0017495979909472        0.0000000000000000        1.0017495979909472        1.0000000000000000        6.9400066739805622E-310
  0.87499153207801894        4.4200615402668587E-005   3.5996442142671725E-004   1.0000000000000000E-002   1.2000000000000000E-002   1.0017460775198714        0.0000000000000000        1.0017460775198714        1.0000000000000000        6.9400066739805622E-310
  0.88499208042981137        4.1337848323172811E-005   3.3666198002446635E-004   1.0000000000000000E-002   1.2000000000000000E-002   1.0017427714922336        0.0000000000000000        1.0017427714922336        1.0000000000000000        6.9400066739805622E-310
  0.89499266004950428        3.8311974084100814E-005   3.1202884223002769E-004   1.0000000000000000E-002   1.2000000000000000E-002   1.0017396929715900        0.0000000000000000        1.0017396929715900        1.0000000000000000        6.9400066739805622E-310
  0.90499326864930307        3.5134933936883300E-005   2.8616213039089899E-004   1.0000000000000000E-002   1.2000000000000000E-002   1.0017368541238452        0.0000000000000000        1.0017368541238452        1.0000000000000000        6.9400066739805622E-310
  0.91499390382683177        3.1819264713823806E-005   2.5916410945470147E-004   1.0000000000000000E-002   1.2000000000000000E-002   1.0017342661687181        0.0000000000000000        1.0017342661687181        1.0000000000000000        6.9400066739805622E-310
  0.92499456307463535        2.8378049699243041E-005   2.3114145765390504E-004   1.0000000000000000E-002   1.2000000000000000E-002   1.0017319393344379        0.0000000000000000        1.0017319393344379        1.0000000000000000        6.9400066739805622E-310
  0.93499524379008758        2.4824867666970649E-005   2.0220483036581527E-004   1.0000000000000000E-002   1.2000000000000000E-002   1.0017298828180556        0.0000000000000000        1.0017298828180556        1.0000000000000000        6.9400066739805622E-310
  0.94499594328566594        2.1173738839779968E-005   1.7246866014630768E-004   1.0000000000000000E-002   1.2000000000000000E-002   1.0017281047486084        0.0000000000000000        1.0017281047486084        1.0000000000000000        6.9400066739805622E-310
  0.95499665879958484        1.7439069166563563E-005   1.4205045423576479E-004   1.0000000000000000E-002   1.2000000000000000E-002   1.0017266121547381        0.0000000000000000        1.0017266121547381        1.0000000000000000        6.9400066739805622E-310
  0.96499738750670483        1.3635593987665458E-005   1.1107055934811427E-004   1.0000000000000000E-002   1.2000000000000000E-002   1.0017254109366405        0.0000000000000000        1.0017254109366405        1.0000000000000000        6.9400066739805622E-310
  0.97499812652971707        9.7783204339762537E-006   7.9651354628396120E-005   1.0000000000000000E-002   1.2000000000000000E-002   1.0017245058429742        0.0000000000000000        1.0017245058429742        1.0000000000000000        6.9400066739805622E-310
  0.98499887295050403        5.8824666044813498E-006   4.7917167206534828E-005   1.0000000000000000E-002   1.2000000000000000E-002   1.0017239004520300        0.0000000000000000        1.0017239004520300        1.0000000000000000        6.9400066739805622E-310
  0.99499962382169282        1.9634044247655391E-006   1.5993474780984229E-005   1.0000000000000000E-002   1.2000000000000000E-002   1.0017235971570144        0.0000000000000000        1.0017235971570144        1.0000000000000000        6.9400066739805622E-310
   1.0050003761783075       -1.9634090585298540E-006  -1.6191672520982081E-005   1.0000000000000000E-002   1.2000000000000000E-002   1.0017235971570180        0.0000000000000000        1.0017235971570180        1.0000000000000000        6.9400066739805622E-310
   1.0150011270494961       -5.8824812309179905E-006  -4.8511007881835155E-005   1.0000000000000000E-002   1.2000000000000000E-002   1.0017239004520153        0.0000000000000000        1.0017239004520153        1.0000000000000000        6.9400066739805622E-310
   1.0250018734702837       -9.7783440526384623E-006  -8.0638492966578212E-005   1.0000000000000000E-002   1.2000000000000000E-002   1.0017245058430058        0.0000000000000000        1.0017245058430058        1.0000000000000000        6.9400066739805622E-310
   1.0350026124932947       -1.3635627134456468E-005  -1.1244707381230512E-004   1.0000000000000000E-002   1.2000000000000000E-002   1.0017254109366747        0.0000000000000000        1.0017254109366747        1.0000000000000000        6.9400066739805622E-310
   1.0450033412004149       -1.7439111243310872E-005  -1.4381094267701400E-004   1.0000000000000000E-002   1.2000000000000000E-002   1.0017266121546782        0.0000000000000000        1.0017266121546782        1.0000000000000000        6.9400066739805622E-310
  -5.0003761783071754E-003   1.9636422726413337E-006  -3.5767633061438002E+077   1.0000000000000000E-002   1.2000000000000000E-002   1.0017235971570144        0.0000000000000000        1.0017235971570144        1.0000000000000000        6.9400066739805622E-310
  -1.5001127049495966E-002   5.8831791966746026E-006   0.0000000000000000        1.0000000000000000E-002   1.2000000000000000E-002   1.0017239004520300        0.0000000000000000        1.0017239004520300        1.0000000000000000        6.9400066739805622E-310
  -2.5001873470282931E-002   9.7795049958637658E-006  -3.5767633061438002E+077   1.0000000000000000E-002   1.2000000000000000E-002   1.0017245058429742        0.0000000000000000        1.0017245058429742        1.0000000000000000        6.9400066739805622E-310
  -3.5002612493295171E-002   1.3637245813492511E-005   6.9400068546417920E-310   1.0000000000000000E-002   1.2000000000000000E-002   1.0017254109366405        0.0000000000000000        1.0017254109366405        1.0000000000000000        6.9400066739805622E-310
  -4.5003341200415159E-002   1.7441181771630447E-005   6.9400066883177543E-310   1.0000000000000000E-002   1.2000000000000000E-002   1.0017266121547381        0.0000000000000000        1.0017266121547381        1.0000000000000000        6.9400066739805622E-310
