 # x, v, a, m, h, rho, u, P, c, ke
  0.55200000000000116     
   4.9997874645207312E-003  -2.8191181277765107E-006   9.0323279948734125E-006   1.0000000000000000E-002   1.2000000000000000E-002   1.0018438158743992        0.0000000000000000        1.0018438158743992        1.0000000000000000        6.9400066739805622E-310
   1.4999363232416201E-002  -8.4462281253508139E-006   2.7061304630038308E-005   1.0000000000000000E-002   1.2000000000000000E-002   1.0018436445550736        0.0000000000000000        1.0018436445550736        1.0000000000000000        6.9400066739805622E-310
   2.4998941513557884E-002  -1.4040002515819373E-005   4.4983453391544970E-005   1.0000000000000000E-002   1.2000000000000000E-002   1.0018433025929658        0.0000000000000000        1.0018433025929658        1.0000000000000000        6.9400066739805622E-310
   3.4998523972418455E-002  -1.9578364062131863E-005   6.2727992887090522E-005   1.0000000000000000E-002   1.2000000000000000E-002   1.0018427913384498        0.0000000000000000        1.0018427913384498        1.0000000000000000        6.9400066739805622E-310
   4.4998112256975691E-002  -2.5039454106859353E-005   8.0224889484448170E-005   1.0000000000000000E-002   1.2000000000000000E-002   1.0018421128104049        0.0000000000000000        1.0018421128104049        1.0000000000000000        6.9400066739805622E-310
   5.4997707992210203E-002  -3.0401718924858097E-005   9.7405042174258938E-005   1.0000000000000000E-002   1.2000000000000000E-002   1.0018412696882375        0.0000000000000000        1.0018412696882375        1.0000000000000000        6.9400066739805622E-310
   6.4997312773686783E-002  -3.5643995051880090E-005   1.1420063949252324E-004   1.0000000000000000E-002   1.2000000000000000E-002   1.0018402653013310        0.0000000000000000        1.0018402653013310        1.0000000000000000        6.9400066739805622E-310
   7.4996928161257748E-002  -4.0745592587767001E-005   1.3054537827095203E-004   1.0000000000000000E-002   1.2000000000000000E-002   1.0018391036157415        0.0000000000000000        1.0018391036157415        1.0000000000000000        6.9400066739805622E-310
   8.4996555672905177E-002  -4.5686376984054483E-005   1.4637472874490243E-004   1.0000000000000000E-002   1.2000000000000000E-002   1.0018377892186208        0.0000000000000000        1.0018377892186208        1.0000000000000000        6.9400066739805622E-310
   9.4996196778747960E-002  -5.0446848484452164E-005   1.6162620429582830E-004   1.0000000000000000E-002   1.2000000000000000E-002   1.0018363273000670        0.0000000000000000        1.0018363273000670        1.0000000000000000        6.9400066739805622E-310
  0.10499585289523894       -5.5008219035019803E-005   1.7623960102230996E-004   1.0000000000000000E-002   1.2000000000000000E-002   1.0018347236325837        0.0000000000000000        1.0018347236325837        1.0000000000000000        6.9400066739805622E-310
  0.11499552537957337       -5.9352486600555074E-005   1.9015724964077663E-004   1.0000000000000000E-002   1.2000000000000000E-002   1.0018329845481975        0.0000000000000000        1.0018329845481975        1.0000000000000000        6.9400066739805622E-310
  0.12499521552433351       -6.3462506084281751E-005   2.0332420880997404E-004   1.0000000000000000E-002   1.2000000000000000E-002   1.0018311169134495        0.0000000000000000        1.0018311169134495        1.0000000000000000        6.9400066739805622E-310
  0.13499492455238590       -6.7322057101915051E-005   2.1568850442932330E-004   1.0000000000000000E-002   1.2000000000000000E-002   1.0018291281023470        0.0000000000000000        1.0018291281023470        1.0000000000000000        6.9400066739805622E-310
  0.14499465361205408       -7.0915907795500360E-005   2.2720135666531860E-004   1.0000000000000000E-002   1.2000000000000000E-002   1.0018270259670907        0.0000000000000000        1.0018270259670907        1.0000000000000000        6.9400066739805622E-310
  0.15499440377258877       -7.4229875068921903E-005   2.3781732887773188E-004   1.0000000000000000E-002   1.2000000000000000E-002   1.0018248188070351        0.0000000000000000        1.0018248188070351        1.0000000000000000        6.9400066739805622E-310
  0.16499417601994723       -7.7250880670739642E-005   2.4749454198413900E-004   1.0000000000000000E-002   1.2000000000000000E-002   1.0018225153359062        0.0000000000000000        1.0018225153359062        1.0000000000000000        6.9400066739805622E-310
  0.17499397125290431       -7.9967002716921159E-005   2.5619479744420914E-004   1.0000000000000000E-002   1.2000000000000000E-002   1.0018201246474148        0.0000000000000000        1.0018201246474148        1.0000000000000000        6.9400066739805622E-310
  0.18499379027950408       -8.2367522597879081E-005   2.6388378067121465E-004   1.0000000000000000E-002   1.2000000000000000E-002   1.0018176561793528        0.0000000000000000        1.0018176561793528        1.0000000000000000        6.9400066739805622E-310
  0.19499363381387250       -8.4442967486614872E-005   2.7053118956033018E-004   1.0000000000000000E-002   1.2000000000000000E-002   1.0018151196760796        0.0000000000000000        1.0018151196760796        1.0000000000000000        6.9400066739805622E-310
  0.20499350247340389       -8.6185147420651847E-005   2.7611077543721052E-004   1.0000000000000000E-002   1.2000000000000000E-002   1.0018125251502321        0.0000000000000000        1.0018125251502321        1.0000000000000000        6.9400066739805622E-310
  0.21499339677632126       -8.7587188051427241E-005   2.8060056148149215E-004   1.0000000000000000E-002   1.2000000000000000E-002   1.0018098828431912        0.0000000000000000        1.0018098828431912        1.0000000000000000        6.9400066739805622E-310
  0.22499331713963594       -8.8643557394418475E-005   2.8398285382280619E-004   1.0000000000000000E-002   1.2000000000000000E-002   1.0018072031844569        0.0000000000000000        1.0018072031844569        1.0000000000000000        6.9400066739805622E-310
  0.23499326387750361       -8.9350087780896975E-005   2.8624431527468630E-004   1.0000000000000000E-002   1.2000000000000000E-002   1.0018044967506476        0.0000000000000000        1.0018044967506476        1.0000000000000000        6.9400066739805622E-310
  0.24499323719998478       -8.9703992036969991E-005   2.8737606060680321E-004   1.0000000000000000E-002   1.2000000000000000E-002   1.0018017742236689        0.0000000000000000        1.0018017742236689        1.0000000000000000        6.9400066739805622E-310
  0.25499323721221961       -8.9703874866521667E-005   2.8737365589215358E-004   1.0000000000000000E-002   1.2000000000000000E-002   1.0017990463484610        0.0000000000000000        1.0017990463484610        1.0000000000000000        6.9400066739805622E-310
  0.26499326391401540       -8.9349738136168807E-005   2.8623713621112046E-004   1.0000000000000000E-002   1.2000000000000000E-002   1.0017963238906615        0.0000000000000000        1.0017963238906615        1.0000000000000000        6.9400066739805622E-310
  0.27499331719984932       -8.8642980923469604E-005   2.8397100894572702E-004   1.0000000000000000E-002   1.2000000000000000E-002   1.0017936175941518        0.0000000000000000        1.0017936175941518        1.0000000000000000        6.9400066739805622E-310
  0.28499339685928687       -8.7586393768504048E-005   2.8058423652055353E-004   1.0000000000000000E-002   1.2000000000000000E-002   1.0017909381387029        0.0000000000000000        1.0017909381387029        1.0000000000000000        6.9400066739805622E-310
  0.29499350257781304       -8.6184147820733369E-005   2.7609023633967666E-004   1.0000000000000000E-002   1.2000000000000000E-002   1.0017882960976876        0.0000000000000000        1.0017882960976876        1.0000000000000000        6.9400066739805622E-310
  0.30499363393807916       -8.4441778258839426E-005   2.7050674329753832E-004   1.0000000000000000E-002   1.2000000000000000E-002   1.0017857018964513        0.0000000000000000        1.0017857018964513        1.0000000000000000        6.9400066739805622E-310
  0.31499379042154846       -8.2366162650952796E-005   2.6385583204557861E-004   1.0000000000000000E-002   1.2000000000000000E-002   1.0017831657712499        0.0000000000000000        1.0017831657712499        1.0000000000000000        6.9400066739805622E-310
  0.32499397141054615       -7.9965493380344376E-005   2.5616378997206368E-004   1.0000000000000000E-002   1.2000000000000000E-002   1.0017806977286479        0.0000000000000000        1.0017806977286479        1.0000000000000000        6.9400066739805622E-310
  0.33499417619070149       -7.7249245820241379E-005   2.4746094222294346E-004   1.0000000000000000E-002   1.2000000000000000E-002   1.0017783075063955        0.0000000000000000        1.0017783075063955        1.0000000000000000        6.9400066739805622E-310
  0.34499440395376191       -7.4228140410822436E-005   2.3778168500676600E-004   1.0000000000000000E-002   1.2000000000000000E-002   1.0017760045349431        0.0000000000000000        1.0017760045349431        1.0000000000000000        6.9400066739805622E-310
  0.35499465380078932       -7.0914100783817671E-005   2.2716422020785387E-004   1.0000000000000000E-002   1.2000000000000000E-002   1.0017737979000862        0.0000000000000000        1.0017737979000862        1.0000000000000000        6.9400066739805622E-310
  0.36499492474570638       -6.7320206241071421E-005   2.1565046886529160E-004   1.0000000000000000E-002   1.2000000000000000E-002   1.0017716963072874        0.0000000000000000        1.0017716963072874        1.0000000000000000        6.9400066739805622E-310
  0.37499521571919059       -6.3460640524367167E-005   2.0328586809359450E-004   1.0000000000000000E-002   1.2000000000000000E-002   1.0017697080473282        0.0000000000000000        1.0017697080473282        1.0000000000000000        6.9400066739805622E-310
  0.38499552557289385       -5.9350635696271941E-005   1.9011920900435797E-004   1.0000000000000000E-002   1.2000000000000000E-002   1.0017678409637500        0.0000000000000000        1.0017678409637500        1.0000000000000000        6.9400066739805622E-310
  0.39499585308397345       -5.5006412060783459E-005   1.7620247461902494E-004   1.0000000000000000E-002   1.2000000000000000E-002   1.0017661024217963        0.0000000000000000        1.0017661024217963        1.0000000000000000        6.9400066739805622E-310
  0.40499619695992090       -5.0445113851838604E-005   1.6159056115760961E-004   1.0000000000000000E-002   1.2000000000000000E-002   1.0017644992794634        0.0000000000000000        1.0017644992794634        1.0000000000000000        6.9400066739805622E-310
  0.41499655584365958       -4.5684742030423927E-005   1.4634112898015417E-004   1.0000000000000000E-002   1.2000000000000000E-002   1.0017630378605835        0.0000000000000000        1.0017630378605835        1.0000000000000000        6.9400066739805622E-310
  0.42499692831890029       -4.0744083312548099E-005   1.3051436305566710E-004   1.0000000000000000E-002   1.2000000000000000E-002   1.0017617239297341        0.0000000000000000        1.0017617239297341        1.0000000000000000        6.9400066739805622E-310
  0.43499731291573152       -3.5642635101990904E-005   1.1417269341684744E-004   1.0000000000000000E-002   1.2000000000000000E-002   1.0017605626696306        0.0000000000000000        1.0017605626696306        1.0000000000000000        6.9400066739805622E-310
  0.44499770811641715       -3.0400529680865240E-005   9.7380602336549771E-005   1.0000000000000000E-002   1.2000000000000000E-002   1.0017595586607522        0.0000000000000000        1.0017595586607522        1.0000000000000000        6.9400066739805622E-310
  0.45499811236138582       -2.5038454429899489E-005   8.0204346356360645E-005   1.0000000000000000E-002   1.2000000000000000E-002   1.0017587158631891        0.0000000000000000        1.0017587158631891        1.0000000000000000        6.9400066739805622E-310
  0.46499852405538505       -1.9577569743580682E-005   6.2711670611115267E-005   1.0000000000000000E-002   1.2000000000000000E-002   1.0017580376011741        0.0000000000000000        1.0017580376011741        1.0000000000000000        6.9400066739805622E-310
  0.47499894157377293       -1.4039426089636842E-005   4.4971597878529224E-005   1.0000000000000000E-002   1.2000000000000000E-002   1.0017575265499801        0.0000000000000000        1.0017575265499801        1.0000000000000000        6.9400066739805622E-310
  0.48499936326892884       -8.4458784734689607E-006   2.7054133386883450E-005   1.0000000000000000E-002   1.2000000000000000E-002   1.0017571847251903        0.0000000000000000        1.0017571847251903        1.0000000000000000        6.9400066739805622E-310
  0.49499978747675671       -2.8190010050159621E-006   9.0299130626192436E-006   1.0000000000000000E-002   1.2000000000000000E-002   1.0017570134750453        0.0000000000000000        1.0017570134750453        1.0000000000000000        6.9400066739805622E-310
  0.50500021252324434        2.8190009571971685E-006  -9.0299309176700149E-006   1.0000000000000000E-002   1.2000000000000000E-002   1.0017570134751319        0.0000000000000000        1.0017570134751319        1.0000000000000000        6.9400066739805622E-310
  0.51500063673107010        8.4458784478958332E-006  -2.7054107244239844E-005   1.0000000000000000E-002   1.2000000000000000E-002   1.0017571847252291        0.0000000000000000        1.0017571847252291        1.0000000000000000        6.9400066739805622E-310
  0.52500105842622735        1.4039426034634455E-005  -4.4971607498389687E-005   1.0000000000000000E-002   1.2000000000000000E-002   1.0017575265499479        0.0000000000000000        1.0017575265499479        1.0000000000000000        6.9400066739805622E-310
  0.53500147594461467        1.9577569836652872E-005  -6.2711662875081231E-005   1.0000000000000000E-002   1.2000000000000000E-002   1.0017580376011548        0.0000000000000000        1.0017580376011548        1.0000000000000000        6.9400066739805622E-310
  0.54500188763861479        2.5038454415346866E-005  -8.0204354943269607E-005   1.0000000000000000E-002   1.2000000000000000E-002   1.0017587158631680        0.0000000000000000        1.0017587158631680        1.0000000000000000        6.9400066739805622E-310
  0.55500229188358308        3.0400529784973978E-005  -9.7380602224639290E-005   1.0000000000000000E-002   1.2000000000000000E-002   1.0017595586607735        0.0000000000000000        1.0017595586607735        1.0000000000000000        6.9400066739805622E-310
  0.56500268708426860        3.5642635079216594E-005  -1.1417269407498765E-004   1.0000000000000000E-002   1.2000000000000000E-002   1.0017605626696511        0.0000000000000000        1.0017605626696511        1.0000000000000000        6.9400066739805622E-310
  0.57500307168109954        4.0744083159914930E-005  -1.3051436205024913E-004   1.0000000000000000E-002   1.2000000000000000E-002   1.0017617239297552        0.0000000000000000        1.0017617239297552        1.0000000000000000        6.9400066739805622E-310
  0.58500344415634009        4.5684742227848957E-005  -1.4634112710787406E-004   1.0000000000000000E-002   1.2000000000000000E-002   1.0017630378605904        0.0000000000000000        1.0017630378605904        1.0000000000000000        6.9400066739805622E-310
  0.59500380304007883        5.0445113795127762E-005  -1.6159056099596114E-004   1.0000000000000000E-002   1.2000000000000000E-002   1.0017644992794623        0.0000000000000000        1.0017644992794623        1.0000000000000000        6.9400066739805622E-310
  0.60500414691602622        5.5006412047200730E-005  -1.7620247134697564E-004   1.0000000000000000E-002   1.2000000000000000E-002   1.0017661024217783        0.0000000000000000        1.0017661024217783        1.0000000000000000        6.9400066739805622E-310
  0.61500447442710626        5.9350635698854335E-005  -1.9011921408829124E-004   1.0000000000000000E-002   1.2000000000000000E-002   1.0017678409637392        0.0000000000000000        1.0017678409637392        1.0000000000000000        6.9400066739805622E-310
  0.62500478428080930        6.3460640458039391E-005  -2.0328586535800497E-004   1.0000000000000000E-002   1.2000000000000000E-002   1.0017697080473296        0.0000000000000000        1.0017697080473296        1.0000000000000000        6.9400066739805622E-310
  0.63500507525429362        6.7320206268452011E-005  -2.1565046394389498E-004   1.0000000000000000E-002   1.2000000000000000E-002   1.0017716963072556        0.0000000000000000        1.0017716963072556        1.0000000000000000        6.9400066739805622E-310
  0.64500534619921124        7.0914100783697068E-005  -2.2716422629631694E-004   1.0000000000000000E-002   1.2000000000000000E-002   1.0017737979000563        0.0000000000000000        1.0017737979000563        1.0000000000000000        6.9400066739805622E-310
  0.65500559604623887        7.4228140400975495E-005  -2.3778170140253962E-004   1.0000000000000000E-002   1.2000000000000000E-002   1.0017760045350173        0.0000000000000000        1.0017760045350173        1.0000000000000000        6.9400066739805622E-310
  0.66500582380929740        7.7249245860137037E-005  -2.4746092227356797E-004   1.0000000000000000E-002   1.2000000000000000E-002   1.0017783075064530        0.0000000000000000        1.0017783075064530        1.0000000000000000        6.9400066739805622E-310
  0.67500602858945336        7.9965493439569625E-005  -2.5616378824278030E-004   1.0000000000000000E-002   1.2000000000000000E-002   1.0017806977286052        0.0000000000000000        1.0017806977286052        1.0000000000000000        6.9400066739805622E-310
  0.68500620957845149        8.2366162553632288E-005  -2.6385583636390209E-004   1.0000000000000000E-002   1.2000000000000000E-002   1.0017831657712246        0.0000000000000000        1.0017831657712246        1.0000000000000000        6.9400066739805622E-310
  0.69500636606192079        8.4441778352831556E-005  -2.7050674066053659E-004   1.0000000000000000E-002   1.2000000000000000E-002   1.0017857018964298        0.0000000000000000        1.0017857018964298        1.0000000000000000        6.9400066739805622E-310
  0.70500649742218735        8.6184147766067774E-005  -2.7609024340868871E-004   1.0000000000000000E-002   1.2000000000000000E-002   1.0017882960976852        0.0000000000000000        1.0017882960976852        1.0000000000000000        6.9400066739805622E-310
  0.71500660314071318        8.7586393657979083E-005  -2.8058424044541397E-004   1.0000000000000000E-002   1.2000000000000000E-002   1.0017909381387502        0.0000000000000000        1.0017909381387502        1.0000000000000000        6.9400066739805622E-310
  0.72500668280015002        8.8642981006609411E-005  -2.8397099880361765E-004   1.0000000000000000E-002   1.2000000000000000E-002   1.0017936175941740        0.0000000000000000        1.0017936175941740        1.0000000000000000        6.9400066739805622E-310
  0.73500673608598410        8.9349738188164581E-005  -2.8623712868913742E-004   1.0000000000000000E-002   1.2000000000000000E-002   1.0017963238905985        0.0000000000000000        1.0017963238905985        1.0000000000000000        6.9400066739805622E-310
  0.74500676278778122        8.9703874779262447E-005  -2.8737367385645030E-004   1.0000000000000000E-002   1.2000000000000000E-002   1.0017990463484523        0.0000000000000000        1.0017990463484523        1.0000000000000000        6.9400066739805622E-310
  0.75500676280001477        8.9703992022398179E-005  -2.8737604393125338E-004   1.0000000000000000E-002   1.2000000000000000E-002   1.0018017742236622        0.0000000000000000        1.0018017742236622        1.0000000000000000        6.9400066739805622E-310
  0.76500673612249737        8.9350087810336818E-005  -2.8624433318036324E-004   1.0000000000000000E-002   1.2000000000000000E-002   1.0018044967506441        0.0000000000000000        1.0018044967506441        1.0000000000000000        6.9400066739805622E-310
  0.77500668286036378        8.8643557474123313E-005  -2.8398284629194137E-004   1.0000000000000000E-002   1.2000000000000000E-002   1.0018072031845064        0.0000000000000000        1.0018072031845064        1.0000000000000000        6.9400066739805622E-310
  0.78500660322367855        8.7587188027743928E-005  -2.8060055798828643E-004   1.0000000000000000E-002   1.2000000000000000E-002   1.0018098828431852        0.0000000000000000        1.0018098828431852        1.0000000000000000        6.9400066739805622E-310
  0.79500649752659602        8.6185147486777107E-005  -2.7611077353117963E-004   1.0000000000000000E-002   1.2000000000000000E-002   1.0018125251502059        0.0000000000000000        1.0018125251502059        1.0000000000000000        6.9400066739805622E-310
  0.80500636618612786        8.4442967413645152E-005  -2.7053119392039804E-004   1.0000000000000000E-002   1.2000000000000000E-002   1.0018151196760623        0.0000000000000000        1.0018151196760623        1.0000000000000000        6.9400066739805622E-310
  0.81500620972049620        8.2367522542232052E-005  -2.6388378074493346E-004   1.0000000000000000E-002   1.2000000000000000E-002   1.0018176561793564        0.0000000000000000        1.0018176561793564        1.0000000000000000        6.9400066739805622E-310
  0.82500602874709594        7.9967002763197740E-005  -2.5619479668304024E-004   1.0000000000000000E-002   1.2000000000000000E-002   1.0018201246474145        0.0000000000000000        1.0018201246474145        1.0000000000000000        6.9400066739805622E-310
  0.83500582398005307        7.7250880680459786E-005  -2.4749454441685970E-004   1.0000000000000000E-002   1.2000000000000000E-002   1.0018225153359135        0.0000000000000000        1.0018225153359135        1.0000000000000000        6.9400066739805622E-310
  0.84500559622741134        7.4229875006357515E-005  -2.3781732911931641E-004   1.0000000000000000E-002   1.2000000000000000E-002   1.0018248188070551        0.0000000000000000        1.0018248188070551        1.0000000000000000        6.9400066739805622E-310
  0.85500534638794579        7.0915907896890068E-005  -2.2720135204679082E-004   1.0000000000000000E-002   1.2000000000000000E-002   1.0018270259670923        0.0000000000000000        1.0018270259670923        1.0000000000000000        6.9400066739805622E-310
  0.86500507544761418        6.7322057011544781E-005  -2.1568850620212743E-004   1.0000000000000000E-002   1.2000000000000000E-002   1.0018291281023317        0.0000000000000000        1.0018291281023317        1.0000000000000000        6.9400066739805622E-310
  0.87500478447566676        6.3462506168909504E-005  -2.0332421610014251E-004   1.0000000000000000E-002   1.2000000000000000E-002   1.0018311169134793        0.0000000000000000        1.0018311169134793        1.0000000000000000        6.9400066739805622E-310
  0.88500447462042597        5.9352486603197193E-005  -1.9015723452131539E-004   1.0000000000000000E-002   1.2000000000000000E-002   1.0018329845481904        0.0000000000000000        1.0018329845481904        1.0000000000000000        6.9400066739805622E-310
  0.89500414710476150        5.5008218983453569E-005  -1.7623961096191465E-004   1.0000000000000000E-002   1.2000000000000000E-002   1.0018347236325515        0.0000000000000000        1.0018347236325515        1.0000000000000000        6.9400066739805622E-310
  0.90500380322125218        5.0446848478488903E-005  -1.6162620680137962E-004   1.0000000000000000E-002   1.2000000000000000E-002   1.0018363273000943        0.0000000000000000        1.0018363273000943        1.0000000000000000        6.9400066739805622E-310
  0.91500344432709457        4.5686376915313708E-005  -1.4637472122025486E-004   1.0000000000000000E-002   1.2000000000000000E-002   1.0018377892186237        0.0000000000000000        1.0018377892186237        1.0000000000000000        6.9400066739805622E-310
  0.92500307183874231        4.0745592607985467E-005  -1.3054537688272916E-004   1.0000000000000000E-002   1.2000000000000000E-002   1.0018391036157044        0.0000000000000000        1.0018391036157044        1.0000000000000000        6.9400066739805622E-310
  0.93500268722631386        3.5643995070693952E-005  -1.1420065124312373E-004   1.0000000000000000E-002   1.2000000000000000E-002   1.0018402653013416        0.0000000000000000        1.0018402653013416        1.0000000000000000        6.9400066739805622E-310
  0.94500229200778962        3.0401718939445943E-005  -9.7405039263698256E-005   1.0000000000000000E-002   1.2000000000000000E-002   1.0018412696882875        0.0000000000000000        1.0018412696882875        1.0000000000000000        6.9400066739805622E-310
  0.95500188774302386        2.5039454150562065E-005  -8.0224887457625016E-005   1.0000000000000000E-002   1.2000000000000000E-002   1.0018421128104298        0.0000000000000000        1.0018421128104298        1.0000000000000000        6.9400066739805622E-310
  0.96500147602758091        1.9578364024923189E-005  -6.2727988241917387E-005   1.0000000000000000E-002   1.2000000000000000E-002   1.0018427913384502        0.0000000000000000        1.0018427913384502        1.0000000000000000        6.9400066739805622E-310
  0.97500105848644159        1.4040002439306691E-005  -4.4983447947899435E-005   1.0000000000000000E-002   1.2000000000000000E-002   1.0018433025929168        0.0000000000000000        1.0018433025929168        1.0000000000000000        6.9400066739805622E-310
  0.98500063676758431        8.4462281721815630E-006  -2.7061323087274047E-005   1.0000000000000000E-002   1.2000000000000000E-002   1.0018436445550822        0.0000000000000000        1.0018436445550822        1.0000000000000000        6.9400066739805622E-310
  0.99500021253547855        2.8191181623994750E-006  -9.0323184176455129E-006   1.0000000000000000E-002   1.2000000000000000E-002   1.0018438158744514        0.0000000000000000        1.0018438158744514        1.0000000000000000        6.9400066739805622E-310
   1.0049997874645207       -2.8191155574219150E-006   8.7436902758142310E-006   1.0000000000000000E-002   1.2000000000000000E-002   1.0018438158743992        0.0000000000000000        1.0018438158743992        1.0000000000000000        6.9400066739805622E-310
   1.0149993632324161       -8.4462204295334978E-006   2.6196521719867860E-005   1.0000000000000000E-002   1.2000000000000000E-002   1.0018436445550736        0.0000000000000000        1.0018436445550736        1.0000000000000000        6.9400066739805622E-310
   1.0249989415135579       -1.4039989721813520E-005   4.3545945789702500E-005   1.0000000000000000E-002   1.2000000000000000E-002   1.0018433025929658        0.0000000000000000        1.0018433025929658        1.0000000000000000        6.9400066739805622E-310
   1.0349985239724184       -1.9578346222393641E-005   6.0723434772036455E-005   1.0000000000000000E-002   1.2000000000000000E-002   1.0018427913384498        0.0000000000000000        1.0018427913384498        1.0000000000000000        6.9400066739805622E-310
   1.0449981122569756       -2.5039431290003747E-005   7.7661191625111314E-005   1.0000000000000000E-002   1.2000000000000000E-002   1.0018421128104049        0.0000000000000000        1.0018421128104049        1.0000000000000000        6.9400066739805622E-310
  -4.9997874645214546E-003   2.8194645264750289E-006  -3.5767633061438002E+077   1.0000000000000000E-002   1.2000000000000000E-002   1.0018438158744514        0.0000000000000000        1.0018438158744514        1.0000000000000000        6.9400066739805622E-310
  -1.4999363232415686E-002   8.4472659174931124E-006   0.0000000000000000        1.0000000000000000E-002   1.2000000000000000E-002   1.0018436445550822        0.0000000000000000        1.0018436445550822        1.0000000000000000        6.9400066739805622E-310
  -2.4998941513558415E-002   1.4041727443081712E-005  -3.5767633061438002E+077   1.0000000000000000E-002   1.2000000000000000E-002   1.0018433025929168        0.0000000000000000        1.0018433025929168        1.0000000000000000        6.9400066739805622E-310
  -3.4998523972419093E-002   1.9580769493061466E-005   6.9400068546417920E-310   1.0000000000000000E-002   1.2000000000000000E-002   1.0018427913384502        0.0000000000000000        1.0018427913384502        1.0000000000000000        6.9400066739805622E-310
  -4.4998112256976142E-002   2.5042530590452104E-005   6.9400066883177543E-310   1.0000000000000000E-002   1.2000000000000000E-002   1.0018421128104298        0.0000000000000000        1.0018421128104298        1.0000000000000000        6.9400066739805622E-310
