 # x, v, a, m, h, rho, u, P, c, ke
   2.1503999999999870     
   5.0004784477137576E-003   3.7397976411781811E-007  -2.0329656972961629E-005   1.0000000000000000E-002   1.2000000000000000E-002   1.0017027160766219        0.0000000000000000        1.0017027160766219        1.0000000000000000        6.9400066739805622E-310
   1.5001433454967593E-002   1.1204577970299799E-006  -6.0908736098319594E-005   1.0000000000000000E-002   1.2000000000000000E-002   1.0017031015899100        0.0000000000000000        1.0017031015899100        1.0000000000000000        6.9400066739805622E-310
   2.5002382805150672E-002   1.8624982968184292E-006  -1.0124744546491371E-004   1.0000000000000000E-002   1.2000000000000000E-002   1.0017038710957615        0.0000000000000000        1.0017038710957615        1.0000000000000000        6.9400066739805622E-310
   3.5003322751696236E-002   2.5971622233128310E-006  -1.4118673540064464E-004   1.0000000000000000E-002   1.2000000000000000E-002   1.0017050215595198        0.0000000000000000        1.0017050215595198        1.0000000000000000        6.9400066739805622E-310
   4.5004249585135901E-002   3.3215408195265545E-006  -1.8056888458595211E-004   1.0000000000000000E-002   1.2000000000000000E-002   1.0017065484439269        0.0000000000000000        1.0017065484439269        1.0000000000000000        6.9400066739805622E-310
   5.5005159647757103E-002   4.0327658353791349E-006  -2.1923858342987046E-004   1.0000000000000000E-002   1.2000000000000000E-002   1.0017084457268954        0.0000000000000000        1.0017084457268954        1.0000000000000000        6.9400066739805622E-310
   6.5006049348022926E-002   4.7280217729394782E-006  -2.5704319599473280E-004   1.0000000000000000E-002   1.2000000000000000E-002   1.0017107059255854        0.0000000000000000        1.0017107059255854        1.0000000000000000        6.9400066739805622E-310
   7.5006915174755079E-002   5.4045573077544651E-006  -2.9383359629875372E-004   1.0000000000000000E-002   1.2000000000000000E-002   1.0017133201256370        0.0000000000000000        1.0017133201256370        1.0000000000000000        6.9400066739805622E-310
   8.5007753710981890E-002   6.0596953115489767E-006  -3.2946457516391803E-004   1.0000000000000000E-002   1.2000000000000000E-002   1.0017162780163944        0.0000000000000000        1.0017162780163944        1.0000000000000000        6.9400066739805622E-310
   9.5008561647428463E-002   6.6908450581279208E-006  -3.6379554336907205E-004   1.0000000000000000E-002   1.2000000000000000E-002   1.0017195679312858        0.0000000000000000        1.0017195679312858        1.0000000000000000        6.9400066739805622E-310
  0.10500933579557400        7.2955112599187819E-006  -3.9669103882022938E-004   1.0000000000000000E-002   1.2000000000000000E-002   1.0017231768940158        0.0000000000000000        1.0017231768940158        1.0000000000000000        6.9400066739805622E-310
  0.11501007310023367        7.8713039396026135E-006  -4.2802122735619008E-004   1.0000000000000000E-002   1.2000000000000000E-002   1.0017270906694824        0.0000000000000000        1.0017270906694824        1.0000000000000000        6.9400066739805622E-310
  0.12501077065161820        8.4159490117126725E-006  -4.5766247363410173E-004   1.0000000000000000E-002   1.2000000000000000E-002   1.0017312938198113        0.0000000000000000        1.0017312938198113        1.0000000000000000        6.9400066739805622E-310
  0.13501142569681621        8.9272963588284632E-006  -4.8549779946149840E-004   1.0000000000000000E-002   1.2000000000000000E-002   1.0017357697652529        0.0000000000000000        1.0017357697652529        1.0000000000000000        6.9400066739805622E-310
  0.14501203565065904        9.4033284000129748E-006  -5.1141736319948450E-004   1.0000000000000000E-002   1.2000000000000000E-002   1.0017405008495133        0.0000000000000000        1.0017405008495133        1.0000000000000000        6.9400066739805622E-310
  0.15501259810592197        9.8421684815158040E-006  -5.3531887344426821E-004   1.0000000000000000E-002   1.2000000000000000E-002   1.0017454684093530        0.0000000000000000        1.0017454684093530        1.0000000000000000        6.9400066739805622E-310
  0.16501311084282350        1.0242088103871034E-005  -5.5710795597274654E-004   1.0000000000000000E-002   1.2000000000000000E-002   1.0017506528478965        0.0000000000000000        1.0017506528478965        1.0000000000000000        6.9400066739805622E-310
  0.17501357183779001        1.0601513458227009E-005  -5.7669860499220960E-004   1.0000000000000000E-002   1.2000000000000000E-002   1.0017560337117977        0.0000000000000000        1.0017560337117977        1.0000000000000000        6.9400066739805622E-310
  0.18501397927144281        1.0919031659014282E-005  -5.9401353002197510E-004   1.0000000000000000E-002   1.2000000000000000E-002   1.0017615897722201        0.0000000000000000        1.0017615897722201        1.0000000000000000        6.9400066739805622E-310
  0.19501433153577355        1.1193396261829071E-005  -6.0898434308054306E-004   1.0000000000000000E-002   1.2000000000000000E-002   1.0017672991083362        0.0000000000000000        1.0017672991083362        1.0000000000000000        6.9400066739805622E-310
  0.20501462724049618        1.1423532275674024E-005  -6.2155195287783016E-004   1.0000000000000000E-002   1.2000000000000000E-002   1.0017731391936331        0.0000000000000000        1.0017731391936331        1.0000000000000000        6.9400066739805622E-310
  0.21501486521853130        1.1608539894259814E-005  -6.3166670880310249E-004   1.0000000000000000E-002   1.2000000000000000E-002   1.0017790869847645        0.0000000000000000        1.0017790869847645        1.0000000000000000        6.9400066739805622E-310
  0.22501504453061705        1.1747698525894273E-005  -6.3928868339413469E-004   1.0000000000000000E-002   1.2000000000000000E-002   1.0017851190124181        0.0000000000000000        1.0017851190124181        1.0000000000000000        6.9400066739805622E-310
  0.23501516446901391        1.1840468182163123E-005  -6.4438775169506357E-004   1.0000000000000000E-002   1.2000000000000000E-002   1.0017912114739576        0.0000000000000000        1.0017912114739576        1.0000000000000000        6.9400066739805622E-310
  0.24501522456030078        1.1886493180696766E-005  -6.4694376507112850E-004   1.0000000000000000E-002   1.2000000000000000E-002   1.0017973403272027        0.0000000000000000        1.0017973403272027        1.0000000000000000        6.9400066739805622E-310
  0.25501522456724496        1.1885602680625184E-005  -6.4694664753250919E-004   1.0000000000000000E-002   1.2000000000000000E-002   1.0018034813856107        0.0000000000000000        1.0018034813856107        1.0000000000000000        6.9400066739805622E-310
  0.26501516448973228        1.1837810591304201E-005  -6.4439625736500972E-004   1.0000000000000000E-002   1.2000000000000000E-002   1.0018096104131806        0.0000000000000000        1.0018096104131806        1.0000000000000000        6.9400066739805622E-310
  0.27501504456478271        1.1743315446385216E-005  -6.3930269652434646E-004   1.0000000000000000E-002   1.2000000000000000E-002   1.0018157032202581        0.0000000000000000        1.0018157032202581        1.0000000000000000        6.9400066739805622E-310
  0.28501486526560443        1.1602500982700754E-005  -6.3168598868834636E-004   1.0000000000000000E-002   1.2000000000000000E-002   1.0018217357592358        0.0000000000000000        1.0018217357592358        1.0000000000000000        6.9400066739805622E-310
  0.29501462729973671        1.1415932576859338E-005  -6.2157623719905075E-004   1.0000000000000000E-002   1.2000000000000000E-002   1.0018276842194795        0.0000000000000000        1.0018276842194795        1.0000000000000000        6.9400066739805622E-310
  0.30501433160624780        1.1184355745687482E-005  -6.0901325765705394E-004   1.0000000000000000E-002   1.2000000000000000E-002   1.0018335251213772        0.0000000000000000        1.0018335251213772        1.0000000000000000        6.9400066739805622E-310
  0.31501397935203707        1.0908692605279437E-005  -5.9404656859030069E-004   1.0000000000000000E-002   1.2000000000000000E-002   1.0018392354085004        0.0000000000000000        1.0018392354085004        1.0000000000000000        6.9400066739805622E-310
  0.32501357192723435        1.0590039064631860E-005  -5.7673527978696626E-004   1.0000000000000000E-002   1.2000000000000000E-002   1.0018447925392642        0.0000000000000000        1.0018447925392642        1.0000000000000000        6.9400066739805622E-310
  0.33501311093970709        1.0229659477493503E-005  -5.5714767986536629E-004   1.0000000000000000E-002   1.2000000000000000E-002   1.0018501745760919        0.0000000000000000        1.0018501745760919        1.0000000000000000        6.9400066739805622E-310
  0.34501259820871655        9.8289812222048313E-006  -5.3536100365203509E-004   1.0000000000000000E-002   1.2000000000000000E-002   1.0018553602715055        0.0000000000000000        1.0018553602715055        1.0000000000000000        6.9400066739805622E-310
  0.35501203575774587        9.3895907587046785E-006  -5.1146128711465622E-004   1.0000000000000000E-002   1.2000000000000000E-002   1.0018603291525219        0.0000000000000000        1.0018603291525219        1.0000000000000000        6.9400066739805622E-310
  0.36501142580650398        8.9132249243020255E-006  -4.8554276527479345E-004   1.0000000000000000E-002   1.2000000000000000E-002   1.0018650616013860        0.0000000000000000        1.0018650616013860        1.0000000000000000        6.9400066739805622E-310
  0.37501077076217859        8.4017659138157682E-006  -4.5770781541865091E-004   1.0000000000000000E-002   1.2000000000000000E-002   1.0018695389332608        0.0000000000000000        1.0018695389332608        1.0000000000000000        6.9400066739805622E-310
  0.38501007320992164        7.8572328073815316E-006  -4.2806620320767763E-004   1.0000000000000000E-002   1.2000000000000000E-002   1.0018737434700784        0.0000000000000000        1.0018737434700784        1.0000000000000000        6.9400066739805622E-310
  0.39500933590265969        7.2817736547384186E-006  -3.9673493900060919E-004   1.0000000000000000E-002   1.2000000000000000E-002   1.0018776586100839        0.0000000000000000        1.0018776586100839        1.0000000000000000        6.9400066739805622E-310
  0.40500856175022359        6.6776580523748404E-006  -3.6383768449965714E-004   1.0000000000000000E-002   1.2000000000000000E-002   1.0018812688939305        0.0000000000000000        1.0018812688939305        1.0000000000000000        6.9400066739805622E-310
  0.41500775380786614        6.0472665234019039E-006  -3.2950430725620095E-004   1.0000000000000000E-002   1.2000000000000000E-002   1.0018845600657840        0.0000000000000000        1.0018845600657840        1.0000000000000000        6.9400066739805622E-310
  0.42500691526419954        5.3930827874296359E-006  -2.9387026984029063E-004   1.0000000000000000E-002   1.2000000000000000E-002   1.0018875191294927        0.0000000000000000        1.0018875191294927        1.0000000000000000        6.9400066739805622E-310
  0.43500604942861709        4.7176827237588668E-006  -2.5707623833071125E-004   1.0000000000000000E-002   1.2000000000000000E-002   1.0018901343999005        0.0000000000000000        1.0018901343999005        1.0000000000000000        6.9400066739805622E-310
  0.44500515971823035        4.0237251194464010E-006  -2.1926748652045802E-004   1.0000000000000000E-002   1.2000000000000000E-002   1.0018923955495629        0.0000000000000000        1.0018923955495629        1.0000000000000000        6.9400066739805622E-310
  0.45500424964437591        3.3139411190767127E-006  -1.8059316570973039E-004   1.0000000000000000E-002   1.2000000000000000E-002   1.0018942936490709        0.0000000000000000        1.0018942936490709        1.0000000000000000        6.9400066739805622E-310
  0.46500332279876927        2.5911234365515272E-006  -1.4120602096046042E-004   1.0000000000000000E-002   1.2000000000000000E-002   1.0018958212025941        0.0000000000000000        1.0018958212025941        1.0000000000000000        6.9400066739805622E-310
  0.47500238283931689        1.8581155135556817E-006  -1.0126149635691917E-004   1.0000000000000000E-002   1.2000000000000000E-002   1.0018969721778650        0.0000000000000000        1.0018969721778650        1.0000000000000000        6.9400066739805622E-310
  0.48500143347568264        1.1177999814037435E-006  -6.0917200136678673E-005   1.0000000000000000E-002   1.2000000000000000E-002   1.0018977420292550        0.0000000000000000        1.0018977420292550        1.0000000000000000        6.9400066739805622E-310
  0.49500047845465472        3.7308912099375372E-007  -2.0332487923546694E-005   1.0000000000000000E-002   1.2000000000000000E-002   1.0018981277164309        0.0000000000000000        1.0018981277164309        1.0000000000000000        6.9400066739805622E-310
  0.50499952154534411       -3.7308893295960898E-007   2.0332486132979000E-005   1.0000000000000000E-002   1.2000000000000000E-002   1.0018981277164436        0.0000000000000000        1.0018981277164436        1.0000000000000000        6.9400066739805622E-310
  0.51499856652431575       -1.1178003565149047E-006   6.0917216541334085E-005   1.0000000000000000E-002   1.2000000000000000E-002   1.0018977420291937        0.0000000000000000        1.0018977420291937        1.0000000000000000        6.9400066739805622E-310
  0.52499761716068327       -1.8581152694682606E-006   1.0126148105005228E-004   1.0000000000000000E-002   1.2000000000000000E-002   1.0018969721778015        0.0000000000000000        1.0018969721778015        1.0000000000000000        6.9400066739805622E-310
  0.53499667720123045       -2.5911234742035660E-006   1.4120602536937810E-004   1.0000000000000000E-002   1.2000000000000000E-002   1.0018958212025812        0.0000000000000000        1.0018958212025812        1.0000000000000000        6.9400066739805622E-310
  0.54499575035562442       -3.3139413268720983E-006   1.8059315943386167E-004   1.0000000000000000E-002   1.2000000000000000E-002   1.0018942936490614        0.0000000000000000        1.0018942936490614        1.0000000000000000        6.9400066739805622E-310
  0.55499484028176960       -4.0237248977858239E-006   2.1926749064604678E-004   1.0000000000000000E-002   1.2000000000000000E-002   1.0018923955495693        0.0000000000000000        1.0018923955495693        1.0000000000000000        6.9400066739805622E-310
  0.56499395057138302       -4.7176827650443022E-006   2.5707624054849276E-004   1.0000000000000000E-002   1.2000000000000000E-002   1.0018901343998756        0.0000000000000000        1.0018901343998756        1.0000000000000000        6.9400066739805622E-310
  0.57499308473580102       -5.3930828125381514E-006   2.9387025879845652E-004   1.0000000000000000E-002   1.2000000000000000E-002   1.0018875191295058        0.0000000000000000        1.0018875191295058        1.0000000000000000        6.9400066739805622E-310
  0.58499224619213375       -6.0472665008844851E-006   3.2950430802802799E-004   1.0000000000000000E-002   1.2000000000000000E-002   1.0018845600658488        0.0000000000000000        1.0018845600658488        1.0000000000000000        6.9400066739805622E-310
  0.59499143824977541       -6.6776579802916327E-006   3.6383770559833550E-004   1.0000000000000000E-002   1.2000000000000000E-002   1.0018812688938905        0.0000000000000000        1.0018812688938905        1.0000000000000000        6.9400066739805622E-310
  0.60499066409734115       -7.2817736430004596E-006   3.9673492443004221E-004   1.0000000000000000E-002   1.2000000000000000E-002   1.0018776586100209        0.0000000000000000        1.0018776586100209        1.0000000000000000        6.9400066739805622E-310
  0.61498992679007869       -7.8572327134396502E-006   4.2806620815838414E-004   1.0000000000000000E-002   1.2000000000000000E-002   1.0018737434700551        0.0000000000000000        1.0018737434700551        1.0000000000000000        6.9400066739805622E-310
  0.62498922923782274       -8.4017659349379323E-006   4.5770779663367733E-004   1.0000000000000000E-002   1.2000000000000000E-002   1.0018695389332981        0.0000000000000000        1.0018695389332981        1.0000000000000000        6.9400066739805622E-310
  0.63498857419349553       -8.9132249720070550E-006   4.8554278640100534E-004   1.0000000000000000E-002   1.2000000000000000E-002   1.0018650616014182        0.0000000000000000        1.0018650616014182        1.0000000000000000        6.9400066739805622E-310
  0.64498796424225469       -9.3895906918613699E-006   5.1146128351398090E-004   1.0000000000000000E-002   1.2000000000000000E-002   1.0018603291524710        0.0000000000000000        1.0018603291524710        1.0000000000000000        6.9400066739805622E-310
  0.65498740179128423       -9.8289814487946286E-006   5.3536099352591293E-004   1.0000000000000000E-002   1.2000000000000000E-002   1.0018553602715221        0.0000000000000000        1.0018553602715221        1.0000000000000000        6.9400066739805622E-310
  0.66498688906029313       -1.0229659252027846E-005   5.5714767338521654E-004   1.0000000000000000E-002   1.2000000000000000E-002   1.0018501745761774        0.0000000000000000        1.0018501745761774        1.0000000000000000        6.9400066739805622E-310
  0.67498642807276465       -1.0590039235969891E-005   5.7673528654689221E-004   1.0000000000000000E-002   1.2000000000000000E-002   1.0018447925393492        0.0000000000000000        1.0018447925393492        1.0000000000000000        6.9400066739805622E-310
  0.68498602064796132       -1.0908692484562168E-005   5.9404658520634257E-004   1.0000000000000000E-002   1.2000000000000000E-002   1.0018392354084837        0.0000000000000000        1.0018392354084837        1.0000000000000000        6.9400066739805622E-310
  0.69498566839375153       -1.1184355635872354E-005   6.0901325870243994E-004   1.0000000000000000E-002   1.2000000000000000E-002   1.0018335251212729        0.0000000000000000        1.0018335251212729        1.0000000000000000        6.9400066739805622E-310
  0.70498537270026407       -1.1415932631143049E-005   6.2157621559588705E-004   1.0000000000000000E-002   1.2000000000000000E-002   1.0018276842194749        0.0000000000000000        1.0018276842194749        1.0000000000000000        6.9400066739805622E-310
  0.71498513473439473       -1.1602501108922756E-005   6.3168601679830516E-004   1.0000000000000000E-002   1.2000000000000000E-002   1.0018217357591961        0.0000000000000000        1.0018217357591961        1.0000000000000000        6.9400066739805622E-310
  0.72498495543521879       -1.1743315499342551E-005   6.3930268594969419E-004   1.0000000000000000E-002   1.2000000000000000E-002   1.0018157032201460        0.0000000000000000        1.0018157032201460        1.0000000000000000        6.9400066739805622E-310
  0.73498483551026927       -1.1837810443085568E-005   6.4439625469336903E-004   1.0000000000000000E-002   1.2000000000000000E-002   1.0018096104131213        0.0000000000000000        1.0018096104131213        1.0000000000000000        6.9400066739805622E-310
  0.74498477543275798       -1.1885602778920872E-005   6.4694660612474308E-004   1.0000000000000000E-002   1.2000000000000000E-002   1.0018034813857566        0.0000000000000000        1.0018034813857566        1.0000000000000000        6.9400066739805622E-310
  0.75498477543969744       -1.1886493248076643E-005   6.4694381896757136E-004   1.0000000000000000E-002   1.2000000000000000E-002   1.0017973403272900        0.0000000000000000        1.0017973403272900        1.0000000000000000        6.9400066739805622E-310
  0.76498483553098717       -1.1840468258700048E-005   6.4438772961583624E-004   1.0000000000000000E-002   1.2000000000000000E-002   1.0017912114738980        0.0000000000000000        1.0017912114738980        1.0000000000000000        6.9400066739805622E-310
  0.77498495546938273       -1.1747698233515571E-005   6.3928869260632126E-004   1.0000000000000000E-002   1.2000000000000000E-002   1.0017851190124254        0.0000000000000000        1.0017851190124254        1.0000000000000000        6.9400066739805622E-310
  0.78498513478146947       -1.1608539904216795E-005   6.3166669940439846E-004   1.0000000000000000E-002   1.2000000000000000E-002   1.0017790869847654        0.0000000000000000        1.0017790869847654        1.0000000000000000        6.9400066739805622E-310
  0.79498537275950354       -1.1423532389067999E-005   6.2155196977098370E-004   1.0000000000000000E-002   1.2000000000000000E-002   1.0017731391936031        0.0000000000000000        1.0017731391936031        1.0000000000000000        6.9400066739805622E-310
  0.80498566846422792       -1.1193396372687474E-005   6.0898431742995029E-004   1.0000000000000000E-002   1.2000000000000000E-002   1.0017672991083382        0.0000000000000000        1.0017672991083382        1.0000000000000000        6.9400066739805622E-310
  0.81498602072855697       -1.0919031649788274E-005   5.9401354389176930E-004   1.0000000000000000E-002   1.2000000000000000E-002   1.0017615897722874        0.0000000000000000        1.0017615897722874        1.0000000000000000        6.9400066739805622E-310
  0.82498642816220968       -1.0601513362505287E-005   5.7669862754039514E-004   1.0000000000000000E-002   1.2000000000000000E-002   1.0017560337116902        0.0000000000000000        1.0017560337116902        1.0000000000000000        6.9400066739805622E-310
  0.83498688915717878       -1.0242088156061021E-005   5.5710792686003430E-004   1.0000000000000000E-002   1.2000000000000000E-002   1.0017506528478262        0.0000000000000000        1.0017506528478262        1.0000000000000000        6.9400066739805622E-310
  0.84498740189407928       -9.8421685823642125E-006   5.3531887025926039E-004   1.0000000000000000E-002   1.2000000000000000E-002   1.0017454684094269        0.0000000000000000        1.0017454684094269        1.0000000000000000        6.9400066739805622E-310
  0.85498796434934154       -9.4033282853857560E-006   5.1141736263993209E-004   1.0000000000000000E-002   1.2000000000000000E-002   1.0017405008495981        0.0000000000000000        1.0017405008495981        1.0000000000000000        6.9400066739805622E-310
  0.86498857430318332       -8.9272963327853900E-006   4.8549781007078963E-004   1.0000000000000000E-002   1.2000000000000000E-002   1.0017357697652989        0.0000000000000000        1.0017357697652989        1.0000000000000000        6.9400066739805622E-310
  0.87498922934838141       -8.4159490593429953E-006   4.5766248012046873E-004   1.0000000000000000E-002   1.2000000000000000E-002   1.0017312938197778        0.0000000000000000        1.0017312938197778        1.0000000000000000        6.9400066739805622E-310
  0.88498992689976663       -7.8713039528560177E-006   4.2802122373686302E-004   1.0000000000000000E-002   1.2000000000000000E-002   1.0017270906694375        0.0000000000000000        1.0017270906694375        1.0000000000000000        6.9400066739805622E-310
  0.89499066420442652       -7.2955111895312757E-006   3.9669103734585320E-004   1.0000000000000000E-002   1.2000000000000000E-002   1.0017231768939912        0.0000000000000000        1.0017231768939912        1.0000000000000000        6.9400066739805622E-310
  0.90499143835257234       -6.6908450690919339E-006   3.6379553966092715E-004   1.0000000000000000E-002   1.2000000000000000E-002   1.0017195679312874        0.0000000000000000        1.0017195679312874        1.0000000000000000        6.9400066739805622E-310
  0.91499224628901854       -6.0596955497926048E-006   3.2946457948046515E-004   1.0000000000000000E-002   1.2000000000000000E-002   1.0017162780163913        0.0000000000000000        1.0017162780163913        1.0000000000000000        6.9400066739805622E-310
  0.92499308482524589       -5.4045571209439854E-006   2.9383358045720342E-004   1.0000000000000000E-002   1.2000000000000000E-002   1.0017133201256845        0.0000000000000000        1.0017133201256845        1.0000000000000000        6.9400066739805622E-310
  0.93499395065197655       -4.7280216912095825E-006   2.5704320570696382E-004   1.0000000000000000E-002   1.2000000000000000E-002   1.0017107059256618        0.0000000000000000        1.0017107059256618        1.0000000000000000        6.9400066739805622E-310
  0.94499484035224213       -4.0327657727741209E-006   2.1923859848893557E-004   1.0000000000000000E-002   1.2000000000000000E-002   1.0017084457268615        0.0000000000000000        1.0017084457268615        1.0000000000000000        6.9400066739805622E-310
  0.95499575041486429       -3.3215409115169050E-006   1.8056888612782984E-004   1.0000000000000000E-002   1.2000000000000000E-002   1.0017065484438150        0.0000000000000000        1.0017065484438150        1.0000000000000000        6.9400066739805622E-310
  0.96499667724830551       -2.5971623415852642E-006   1.4118671184792930E-004   1.0000000000000000E-002   1.2000000000000000E-002   1.0017050215595147        0.0000000000000000        1.0017050215595147        1.0000000000000000        6.9400066739805622E-310
  0.97499761719484945       -1.8624982521266979E-006   1.0124746073891799E-004   1.0000000000000000E-002   1.2000000000000000E-002   1.0017038710957866        0.0000000000000000        1.0017038710957866        1.0000000000000000        6.9400066739805622E-310
  0.98499856654503370       -1.1204577559727524E-006   6.0908709724749599E-005   1.0000000000000000E-002   1.2000000000000000E-002   1.0017031015899809        0.0000000000000000        1.0017031015899809        1.0000000000000000        6.9400066739805622E-310
  0.99499952155228499       -3.7397977249511986E-007   2.0329678706687559E-005   1.0000000000000000E-002   1.2000000000000000E-002   1.0017027160767267        0.0000000000000000        1.0017027160767267        1.0000000000000000        6.9400066739805622E-310
   1.0050004784477138        3.7397380539630188E-007  -2.0288890626218858E-005   1.0000000000000000E-002   1.2000000000000000E-002   1.0017027160766219        0.0000000000000000        1.0017027160766219        1.0000000000000000        6.9400066739805622E-310
   1.0150014334549675        1.1204399464524305E-006  -6.0786617371633156E-005   1.0000000000000000E-002   1.2000000000000000E-002   1.0017031015899100        0.0000000000000000        1.0017031015899100        1.0000000000000000        6.9400066739805622E-310
   1.0250023828051507        1.8624686319270858E-006  -1.0104445575809251E-004   1.0000000000000000E-002   1.2000000000000000E-002   1.0017038710957615        0.0000000000000000        1.0017038710957615        1.0000000000000000        6.9400066739805622E-310
   1.0350033227516962        2.5971208477623784E-006  -1.4090369200214781E-004   1.0000000000000000E-002   1.2000000000000000E-002   1.0017050215595198        0.0000000000000000        1.0017050215595198        1.0000000000000000        6.9400066739805622E-310
   1.0450042495851359        3.3214879069327813E-006  -1.8020691196962701E-004   1.0000000000000000E-002   1.2000000000000000E-002   1.0017065484439269        0.0000000000000000        1.0017065484439269        1.0000000000000000        6.9400066739805622E-310
  -5.0004784477150066E-003  -3.7402869577228261E-007  -3.5767633061438002E+077   1.0000000000000000E-002   1.2000000000000000E-002   1.0017027160767267        0.0000000000000000        1.0017027160767267        1.0000000000000000        6.9400066739805622E-310
  -1.5001433454966295E-002  -1.1206042954530359E-006   0.0000000000000000        1.0000000000000000E-002   1.2000000000000000E-002   1.0017031015899809        0.0000000000000000        1.0017031015899809        1.0000000000000000        6.9400066739805622E-310
  -2.5002382805150547E-002  -1.8627418372403774E-006  -3.5767633061438002E+077   1.0000000000000000E-002   1.2000000000000000E-002   1.0017038710957866        0.0000000000000000        1.0017038710957866        1.0000000000000000        6.9400066739805622E-310
  -3.5003322751694488E-002  -2.5975019958014836E-006   6.9400068546417920E-310   1.0000000000000000E-002   1.2000000000000000E-002   1.0017050215595147        0.0000000000000000        1.0017050215595147        1.0000000000000000        6.9400066739805622E-310
  -4.5004249585135714E-002  -3.3219752821438389E-006   6.9400066883177543E-310   1.0000000000000000E-002   1.2000000000000000E-002   1.0017065484438150        0.0000000000000000        1.0017065484438150        1.0000000000000000        6.9400066739805622E-310
