 # x, v, a, m, h, rho, u, P, c, ke
   1.1015999999999915     
   5.0003768158627133E-003   1.9577710614058919E-006  -1.6009884029166699E-005   1.0000000000000000E-002   1.2000000000000000E-002   1.0017234669145476        0.0000000000000000        1.0017234669145476        1.0000000000000000        6.9400066739805622E-310
   1.5001128960636894E-002   5.8655859628479985E-006  -4.7966488263995188E-005   1.0000000000000000E-002   1.2000000000000000E-002   1.0017237705217557        0.0000000000000000        1.0017237705217557        1.0000000000000000        6.9400066739805622E-310
   2.5001876650427003E-002   9.7502495832241184E-006  -7.9733891853450700E-005   1.0000000000000000E-002   1.2000000000000000E-002   1.0017243765389896        0.0000000000000000        1.0017243765389896        1.0000000000000000        6.9400066739805622E-310
   3.5002616934773453E-002   1.3596429627873237E-005  -1.1118680182775620E-004   1.0000000000000000E-002   1.2000000000000000E-002   1.0017252825767822        0.0000000000000000        1.0017252825767822        1.0000000000000000        6.9400066739805622E-310
   4.5003346892428617E-002   1.7388945350845203E-005  -1.4220114420471219E-004   1.0000000000000000E-002   1.2000000000000000E-002   1.0017264850626844        0.0000000000000000        1.0017264850626844        1.0000000000000000        6.9400066739805622E-310
   5.5004063642881386E-002   2.1112828097413558E-005  -1.7265457596860045E-004   1.0000000000000000E-002   1.2000000000000000E-002   1.0017279792552267        0.0000000000000000        1.0017279792552267        1.0000000000000000        6.9400066739805622E-310
   6.5004764357721817E-002   2.4753380100287791E-005  -2.0242699887873528E-004   1.0000000000000000E-002   1.2000000000000000E-002   1.0017297592627681        0.0000000000000000        1.0017297592627681        1.0000000000000000        6.9400066739805622E-310
   7.5005446271794701E-002   2.8296232531410215E-005  -2.3140092365103726E-004   1.0000000000000000E-002   1.2000000000000000E-002   1.0017318180664829        0.0000000000000000        1.0017318180664829        1.0000000000000000        6.9400066739805622E-310
   8.5006106694114292E-002   3.1727402539373690E-005  -2.5946206496563207E-004   1.0000000000000000E-002   1.2000000000000000E-002   1.0017341475479011        0.0000000000000000        1.0017341475479011        1.0000000000000000        6.9400066739805622E-310
   9.5006743018477960E-002   3.5033347782095875E-005  -2.8649971503558191E-004   1.0000000000000000E-002   1.2000000000000000E-002   1.0017367385210461        0.0000000000000000        1.0017367385210461        1.0000000000000000        6.9400066739805622E-310
  0.10500735273374957        3.8201020634392614E-005  -3.1240720149927625E-004   1.0000000000000000E-002   1.2000000000000000E-002   1.0017395807684835        0.0000000000000000        1.0017395807684835        1.0000000000000000        6.9400066739805622E-310
  0.11500793343376715        4.1217919252804853E-005  -3.3708231354534490E-004   1.0000000000000000E-002   1.2000000000000000E-002   1.0017426630815944        0.0000000000000000        1.0017426630815944        1.0000000000000000        6.9400066739805622E-310
  0.12500848282683591        4.4072137108636626E-005  -3.6042767430899403E-004   1.0000000000000000E-002   1.2000000000000000E-002   1.0017459733046230        0.0000000000000000        1.0017459733046230        1.0000000000000000        6.9400066739805622E-310
  0.13500899874477235        4.6752409734358457E-005  -3.8235113563267475E-004   1.0000000000000000E-002   1.2000000000000000E-002   1.0017494983823740        0.0000000000000000        1.0017494983823740        1.0000000000000000        6.9400066739805622E-310
  0.14500947915146259        4.9248159182739161E-005  -4.0276617113388369E-004   1.0000000000000000E-002   1.2000000000000000E-002   1.0017532244116316        0.0000000000000000        1.0017532244116316        1.0000000000000000        6.9400066739805622E-310
  0.15500992215089851        5.1549536586303267E-005  -4.2159222492088588E-004   1.0000000000000000E-002   1.2000000000000000E-002   1.0017571366960962        0.0000000000000000        1.0017571366960962        1.0000000000000000        6.9400066739805622E-310
  0.16501032599465856        5.3647459646461771E-005  -4.3875497982881484E-004   1.0000000000000000E-002   1.2000000000000000E-002   1.0017612198042507        0.0000000000000000        1.0017612198042507        1.0000000000000000        6.9400066739805622E-310
  0.17501068908880987        5.5533649536614698E-005  -4.5418665753782506E-004   1.0000000000000000E-002   1.2000000000000000E-002   1.0017654576299593        0.0000000000000000        1.0017654576299593        1.0000000000000000        6.9400066739805622E-310
  0.18501101000020181        5.7200663183101874E-005  -4.6782629353181449E-004   1.0000000000000000E-002   1.2000000000000000E-002   1.0017698334557701        0.0000000000000000        1.0017698334557701        1.0000000000000000        6.9400066739805622E-310
  0.19501128746212845        5.8641922865249894E-005  -4.7962005495971738E-004   1.0000000000000000E-002   1.2000000000000000E-002   1.0017743300190327        0.0000000000000000        1.0017743300190327        1.0000000000000000        6.9400066739805622E-310
  0.20501152037932566        5.9851741589391539E-005  -4.8952133328850067E-004   1.0000000000000000E-002   1.2000000000000000E-002   1.0017789295799751        0.0000000000000000        1.0017789295799751        1.0000000000000000        6.9400066739805622E-310
  0.21501170783229992        6.0825345943871546E-005  -4.9749099175855349E-004   1.0000000000000000E-002   1.2000000000000000E-002   1.0017836139914047        0.0000000000000000        1.0017836139914047        1.0000000000000000        6.9400066739805622E-310
  0.22501184908096133        6.1558894950945446E-005  -5.0349751428147016E-004   1.0000000000000000E-002   1.2000000000000000E-002   1.0017883647703081        0.0000000000000000        1.0017883647703081        1.0000000000000000        6.9400066739805622E-310
  0.23501194356754959        6.2049495351681048E-005  -5.0751713593122361E-004   1.0000000000000000E-002   1.2000000000000000E-002   1.0017931631707622        0.0000000000000000        1.0017931631707622        1.0000000000000000        6.9400066739805622E-310
  0.24501199091883938        6.2295212233334828E-005  -5.0953391888253208E-004   1.0000000000000000E-002   1.2000000000000000E-002   1.0017979902578478        0.0000000000000000        1.0017979902578478        1.0000000000000000        6.9400066739805622E-310
  0.25501199094761950        6.2295077606107100E-005  -5.0953984234691774E-004   1.0000000000000000E-002   1.2000000000000000E-002   1.0018028269823513        0.0000000000000000        1.0018028269823513        1.0000000000000000        6.9400066739805622E-310
  0.26501194365343606        6.2049093560371624E-005  -5.0753481047305371E-004   1.0000000000000000E-002   1.2000000000000000E-002   1.0018076542559557        0.0000000000000000        1.0018076542559557        1.0000000000000000        6.9400066739805622E-310
  0.27501184922259964        6.1558232451989497E-005  -5.0352665627073634E-004   1.0000000000000000E-002   1.2000000000000000E-002   1.0018124530264709        0.0000000000000000        1.0018124530264709        1.0000000000000000        6.9400066739805622E-310
  0.28501170802745712        6.0824433011715370E-005  -4.9753115410489102E-004   1.0000000000000000E-002   1.2000000000000000E-002   1.0018172043531783        0.0000000000000000        1.0018172043531783        1.0000000000000000        6.9400066739805622E-310
  0.29501152062492397        5.9850592591066750E-005  -4.8957187900988686E-004   1.0000000000000000E-002   1.2000000000000000E-002   1.0018218894815552        0.0000000000000000        1.0018218894815552        1.0000000000000000        6.9400066739805622E-310
  0.30501128775429454        5.8640556190340069E-005  -4.7968018762212239E-004   1.0000000000000000E-002   1.2000000000000000E-002   1.0018264899172671        0.0000000000000000        1.0018264899172671        1.0000000000000000        6.9400066739805622E-310
  0.31501101033432749        5.7199100346436448E-005  -4.6789506029565331E-004   1.0000000000000000E-002   1.2000000000000000E-002   1.0018309874993077        0.0000000000000000        1.0018309874993077        1.0000000000000000        6.9400066739805622E-310
  0.32501068945962547        5.5531914932793103E-005  -4.5426296966333268E-004   1.0000000000000000E-002   1.2000000000000000E-002   1.0018353644718052        0.0000000000000000        1.0018353644718052        1.0000000000000000        6.9400066739805622E-310
  0.33501032639631595        5.3645580715463881E-005  -4.3883762549867811E-004   1.0000000000000000E-002   1.2000000000000000E-002   1.0018396035539618        0.0000000000000000        1.0018396035539618        1.0000000000000000        6.9400066739805622E-310
  0.34500992257706509        5.1547542963224565E-005  -4.2167993807407100E-004   1.0000000000000000E-002   1.2000000000000000E-002   1.0018436880086425        0.0000000000000000        1.0018436880086425        1.0000000000000000        6.9400066739805622E-310
  0.35500947959541634        4.9246082565891674E-005  -4.0285754610636104E-004   1.0000000000000000E-002   1.2000000000000000E-002   1.0018476017085429        0.0000000000000000        1.0018476017085429        1.0000000000000000        6.9400066739805622E-310
  0.36500899919951107        4.6750282467144779E-005  -3.8244471739101726E-004   1.0000000000000000E-002   1.2000000000000000E-002   1.0018513291996627        0.0000000000000000        1.0018513291996627        1.0000000000000000        6.9400066739805622E-310
  0.37500848328518810        4.4069992984408174E-005  -3.6052198055092077E-004   1.0000000000000000E-002   1.2000000000000000E-002   1.0018548557625560        0.0000000000000000        1.0018548557625560        1.0000000000000000        6.9400066739805622E-310
  0.38500793388850679        4.1215792140415712E-005  -3.3717590523707486E-004   1.0000000000000000E-002   1.2000000000000000E-002   1.0018581674707692        0.0000000000000000        1.0018581674707692        1.0000000000000000        6.9400066739805622E-310
  0.39500735317770425        3.8198943885761342E-005  -3.1249858378501472E-004   1.0000000000000000E-002   1.2000000000000000E-002   1.0018612512458216        0.0000000000000000        1.0018612512458216        1.0000000000000000        6.9400066739805622E-310
  0.40500674344464460        3.5031354245617537E-005  -2.8658742026799189E-004   1.0000000000000000E-002   1.2000000000000000E-002   1.0018640949086921        0.0000000000000000        1.0018640949086921        1.0000000000000000        6.9400066739805622E-310
  0.41500610709577196        3.1725523595856517E-005  -2.5954471908029575E-004   1.0000000000000000E-002   1.2000000000000000E-002   1.0018666872283621        0.0000000000000000        1.0018666872283621        1.0000000000000000        6.9400066739805622E-310
  0.42500544664260986        2.8294497969188332E-005  -2.3147723906280504E-004   1.0000000000000000E-002   1.2000000000000000E-002   1.0018690179662866        0.0000000000000000        1.0018690179662866        1.0000000000000000        6.9400066739805622E-310
  0.43500476469184574        2.4751817125542875E-005  -2.0249574257480418E-004   1.0000000000000000E-002   1.2000000000000000E-002   1.0018710779165956        0.0000000000000000        1.0018710779165956        1.0000000000000000        6.9400066739805622E-310
  0.44500406393504710        2.1111461400850627E-005  -1.7271471246438352E-004   1.0000000000000000E-002   1.2000000000000000E-002   1.0018728589428287        0.0000000000000000        1.0018728589428287        1.0000000000000000        6.9400066739805622E-310
  0.45500334713802715        1.7387796468977669E-005  -1.4225169613268918E-004   1.0000000000000000E-002   1.2000000000000000E-002   1.0018743540101882        0.0000000000000000        1.0018743540101882        1.0000000000000000        6.9400066739805622E-310
  0.46500261712993107        1.3595516632909291E-005  -1.1122697053167485E-004   1.0000000000000000E-002   1.2000000000000000E-002   1.0018755572130891        0.0000000000000000        1.0018755572130891        1.0000000000000000        6.9400066739805622E-310
  0.47500187679206529        9.7495871524344413E-006  -7.9763033942192862E-005   1.0000000000000000E-002   1.2000000000000000E-002   1.0018764637987181        0.0000000000000000        1.0018764637987181        1.0000000000000000        6.9400066739805622E-310
  0.48500112904652282        5.8651841273988186E-006  -4.7984155845171017E-005   1.0000000000000000E-002   1.2000000000000000E-002   1.0018770701859805        0.0000000000000000        1.0018770701859805        1.0000000000000000        6.9400066739805622E-310
  0.49500037684464265        1.9576364921573342E-006  -1.6015809273461912E-005   1.0000000000000000E-002   1.2000000000000000E-002   1.0018773739796889        0.0000000000000000        1.0018773739796889        1.0000000000000000        6.9400066739805622E-310
  0.50499962315535751       -1.9576363459798402E-006   1.6015809653602275E-005   1.0000000000000000E-002   1.2000000000000000E-002   1.0018773739796825        0.0000000000000000        1.0018773739796825        1.0000000000000000        6.9400066739805622E-310
  0.51499887095347763       -5.8651842989405308E-006   4.7984143944468372E-005   1.0000000000000000E-002   1.2000000000000000E-002   1.0018770701860318        0.0000000000000000        1.0018770701860318        1.0000000000000000        6.9400066739805622E-310
  0.52499812320793371       -9.7495870521551695E-006   7.9763053640213855E-005   1.0000000000000000E-002   1.2000000000000000E-002   1.0018764637987363        0.0000000000000000        1.0018764637987363        1.0000000000000000        6.9400066739805622E-310
  0.53499738287006893       -1.3595516670287454E-005   1.1122696645227137E-004   1.0000000000000000E-002   1.2000000000000000E-002   1.0018755572130318        0.0000000000000000        1.0018755572130318        1.0000000000000000        6.9400066739805622E-310
  0.54499665286197330       -1.7387796535895878E-005   1.4225167827142116E-004   1.0000000000000000E-002   1.2000000000000000E-002   1.0018743540102331        0.0000000000000000        1.0018743540102331        1.0000000000000000        6.9400066739805622E-310
  0.55499593606495190       -2.1111461353524196E-005   1.7271472307811564E-004   1.0000000000000000E-002   1.2000000000000000E-002   1.0018728589429085        0.0000000000000000        1.0018728589429085        1.0000000000000000        6.9400066739805622E-310
  0.56499523530815288       -2.4751817121787013E-005   2.0249575552178101E-004   1.0000000000000000E-002   1.2000000000000000E-002   1.0018710779165605        0.0000000000000000        1.0018710779165605        1.0000000000000000        6.9400066739805622E-310
  0.57499455335739014       -2.8294497933838581E-005   2.3147721773320029E-004   1.0000000000000000E-002   1.2000000000000000E-002   1.0018690179662979        0.0000000000000000        1.0018690179662979        1.0000000000000000        6.9400066739805622E-310
  0.58499389290422632       -3.1725523666603169E-005   2.5954474078915268E-004   1.0000000000000000E-002   1.2000000000000000E-002   1.0018666872283692        0.0000000000000000        1.0018666872283692        1.0000000000000000        6.9400066739805622E-310
  0.59499325655535518       -3.5031354117960748E-005   2.8658740809195393E-004   1.0000000000000000E-002   1.2000000000000000E-002   1.0018640949086510        0.0000000000000000        1.0018640949086510        1.0000000000000000        6.9400066739805622E-310
  0.60499264682229503       -3.8198943994560732E-005   3.1249858637583117E-004   1.0000000000000000E-002   1.2000000000000000E-002   1.0018612512458325        0.0000000000000000        1.0018612512458325        1.0000000000000000        6.9400066739805622E-310
  0.61499206611149260       -4.1215792153269403E-005   3.3717590730564240E-004   1.0000000000000000E-002   1.2000000000000000E-002   1.0018581674707503        0.0000000000000000        1.0018581674707503        1.0000000000000000        6.9400066739805622E-310
  0.62499151671481168       -4.4069992924734283E-005   3.6052197246760898E-004   1.0000000000000000E-002   1.2000000000000000E-002   1.0018548557625691        0.0000000000000000        1.0018548557625691        1.0000000000000000        6.9400066739805622E-310
  0.63499100080048798       -4.6750282573027224E-005   3.8244472719739520E-004   1.0000000000000000E-002   1.2000000000000000E-002   1.0018513291996687        0.0000000000000000        1.0018513291996687        1.0000000000000000        6.9400066739805622E-310
  0.64499052040458327       -4.9246082467925395E-005   4.0285754277302743E-004   1.0000000000000000E-002   1.2000000000000000E-002   1.0018476017085145        0.0000000000000000        1.0018476017085145        1.0000000000000000        6.9400066739805622E-310
  0.65499007742293469       -5.1547542921035270E-005   4.2167993186481567E-004   1.0000000000000000E-002   1.2000000000000000E-002   1.0018436880086619        0.0000000000000000        1.0018436880086619        1.0000000000000000        6.9400066739805622E-310
  0.66498967360368311       -5.3645580855752595E-005   4.3883764174612594E-004   1.0000000000000000E-002   1.2000000000000000E-002   1.0018396035539348        0.0000000000000000        1.0018396035539348        1.0000000000000000        6.9400066739805622E-310
  0.67498931054037481       -5.5531914944626783E-005   4.5426296617279149E-004   1.0000000000000000E-002   1.2000000000000000E-002   1.0018353644717206        0.0000000000000000        1.0018353644717206        1.0000000000000000        6.9400066739805622E-310
  0.68498898966567345       -5.7199100183163224E-005   4.6789504671362891E-004   1.0000000000000000E-002   1.2000000000000000E-002   1.0018309874992999        0.0000000000000000        1.0018309874992999        1.0000000000000000        6.9400066739805622E-310
  0.69498871224570591       -5.8640556142674618E-005   4.7968018342903207E-004   1.0000000000000000E-002   1.2000000000000000E-002   1.0018264899173415        0.0000000000000000        1.0018264899173415        1.0000000000000000        6.9400066739805622E-310
  0.70498847937507525       -5.9850592780954115E-005   4.8957189642617749E-004   1.0000000000000000E-002   1.2000000000000000E-002   1.0018218894815656        0.0000000000000000        1.0018218894815656        1.0000000000000000        6.9400066739805622E-310
  0.71498829197254321       -6.0824432910058894E-005   4.9753114267048204E-004   1.0000000000000000E-002   1.2000000000000000E-002   1.0018172043531666        0.0000000000000000        1.0018172043531666        1.0000000000000000        6.9400066739805622E-310
  0.72498815077739986       -6.1558232506390845E-005   5.0352666448016947E-004   1.0000000000000000E-002   1.2000000000000000E-002   1.0018124530264712        0.0000000000000000        1.0018124530264712        1.0000000000000000        6.9400066739805622E-310
  0.73498805634656428       -6.2049093614872868E-005   5.0753480001031193E-004   1.0000000000000000E-002   1.2000000000000000E-002   1.0018076542559655        0.0000000000000000        1.0018076542559655        1.0000000000000000        6.9400066739805622E-310
  0.74498800905237972       -6.2295077530438489E-005   5.0953986294999254E-004   1.0000000000000000E-002   1.2000000000000000E-002   1.0018028269823183        0.0000000000000000        1.0018028269823183        1.0000000000000000        6.9400066739805622E-310
  0.75498800908116159       -6.2295212204020698E-005   5.0953390745256399E-004   1.0000000000000000E-002   1.2000000000000000E-002   1.0017979902577703        0.0000000000000000        1.0017979902577703        1.0000000000000000        6.9400066739805622E-310
  0.76498805643245138       -6.2049495383088407E-005   5.0751712832663998E-004   1.0000000000000000E-002   1.2000000000000000E-002   1.0017931631707722        0.0000000000000000        1.0017931631707722        1.0000000000000000        6.9400066739805622E-310
  0.77498815091903939       -6.1558894979659308E-005   5.0349750856959474E-004   1.0000000000000000E-002   1.2000000000000000E-002   1.0017883647703776        0.0000000000000000        1.0017883647703776        1.0000000000000000        6.9400066739805622E-310
  0.78498829216769950       -6.0825345936521732E-005   4.9749100847584771E-004   1.0000000000000000E-002   1.2000000000000000E-002   1.0017836139914229        0.0000000000000000        1.0017836139914229        1.0000000000000000        6.9400066739805622E-310
  0.79498847962067476       -5.9851741539273657E-005   4.8952132495116985E-004   1.0000000000000000E-002   1.2000000000000000E-002   1.0017789295799593        0.0000000000000000        1.0017789295799593        1.0000000000000000        6.9400066739805622E-310
  0.80498871253787130       -5.8641922739175741E-005   4.7962006767132692E-004   1.0000000000000000E-002   1.2000000000000000E-002   1.0017743300189985        0.0000000000000000        1.0017743300189985        1.0000000000000000        6.9400066739805622E-310
  0.81498898999979930       -5.7200663300098103E-005   4.6782627776131847E-004   1.0000000000000000E-002   1.2000000000000000E-002   1.0017698334557439        0.0000000000000000        1.0017698334557439        1.0000000000000000        6.9400066739805622E-310
  0.82498931091119054       -5.5533649588858911E-005   4.5418665440255523E-004   1.0000000000000000E-002   1.2000000000000000E-002   1.0017654576300237        0.0000000000000000        1.0017654576300237        1.0000000000000000        6.9400066739805622E-310
  0.83498967400534108       -5.3647459695391307E-005   4.3875498643242139E-004   1.0000000000000000E-002   1.2000000000000000E-002   1.0017612198042927        0.0000000000000000        1.0017612198042927        1.0000000000000000        6.9400066739805622E-310
  0.84499007784910107       -5.1549536454585598E-005   4.2159222925963746E-004   1.0000000000000000E-002   1.2000000000000000E-002   1.0017571366960958        0.0000000000000000        1.0017571366960958        1.0000000000000000        6.9400066739805622E-310
  0.85499052084853699       -4.9248159251187006E-005   4.0276618277967913E-004   1.0000000000000000E-002   1.2000000000000000E-002   1.0017532244115566        0.0000000000000000        1.0017532244115566        1.0000000000000000        6.9400066739805622E-310
  0.86499100125522888       -4.6752409647450871E-005   3.8235111941542499E-004   1.0000000000000000E-002   1.2000000000000000E-002   1.0017494983823205        0.0000000000000000        1.0017494983823205        1.0000000000000000        6.9400066739805622E-310
  0.87499151717316481       -4.4072137050833329E-005   3.6042767336219583E-004   1.0000000000000000E-002   1.2000000000000000E-002   1.0017459733046468        0.0000000000000000        1.0017459733046468        1.0000000000000000        6.9400066739805622E-310
  0.88499206656623353       -4.1217919348465881E-005   3.3708230573648024E-004   1.0000000000000000E-002   1.2000000000000000E-002   1.0017426630816535        0.0000000000000000        1.0017426630816535        1.0000000000000000        6.9400066739805622E-310
  0.89499264726624994       -3.8201020596274830E-005   3.1240721040681763E-004   1.0000000000000000E-002   1.2000000000000000E-002   1.0017395807685407        0.0000000000000000        1.0017395807685407        1.0000000000000000        6.9400066739805622E-310
  0.90499325698152144       -3.5033347877093026E-005   2.8649972629857245E-004   1.0000000000000000E-002   1.2000000000000000E-002   1.0017367385210143        0.0000000000000000        1.0017367385210143        1.0000000000000000        6.9400066739805622E-310
  0.91499389330588587       -3.1727402481959405E-005   2.5946206757954116E-004   1.0000000000000000E-002   1.2000000000000000E-002   1.0017341475478059        0.0000000000000000        1.0017341475478059        1.0000000000000000        6.9400066739805622E-310
  0.92499455372820683       -2.8296232584000722E-005   2.3140090133288993E-004   1.0000000000000000E-002   1.2000000000000000E-002   1.0017318180664758        0.0000000000000000        1.0017318180664758        1.0000000000000000        6.9400066739805622E-310
  0.93499523564227849       -2.4753380046808316E-005   2.0242700217298903E-004   1.0000000000000000E-002   1.2000000000000000E-002   1.0017297592628482        0.0000000000000000        1.0017297592628482        1.0000000000000000        6.9400066739805622E-310
  0.94499593635711832       -2.1112828219081438E-005   1.7265458432724756E-004   1.0000000000000000E-002   1.2000000000000000E-002   1.0017279792552500        0.0000000000000000        1.0017279792552500        1.0000000000000000        6.9400066739805622E-310
  0.95499665310757131       -1.7388945249277312E-005   1.4220114108365323E-004   1.0000000000000000E-002   1.2000000000000000E-002   1.0017264850626879        0.0000000000000000        1.0017264850626879        1.0000000000000000        6.9400066739805622E-310
  0.96499738306522620       -1.3596429732374216E-005   1.1118680641342138E-004   1.0000000000000000E-002   1.2000000000000000E-002   1.0017252825767793        0.0000000000000000        1.0017252825767793        1.0000000000000000        6.9400066739805622E-310
  0.97499812334957292       -9.7502496150781256E-006   7.9733895562483781E-005   1.0000000000000000E-002   1.2000000000000000E-002   1.0017243765389467        0.0000000000000000        1.0017243765389467        1.0000000000000000        6.9400066739805622E-310
  0.98499887103936368       -5.8655857722485202E-006   4.7966484066463977E-005   1.0000000000000000E-002   1.2000000000000000E-002   1.0017237705217159        0.0000000000000000        1.0017237705217159        1.0000000000000000        6.9400066739805622E-310
  0.99499962318413804       -1.9577711523411545E-006   1.6009880908107732E-005   1.0000000000000000E-002   1.2000000000000000E-002   1.0017234669145407        0.0000000000000000        1.0017234669145407        1.0000000000000000        6.9400066739805622E-310
   1.0050003768158626        1.9577664211028169E-006  -1.5808254728355564E-005   1.0000000000000000E-002   1.2000000000000000E-002   1.0017234669145476        0.0000000000000000        1.0017234669145476        1.0000000000000000        6.9400066739805622E-310
   1.0150011289606369        5.8655720601087727E-006  -4.7362397321393246E-005   1.0000000000000000E-002   1.2000000000000000E-002   1.0017237705217557        0.0000000000000000        1.0017237705217557        1.0000000000000000        6.9400066739805622E-310
   1.0250018766504270        9.7502264726312129E-006  -7.8729730490501026E-005   1.0000000000000000E-002   1.2000000000000000E-002   1.0017243765389896        0.0000000000000000        1.0017243765389896        1.0000000000000000        6.9400066739805622E-310
   1.0350026169347735        1.3596397400229750E-005  -1.0978652611992601E-004   1.0000000000000000E-002   1.2000000000000000E-002   1.0017252825767822        0.0000000000000000        1.0017252825767822        1.0000000000000000        6.9400066739805622E-310
   1.0450033468924287        1.7388904133170594E-005  -1.4041028473066319E-004   1.0000000000000000E-002   1.2000000000000000E-002   1.0017264850626844        0.0000000000000000        1.0017264850626844        1.0000000000000000        6.9400066739805622E-310
  -5.0003768158619621E-003  -1.9580131154488376E-006  -3.5767633061438002E+077   1.0000000000000000E-002   1.2000000000000000E-002   1.0017234669145407        0.0000000000000000        1.0017234669145407        1.0000000000000000        6.9400066739805622E-310
  -1.5001128960636323E-002  -5.8663106684705025E-006   0.0000000000000000        1.0000000000000000E-002   1.2000000000000000E-002   1.0017237705217159        0.0000000000000000        1.0017237705217159        1.0000000000000000        6.9400066739805622E-310
  -2.5001876650427080E-002  -9.7514546112822775E-006  -3.5767633061438002E+077   1.0000000000000000E-002   1.2000000000000000E-002   1.0017243765389467        0.0000000000000000        1.0017243765389467        1.0000000000000000        6.9400066739805622E-310
  -3.5002616934773800E-002  -1.3598110071166058E-005   6.9400068546417920E-310   1.0000000000000000E-002   1.2000000000000000E-002   1.0017252825767793        0.0000000000000000        1.0017252825767793        1.0000000000000000        6.9400066739805622E-310
  -4.5003346892428686E-002  -1.7391094271001619E-005   6.9400066883177543E-310   1.0000000000000000E-002   1.2000000000000000E-002   1.0017264850626879        0.0000000000000000        1.0017264850626879        1.0000000000000000        6.9400066739805622E-310
