 # x, v, a, m, h, rho, u, P, c, ke
   2.2007999999999908     
   5.0004713691859885E-003  -6.5235591642746943E-007  -2.0031775227025150E-005   1.0000000000000000E-002   1.2000000000000000E-002   1.0017041613359392        0.0000000000000000        1.0017041613359392        1.0000000000000000        6.9400066739805622E-310
   1.5001412247051741E-002  -1.9544977920116714E-006  -6.0016202692914078E-005   1.0000000000000000E-002   1.2000000000000000E-002   1.0017045412009431        0.0000000000000000        1.0017045412009431        1.0000000000000000        6.9400066739805622E-310
   2.5002347550748111E-002  -3.2489408070514126E-006  -9.9763708954370145E-005   1.0000000000000000E-002   1.2000000000000000E-002   1.0017052994318620        0.0000000000000000        1.0017052994318620        1.0000000000000000        6.9400066739805622E-310
   3.5003273588617809E-002  -4.5305867396014516E-006  -1.3911732773053131E-004   1.0000000000000000E-002   1.2000000000000000E-002   1.0017064330365961        0.0000000000000000        1.0017064330365961        1.0000000000000000        6.9400066739805622E-310
   4.5004186705593432E-002  -5.7943858008484374E-006  -1.7792174876429812E-004   1.0000000000000000E-002   1.2000000000000000E-002   1.0017079375417646        0.0000000000000000        1.0017079375417646        1.0000000000000000        6.9400066739805622E-310
   5.5005083297620258E-002  -7.0353595754594129E-006  -2.1602372890328070E-004   1.0000000000000000E-002   1.2000000000000000E-002   1.0017098070104049        0.0000000000000000        1.0017098070104049        1.0000000000000000        6.9400066739805622E-310
   6.5005959825892703E-002  -8.2486182533876668E-006  -2.5327284996645716E-004   1.0000000000000000E-002   1.2000000000000000E-002   1.0017120340650645        0.0000000000000000        1.0017120340650645        1.0000000000000000        6.9400066739805622E-310
   7.5006812830826636E-002  -9.4293812811042207E-006  -2.8952212673782896E-004   1.0000000000000000E-002   1.2000000000000000E-002   1.0017146099174934        0.0000000000000000        1.0017146099174934        1.0000000000000000        6.9400066739805622E-310
   8.5007638945709188E-002  -1.0572994691232586E-005  -3.2462837815216972E-004   1.0000000000000000E-002   1.2000000000000000E-002   1.0017175244028764        0.0000000000000000        1.0017175244028764        1.0000000000000000        6.9400066739805622E-310
   9.5008434910002201E-002  -1.1674950537877167E-005  -3.5845308759885341E-004   1.0000000000000000E-002   1.2000000000000000E-002   1.0017207660199365        0.0000000000000000        1.0017207660199365        1.0000000000000000        6.9400066739805622E-310
  0.10500919758220503       -1.2730904260651004E-005  -3.9086273764610269E-004   1.0000000000000000E-002   1.2000000000000000E-002   1.0017243219767367        0.0000000000000000        1.0017243219767367        1.0000000000000000        6.9400066739805622E-310
  0.11500992395225645       -1.3736691541095992E-005  -4.2172934578221799E-004   1.0000000000000000E-002   1.2000000000000000E-002   1.0017281782405334        0.0000000000000000        1.0017281782405334        1.0000000000000000        6.9400066739805622E-310
  0.12501061115342302       -1.4688344837938087E-005  -4.5093112730043572E-004   1.0000000000000000E-002   1.2000000000000000E-002   1.0017323195933854        0.0000000000000000        1.0017323195933854        1.0000000000000000        6.9400066739805622E-310
  0.13501125647360848       -1.5582108897815540E-005  -4.7835284306518844E-004   1.0000000000000000E-002   1.2000000000000000E-002   1.0017367296924975        0.0000000000000000        1.0017367296924975        1.0000000000000000        6.9400066739805622E-310
  0.14501185736605748       -1.6414455861387713E-005  -5.0388626745512255E-004   1.0000000000000000E-002   1.2000000000000000E-002   1.0017413911344548        0.0000000000000000        1.0017413911344548        1.0000000000000000        6.9400066739805622E-310
  0.15501241145940653       -1.7182099089110238E-005  -5.2743063344973251E-004   1.0000000000000000E-002   1.2000000000000000E-002   1.0017462855238153        0.0000000000000000        1.0017462855238153        1.0000000000000000        6.9400066739805622E-310
  0.16501291656704242       -1.7882005789960741E-005  -5.4889304278216144E-004   1.0000000000000000E-002   1.2000000000000000E-002   1.0017513935457394        0.0000000000000000        1.0017513935457394        1.0000000000000000        6.9400066739805622E-310
  0.17501337069572889       -1.8511409505427241E-005  -5.6818880815079353E-004   1.0000000000000000E-002   1.2000000000000000E-002   1.0017566950421923        0.0000000000000000        1.0017566950421923        1.0000000000000000        6.9400066739805622E-310
  0.18501377205347139       -1.9067821147484812E-005  -5.8524182249275469E-004   1.0000000000000000E-002   1.2000000000000000E-002   1.0017621690915306        0.0000000000000000        1.0017621690915306        1.0000000000000000        6.9400066739805622E-310
  0.19501411905658372       -1.9549038378519931E-005  -5.9998483042100759E-004   1.0000000000000000E-002   1.2000000000000000E-002   1.0017677940911320        0.0000000000000000        1.0017677940911320        1.0000000000000000        6.9400066739805622E-310
  0.20501441033593323       -1.9953154829055206E-005  -6.1235968304007571E-004   1.0000000000000000E-002   1.2000000000000000E-002   1.0017735478425618        0.0000000000000000        1.0017735478425618        1.0000000000000000        6.9400066739805622E-310
  0.21501464474233864       -2.0278567408910674E-005  -6.2231756067454569E-004   1.0000000000000000E-002   1.2000000000000000E-002   1.0017794076389688        0.0000000000000000        1.0017794076389688        1.0000000000000000        6.9400066739805622E-310
  0.22501482135110440       -2.0523983425232480E-005  -6.2981927461613907E-004   1.0000000000000000E-002   1.2000000000000000E-002   1.0017853503550251        0.0000000000000000        1.0017853503550251        1.0000000000000000        6.9400066739805622E-310
  0.23501493946565485       -2.0688425004785216E-005  -6.3483520315177344E-004   1.0000000000000000E-002   1.2000000000000000E-002   1.0017913525379867        0.0000000000000000        1.0017913525379867        1.0000000000000000        6.9400066739805622E-310
  0.24501499862028644       -2.0771233435475646E-005  -6.3734564115680570E-004   1.0000000000000000E-002   1.2000000000000000E-002   1.0017973905001032        0.0000000000000000        1.0017973905001032        1.0000000000000000        6.9400066739805622E-310
  0.25501499858199372       -2.0772072260144073E-005  -6.3734077812949153E-004   1.0000000000000000E-002   1.2000000000000000E-002   1.0018034404126250        0.0000000000000000        1.0018034404126250        1.0000000000000000        6.9400066739805622E-310
  0.26501493935137843       -2.0690927921700090E-005  -6.3482065075248784E-004   1.0000000000000000E-002   1.2000000000000000E-002   1.0018094783995004        0.0000000000000000        1.0018094783995004        1.0000000000000000        6.9400066739805622E-310
  0.27501482116264298       -2.0528111458628243E-005  -6.2979519771744208E-004   1.0000000000000000E-002   1.2000000000000000E-002   1.0018154806311073        0.0000000000000000        1.0018154806311073        1.0000000000000000        6.9400066739805622E-310
  0.28501464448266783       -2.0284255247306653E-005  -6.2228441697076420E-004   1.0000000000000000E-002   1.2000000000000000E-002   1.0018214234190070        0.0000000000000000        1.0018214234190070        1.0000000000000000        6.9400066739805622E-310
  0.29501441000914802       -1.9960312759748074E-005  -6.1231797509542218E-004   1.0000000000000000E-002   1.2000000000000000E-002   1.0018272833095738        0.0000000000000000        1.0018272833095738        1.0000000000000000        6.9400066739805622E-310
  0.30501411866783890       -1.9557553575489897E-005  -5.9993524175272483E-004   1.0000000000000000E-002   1.2000000000000000E-002   1.0018330371760082        0.0000000000000000        1.0018330371760082        1.0000000000000000        6.9400066739805622E-310
  0.31501377160889527       -1.9077559176864037E-005  -5.8518508414007187E-004   1.0000000000000000E-002   1.2000000000000000E-002   1.0018386623095545        0.0000000000000000        1.0018386623095545        1.0000000000000000        6.9400066739805622E-310
  0.32501337020233334       -1.8522216900344226E-005  -5.6812583049747900E-004   1.0000000000000000E-002   1.2000000000000000E-002   1.0018441365094828        0.0000000000000000        1.0018441365094828        1.0000000000000000        6.9400066739805622E-310
  0.33501291603261024       -1.7893712073705626E-005  -5.4882485380947088E-004   1.0000000000000000E-002   1.2000000000000000E-002   1.0018494381710472        0.0000000000000000        1.0018494381710472        1.0000000000000000        6.9400066739805622E-310
  0.34501241089236440       -1.7194519503748113E-005  -5.2735826779670703E-004   1.0000000000000000E-002   1.2000000000000000E-002   1.0018545463699542        0.0000000000000000        1.0018545463699542        1.0000000000000000        6.9400066739805622E-310
  0.35501185677534891       -1.6427394880245710E-005  -5.0381089370876708E-004   1.0000000000000000E-002   1.2000000000000000E-002   1.0018594409453221        0.0000000000000000        1.0018594409453221        1.0000000000000000        6.9400066739805622E-310
  0.36501125586854816       -1.5595362051273475E-005  -4.7827562918900668E-004   1.0000000000000000E-002   1.2000000000000000E-002   1.0018641025794168        0.0000000000000000        1.0018641025794168        1.0000000000000000        6.9400066739805622E-310
  0.37501061054355339       -1.4701703442252255E-005  -4.5085330585425965E-004   1.0000000000000000E-002   1.2000000000000000E-002   1.0018685128737188        0.0000000000000000        1.0018685128737188        1.0000000000000000        6.9400066739805622E-310
  0.38500992334719514       -1.3749944847424735E-005  -4.2165213650058320E-004   1.0000000000000000E-002   1.2000000000000000E-002   1.0018726544217973        0.0000000000000000        1.0018726544217973        1.0000000000000000        6.9400066739805622E-310
  0.39500919699149317       -1.2743843267839366E-005  -3.9078732263053695E-004   1.0000000000000000E-002   1.2000000000000000E-002   1.0018765108775580        0.0000000000000000        1.0018765108775580        1.0000000000000000        6.9400066739805622E-310
  0.40500843434295969       -1.1687371137408563E-005  -3.5838073722871400E-004   1.0000000000000000E-002   1.2000000000000000E-002   1.0018800670202483        0.0000000000000000        1.0018800670202483        1.0000000000000000        6.9400066739805622E-310
  0.41500763841127680       -1.0584700994972422E-005  -3.2456018351467719E-004   1.0000000000000000E-002   1.2000000000000000E-002   1.0018833088143440        0.0000000000000000        1.0018833088143440        1.0000000000000000        6.9400066739805622E-310
  0.42500681233743237       -9.4401885719840227E-006  -2.8945916535061400E-004   1.0000000000000000E-002   1.2000000000000000E-002   1.0018862234648696        0.0000000000000000        1.0018862234648696        1.0000000000000000        6.9400066739805622E-310
  0.43500595938131786       -8.2583562490988847E-006  -2.5321613643658480E-004   1.0000000000000000E-002   1.2000000000000000E-002   1.0018887994680836        0.0000000000000000        1.0018887994680836        1.0000000000000000        6.9400066739805622E-310
  0.44500508290887364       -7.0438747352815173E-006  -2.1597410593532373E-004   1.0000000000000000E-002   1.2000000000000000E-002   1.0018910266566434        0.0000000000000000        1.0018910266566434        1.0000000000000000        6.9400066739805622E-310
  0.45500418637880746       -5.8015436348710996E-006  -1.7788003103280658E-004   1.0000000000000000E-002   1.2000000000000000E-002   1.0018928962400948        0.0000000000000000        1.0018928962400948        1.0000000000000000        6.9400066739805622E-310
  0.46500327332894759       -4.5362744077938682E-006  -1.3908420028485580E-004   1.0000000000000000E-002   1.2000000000000000E-002   1.0018944008394477        0.0000000000000000        1.0018944008394477        1.0000000000000000        6.9400066739805622E-310
  0.47500234736228786       -3.2530691848936967E-006  -9.9739672352328057E-005   1.0000000000000000E-002   1.2000000000000000E-002   1.0018955345162732        0.0000000000000000        1.0018955345162732        1.0000000000000000        6.9400066739805622E-310
  0.48500141213277209       -1.9570008055147867E-006  -6.0001596158265613E-005   1.0000000000000000E-002   1.2000000000000000E-002   1.0018962927957906        0.0000000000000000        1.0018962927957906        1.0000000000000000        6.9400066739805622E-310
  0.49500047133089131       -6.5319457124454101E-007  -2.0026875201750727E-005   1.0000000000000000E-002   1.2000000000000000E-002   1.0018966726851259        0.0000000000000000        1.0018966726851259        1.0000000000000000        6.9400066739805622E-310
  0.50499952866910935        6.5319452775721707E-007   2.0026848861043334E-005   1.0000000000000000E-002   1.2000000000000000E-002   1.0018966726852609        0.0000000000000000        1.0018966726852609        1.0000000000000000        6.9400066739805622E-310
  0.51499858786722508        1.9570009395590102E-006   6.0001655203478776E-005   1.0000000000000000E-002   1.2000000000000000E-002   1.0018962927957569        0.0000000000000000        1.0018962927957569        1.0000000000000000        6.9400066739805622E-310
  0.52499765263771370        3.2530690861033924E-006   9.9739624396910642E-005   1.0000000000000000E-002   1.2000000000000000E-002   1.0018955345161868        0.0000000000000000        1.0018955345161868        1.0000000000000000        6.9400066739805622E-310
  0.53499672667105180        4.5362744919324071E-006   1.3908420346098183E-004   1.0000000000000000E-002   1.2000000000000000E-002   1.0018944008395834        0.0000000000000000        1.0018944008395834        1.0000000000000000        6.9400066739805622E-310
  0.54499581362119065        5.8015436361543342E-006   1.7788006482089003E-004   1.0000000000000000E-002   1.2000000000000000E-002   1.0018928962400409        0.0000000000000000        1.0018928962400409        1.0000000000000000        6.9400066739805622E-310
  0.55499491709112714        7.0438748116908179E-006   2.1597408155749065E-004   1.0000000000000000E-002   1.2000000000000000E-002   1.0018910266565584        0.0000000000000000        1.0018910266565584        1.0000000000000000        6.9400066739805622E-310
  0.56499404061868208        8.2583562896359978E-006   2.5321614582374252E-004   1.0000000000000000E-002   1.2000000000000000E-002   1.0018887994680690        0.0000000000000000        1.0018887994680690        1.0000000000000000        6.9400066739805622E-310
  0.57499318766256846        9.4401884733982815E-006   2.8945916348721568E-004   1.0000000000000000E-002   1.2000000000000000E-002   1.0018862234648120        0.0000000000000000        1.0018862234648120        1.0000000000000000        6.9400066739805622E-310
  0.58499236158872447        1.0584700913199929E-005   3.2456017303861273E-004   1.0000000000000000E-002   1.2000000000000000E-002   1.0018833088143477        0.0000000000000000        1.0018833088143477        1.0000000000000000        6.9400066739805622E-310
  0.59499156565704103        1.1687371202566108E-005   3.5838073857252795E-004   1.0000000000000000E-002   1.2000000000000000E-002   1.0018800670202941        0.0000000000000000        1.0018800670202941        1.0000000000000000        6.9400066739805622E-310
  0.60499080300850705        1.2743843183654057E-005   3.9078733119168874E-004   1.0000000000000000E-002   1.2000000000000000E-002   1.0018765108775578        0.0000000000000000        1.0018765108775578        1.0000000000000000        6.9400066739805622E-310
  0.61499007665280570        1.3749944879355415E-005   4.2165212485834047E-004   1.0000000000000000E-002   1.2000000000000000E-002   1.0018726544218097        0.0000000000000000        1.0018726544218097        1.0000000000000000        6.9400066739805622E-310
  0.62498938945644666        1.4701703343724274E-005   4.5085330786154287E-004   1.0000000000000000E-002   1.2000000000000000E-002   1.0018685128737794        0.0000000000000000        1.0018685128737794        1.0000000000000000        6.9400066739805622E-310
  0.63498874413145123        1.5595362152866614E-005   4.7827564435110048E-004   1.0000000000000000E-002   1.2000000000000000E-002   1.0018641025793911        0.0000000000000000        1.0018641025793911        1.0000000000000000        6.9400066739805622E-310
  0.64498814322465181        1.6427394934033864E-005   5.0381088398765428E-004   1.0000000000000000E-002   1.2000000000000000E-002   1.0018594409452848        0.0000000000000000        1.0018594409452848        1.0000000000000000        6.9400066739805622E-310
  0.65498758910763566        1.7194519536167131E-005   5.2735828076944102E-004   1.0000000000000000E-002   1.2000000000000000E-002   1.0018545463698905        0.0000000000000000        1.0018545463698905        1.0000000000000000        6.9400066739805622E-310
  0.66498708396739203        1.7893712063146751E-005   5.4882481146645290E-004   1.0000000000000000E-002   1.2000000000000000E-002   1.0018494381711187        0.0000000000000000        1.0018494381711187        1.0000000000000000        6.9400066739805622E-310
  0.67498662979766511        1.8522216903304105E-005   5.6812587303944895E-004   1.0000000000000000E-002   1.2000000000000000E-002   1.0018441365095603        0.0000000000000000        1.0018441365095603        1.0000000000000000        6.9400066739805622E-310
  0.68498622839110512        1.9077559237944744E-005   5.8518508133165170E-004   1.0000000000000000E-002   1.2000000000000000E-002   1.0018386623094426        0.0000000000000000        1.0018386623094426        1.0000000000000000        6.9400066739805622E-310
  0.69498588133216233        1.9557553541199493E-005   5.9993522042756098E-004   1.0000000000000000E-002   1.2000000000000000E-002   1.0018330371760162        0.0000000000000000        1.0018330371760162        1.0000000000000000        6.9400066739805622E-310
  0.70498558999085215        1.9960312574417184E-005   6.1231797182870196E-004   1.0000000000000000E-002   1.2000000000000000E-002   1.0018272833096828        0.0000000000000000        1.0018272833096828        1.0000000000000000        6.9400066739805622E-310
  0.71498535551733100        2.0284255344651958E-005   6.2228443441902925E-004   1.0000000000000000E-002   1.2000000000000000E-002   1.0018214234190586        0.0000000000000000        1.0018214234190586        1.0000000000000000        6.9400066739805622E-310
  0.72498517883735603        2.0528111483398600E-005   6.2979521131367733E-004   1.0000000000000000E-002   1.2000000000000000E-002   1.0018154806310162        0.0000000000000000        1.0018154806310162        1.0000000000000000        6.9400066739805622E-310
  0.73498506064862257        2.0690928182432450E-005   6.3482062188846555E-004   1.0000000000000000E-002   1.2000000000000000E-002   1.0018094783994804        0.0000000000000000        1.0018094783994804        1.0000000000000000        6.9400066739805622E-310
  0.74498500141800572        2.0772072017974141E-005   6.3734078243449233E-004   1.0000000000000000E-002   1.2000000000000000E-002   1.0018034404127119        0.0000000000000000        1.0018034404127119        1.0000000000000000        6.9400066739805622E-310
  0.75498500137971258        2.0771233548550885E-005   6.3734564988937592E-004   1.0000000000000000E-002   1.2000000000000000E-002   1.0017973905001321        0.0000000000000000        1.0017973905001321        1.0000000000000000        6.9400066739805622E-310
  0.76498506053434390        2.0688424679586405E-005   6.3483522413232407E-004   1.0000000000000000E-002   1.2000000000000000E-002   1.0017913525378821        0.0000000000000000        1.0017913525378821        1.0000000000000000        6.9400066739805622E-310
  0.77498517864889693        2.0523983559983668E-005   6.2981925054295118E-004   1.0000000000000000E-002   1.2000000000000000E-002   1.0017853503549354        0.0000000000000000        1.0017853503549354        1.0000000000000000        6.9400066739805622E-310
  0.78498535525766200        2.0278567459417324E-005   6.2231756446173847E-004   1.0000000000000000E-002   1.2000000000000000E-002   1.0017794076389732        0.0000000000000000        1.0017794076389732        1.0000000000000000        6.9400066739805622E-310
  0.79498558966406785        1.9953154874781948E-005   6.1235967496386934E-004   1.0000000000000000E-002   1.2000000000000000E-002   1.0017735478425775        0.0000000000000000        1.0017735478425775        1.0000000000000000        6.9400066739805622E-310
  0.80498588094341672        1.9549038117732392E-005   5.9998482758150118E-004   1.0000000000000000E-002   1.2000000000000000E-002   1.0017677940912051        0.0000000000000000        1.0017677940912051        1.0000000000000000        6.9400066739805622E-310
  0.81498622794652809        1.9067821265891745E-005   5.8524183299191179E-004   1.0000000000000000E-002   1.2000000000000000E-002   1.0017621690915646        0.0000000000000000        1.0017621690915646        1.0000000000000000        6.9400066739805622E-310
  0.82498662930427091        1.8511409687801773E-005   5.6818880465581145E-004   1.0000000000000000E-002   1.2000000000000000E-002   1.0017566950421950        0.0000000000000000        1.0017566950421950        1.0000000000000000        6.9400066739805622E-310
  0.83498708343295702        1.7882005669277276E-005   5.4889305193750459E-004   1.0000000000000000E-002   1.2000000000000000E-002   1.0017513935457216        0.0000000000000000        1.0017513935457216        1.0000000000000000        6.9400066739805622E-310
  0.84498758854059353        1.7182099130347637E-005   5.2743063724047801E-004   1.0000000000000000E-002   1.2000000000000000E-002   1.0017462855237325        0.0000000000000000        1.0017462855237325        1.0000000000000000        6.9400066739805622E-310
  0.85498814263394385        1.6414455832058625E-005   5.0388624586972242E-004   1.0000000000000000E-002   1.2000000000000000E-002   1.0017413911344542        0.0000000000000000        1.0017413911344542        1.0000000000000000        6.9400066739805622E-310
  0.86498874352639155        1.5582108869552182E-005   4.7835285077102441E-004   1.0000000000000000E-002   1.2000000000000000E-002   1.0017367296925597        0.0000000000000000        1.0017367296925597        1.0000000000000000        6.9400066739805622E-310
  0.87498938884657684        1.4688344733882502E-005   4.5093113742922242E-004   1.0000000000000000E-002   1.2000000000000000E-002   1.0017323195933652        0.0000000000000000        1.0017323195933652        1.0000000000000000        6.9400066739805622E-310
  0.88499007604774405        1.3736691508333929E-005   4.2172934770867698E-004   1.0000000000000000E-002   1.2000000000000000E-002   1.0017281782404659        0.0000000000000000        1.0017281782404659        1.0000000000000000        6.9400066739805622E-310
  0.89499080241779627        1.2730904394794443E-005   3.9086272588573223E-004   1.0000000000000000E-002   1.2000000000000000E-002   1.0017243219767045        0.0000000000000000        1.0017243219767045        1.0000000000000000        6.9400066739805622E-310
  0.90499156508999912        1.1674950597413560E-005   3.5845307293502771E-004   1.0000000000000000E-002   1.2000000000000000E-002   1.0017207660200329        0.0000000000000000        1.0017207660200329        1.0000000000000000        6.9400066739805622E-310
  0.91499236105428983        1.0572994732493373E-005   3.2462841097657957E-004   1.0000000000000000E-002   1.2000000000000000E-002   1.0017175244028838        0.0000000000000000        1.0017175244028838        1.0000000000000000        6.9400066739805622E-310
  0.92499318716917467        9.4293811334984737E-006   2.8952209907817661E-004   1.0000000000000000E-002   1.2000000000000000E-002   1.0017146099174778        0.0000000000000000        1.0017146099174778        1.0000000000000000        6.9400066739805622E-310
  0.93499404017410681        8.2486182807301377E-006   2.5327286105270019E-004   1.0000000000000000E-002   1.2000000000000000E-002   1.0017120340651298        0.0000000000000000        1.0017120340651298        1.0000000000000000        6.9400066739805622E-310
  0.94499491670237945        7.0353595882514756E-006   2.1602373504947536E-004   1.0000000000000000E-002   1.2000000000000000E-002   1.0017098070103825        0.0000000000000000        1.0017098070103825        1.0000000000000000        6.9400066739805622E-310
  0.95499581329440664        5.7943857109737279E-006   1.7792175341924121E-004   1.0000000000000000E-002   1.2000000000000000E-002   1.0017079375417033        0.0000000000000000        1.0017079375417033        1.0000000000000000        6.9400066739805622E-310
  0.96499672641138312        4.5305866834723746E-006   1.3911732402149823E-004   1.0000000000000000E-002   1.2000000000000000E-002   1.0017064330365266        0.0000000000000000        1.0017064330365266        1.0000000000000000        6.9400066739805622E-310
  0.97499765244925352        3.2489411250839612E-006   9.9763688958809382E-005   1.0000000000000000E-002   1.2000000000000000E-002   1.0017052994318987        0.0000000000000000        1.0017052994318987        1.0000000000000000        6.9400066739805622E-310
  0.98499858775294846        1.9544976837728568E-006   6.0016201096857458E-005   1.0000000000000000E-002   1.2000000000000000E-002   1.0017045412010765        0.0000000000000000        1.0017045412010765        1.0000000000000000        6.9400066739805622E-310
  0.99499952863081276        6.5235584337869923E-007   2.0031790905150615E-005   1.0000000000000000E-002   1.2000000000000000E-002   1.0017041613360069        0.0000000000000000        1.0017041613360069        1.0000000000000000        6.9400066739805622E-310
   1.0050004713691860       -6.5236182312659923E-007  -2.0095724446278496E-005   1.0000000000000000E-002   1.2000000000000000E-002   1.0017041613359392        0.0000000000000000        1.0017041613359392        1.0000000000000000        6.9400066739805622E-310
   1.0150014122470516       -1.9545154805289889E-006  -6.0207787790034217E-005   1.0000000000000000E-002   1.2000000000000000E-002   1.0017045412009431        0.0000000000000000        1.0017045412009431        1.0000000000000000        6.9400066739805622E-310
   1.0250023475507481       -3.2489702094124915E-006  -1.0008216836965289E-004   1.0000000000000000E-002   1.2000000000000000E-002   1.0017052994318620        0.0000000000000000        1.0017052994318620        1.0000000000000000        6.9400066739805622E-310
   1.0350032735886179       -4.5306277410298376E-006  -1.3956144647053748E-004   1.0000000000000000E-002   1.2000000000000000E-002   1.0017064330365961        0.0000000000000000        1.0017064330365961        1.0000000000000000        6.9400066739805622E-310
   1.0450041867055935       -5.7944382397571190E-006  -1.7848976307899278E-004   1.0000000000000000E-002   1.2000000000000000E-002   1.0017079375417646        0.0000000000000000        1.0017079375417646        1.0000000000000000        6.9400066739805622E-310
  -5.0004713691872427E-003   6.5243258052546950E-007  -3.5767633061438002E+077   1.0000000000000000E-002   1.2000000000000000E-002   1.0017041613360069        0.0000000000000000        1.0017041613360069        1.0000000000000000        6.9400066739805622E-310
  -1.5001412247051538E-002   1.9547275780322194E-006   0.0000000000000000        1.0000000000000000E-002   1.2000000000000000E-002   1.0017045412010765        0.0000000000000000        1.0017045412010765        1.0000000000000000        6.9400066739805622E-310
  -2.5002347550746484E-002   3.2493232958248812E-006  -3.5767633061438002E+077   1.0000000000000000E-002   1.2000000000000000E-002   1.0017052994318987        0.0000000000000000        1.0017052994318987        1.0000000000000000        6.9400066739805622E-310
  -3.5003273588616879E-002   4.5311196192628062E-006   6.9400068546417920E-310   1.0000000000000000E-002   1.2000000000000000E-002   1.0017064330365266        0.0000000000000000        1.0017064330365266        1.0000000000000000        6.9400066739805622E-310
  -4.5004186705593363E-002   5.7950673225302575E-006   6.9400066883177543E-310   1.0000000000000000E-002   1.2000000000000000E-002   1.0017079375417033        0.0000000000000000        1.0017079375417033        1.0000000000000000        6.9400066739805622E-310
