 # x, v, a, m, h, rho, u, P, c, ke
   3.1512000000000620     
   5.0004783292998669E-003  -3.8036910273427215E-007  -2.0327239410811160E-005   1.0000000000000000E-002   1.2000000000000000E-002   1.0017027402696670        0.0000000000000000        1.0017027402696670        1.0000000000000000        6.9400066739805622E-310
   1.5001433099949096E-002  -1.1396134822526577E-006  -6.0901383434952550E-005   1.0000000000000000E-002   1.2000000000000000E-002   1.0017031257365303        0.0000000000000000        1.0017031257365303        1.0000000000000000        6.9400066739805622E-310
   2.5002382214211586E-002  -1.8943831547595163E-006  -1.0123512776250010E-004   1.0000000000000000E-002   1.2000000000000000E-002   1.0017038951489117        0.0000000000000000        1.0017038951489117        1.0000000000000000        6.9400066739805622E-310
   3.5003321925980900E-002  -2.6417144510276913E-006  -1.4116929678831269E-004   1.0000000000000000E-002   1.2000000000000000E-002   1.0017050454712630        0.0000000000000000        1.0017050454712630        1.0000000000000000        6.9400066739805622E-310
   4.5004248526265098E-002  -3.3786713764320629E-006  -1.8054609085904616E-004   1.0000000000000000E-002   1.2000000000000000E-002   1.0017065721644904        0.0000000000000000        1.0017065721644904        1.0000000000000000        6.9400066739805622E-310
   5.5005158357848270E-002  -4.1023593002510801E-006  -2.1921013517989252E-004   1.0000000000000000E-002   1.2000000000000000E-002   1.0017084692039797        0.0000000000000000        1.0017084692039797        1.0000000000000000        6.9400066739805622E-310
   6.5006047829720817E-002  -4.8099348891745736E-006  -2.5700887862090127E-004   1.0000000000000000E-002   1.2000000000000000E-002   1.0017107291044614        0.0000000000000000        1.0017107291044614        1.0000000000000000        6.9400066739805622E-310
   7.5006913431247338E-002  -5.4986158451587356E-006  -2.9379299822718252E-004   1.0000000000000000E-002   1.2000000000000000E-002   1.0017133429485987        0.0000000000000000        1.0017133429485987        1.0000000000000000        6.9400066739805622E-310
   8.5007751746041693E-002  -6.1656946412291373E-006  -3.2941736297154023E-004   1.0000000000000000E-002   1.2000000000000000E-002   1.0017163004222049        0.0000000000000000        1.0017163004222049        1.0000000000000000        6.9400066739805622E-310
   9.5008559465442025E-002  -6.8085468731625018E-006  -3.6374131288585687E-004   1.0000000000000000E-002   1.2000000000000000E-002   1.0017195898552238        0.0000000000000000        1.0017195898552238        1.0000000000000000        6.9400066739805622E-310
  0.10500933340158063       -7.4246415183890110E-006  -3.9662941738249913E-004   1.0000000000000000E-002   1.2000000000000000E-002   1.0017231982676724        0.0000000000000000        1.0017231982676724        1.0000000000000000        6.9400066739805622E-310
  0.11501007049995798       -8.0115521211140800E-006  -4.2795178214305452E-004   1.0000000000000000E-002   1.2000000000000000E-002   1.0017271114206479        0.0000000000000000        1.0017271114206479        1.0000000000000000        6.9400066739805622E-310
  0.12501076785151261       -8.5669649335120120E-006  -4.5758487405400672E-004   1.0000000000000000E-002   1.2000000000000000E-002   1.0017313138726436        0.0000000000000000        1.0017313138726436        1.0000000000000000        6.9400066739805622E-310
  0.13501142270409008       -9.0886894585183600E-006  -4.8541170783877874E-004   1.0000000000000000E-002   1.2000000000000000E-002   1.0017357890407570        0.0000000000000000        1.0017357890407570        1.0000000000000000        6.9400066739805622E-310
  0.14501203247330993       -9.5746654077241162E-006  -5.1132243081219997E-004   1.0000000000000000E-002   1.2000000000000000E-002   1.0017405192654241        0.0000000000000000        1.0017405192654241        1.0000000000000000        6.9400066739805622E-310
  0.15501259475276957       -1.0022971829123729E-005  -5.3521487262386813E-004   1.0000000000000000E-002   1.2000000000000000E-002   1.0017454858806993        0.0000000000000000        1.0017454858806993        1.0000000000000000        6.9400066739805622E-310
  0.16501310732352839       -1.0431835116313753E-005  -5.5699465564185147E-004   1.0000000000000000E-002   1.2000000000000000E-002   1.0017506692875342        0.0000000000000000        1.0017506692875342        1.0000000000000000        6.9400066739805622E-310
  0.17501356816287753       -1.0799635002280975E-005  -5.7657591804538555E-004   1.0000000000000000E-002   1.2000000000000000E-002   1.0017560490310673        0.0000000000000000        1.0017560490310673        1.0000000000000000        6.9400066739805622E-310
  0.18501397545230905       -1.1124911476895700E-005  -5.9388139978011623E-004   1.0000000000000000E-002   1.2000000000000000E-002   1.0017616038817914        0.0000000000000000        1.0017616038817914        1.0000000000000000        6.9400066739805622E-310
  0.19501432758469192       -1.1406371355528829E-005  -6.0884281252615580E-004   1.0000000000000000E-002   1.2000000000000000E-002   1.0017673119188071        0.0000000000000000        1.0017673119188071        1.0000000000000000        6.9400066739805622E-310
  0.20501462317061281       -1.1642892823639550E-005  -6.2140115824593778E-004   1.0000000000000000E-002   1.2000000000000000E-002   1.0017731506164766        0.0000000000000000        1.0017731506164766        1.0000000000000000        6.9400066739805622E-310
  0.21501486104385226       -1.1833530143662614E-005  -6.3150689710855801E-004   1.0000000000000000E-002   1.2000000000000000E-002   1.0017790969332603        0.0000000000000000        1.0017790969332603        1.0000000000000000        6.9400066739805622E-310
  0.22501504026598632       -1.1977517203101704E-005  -6.3912024990919747E-004   1.0000000000000000E-002   1.2000000000000000E-002   1.0017851274028944        0.0000000000000000        1.0017851274028944        1.0000000000000000        6.9400066739805622E-310
  0.23501516013007492       -1.2074271847202884E-005  -6.4421112037393868E-004   1.0000000000000000E-002   1.2000000000000000E-002   1.0017912182266235        0.0000000000000000        1.0017912182266235        1.0000000000000000        6.9400066739805622E-310
  0.24501522016345897       -1.2123397639236468E-005  -6.4675951067183490E-004   1.0000000000000000E-002   1.2000000000000000E-002   1.0017973453670217        0.0000000000000000        1.0017973453670217        1.0000000000000000        6.9400066739805622E-310
  0.25501522012961259       -1.2124685161305117E-005  -6.4675543610626107E-004   1.0000000000000000E-002   1.2000000000000000E-002   1.0018034846434385        0.0000000000000000        1.0018034846434385        1.0000000000000000        6.9400066739805622E-310
  0.26501516002906844       -1.2078114613066415E-005  -6.4419892763201148E-004   1.0000000000000000E-002   1.2000000000000000E-002   1.0018096118270119        0.0000000000000000        1.0018096118270119        1.0000000000000000        6.9400066739805622E-310
  0.27501504009941319       -1.1983854289137710E-005  -6.3910013140500155E-004   1.0000000000000000E-002   1.2000000000000000E-002   1.0018157027362382        0.0000000000000000        1.0018157027362382        1.0000000000000000        6.9400066739805622E-310
  0.28501486081434241       -1.1842261480145832E-005  -6.3147922568873582E-004   1.0000000000000000E-002   1.2000000000000000E-002   1.0018217333326302        0.0000000000000000        1.0018217333326302        1.0000000000000000        6.9400066739805622E-310
  0.29501462288178304       -1.1653881206635454E-005  -6.2136630556075545E-004   1.0000000000000000E-002   1.2000000000000000E-002   1.0018276798153538        0.0000000000000000        1.0018276798153538        1.0000000000000000        6.9400066739805622E-310
  0.30501432724109961       -1.1419442965197400E-005  -6.0880139405572464E-004   1.0000000000000000E-002   1.2000000000000000E-002   1.0018335187155629        0.0000000000000000        1.0018335187155629        1.0000000000000000        6.9400066739805622E-310
  0.31501397505936812       -1.1139860270578113E-005  -5.9383396117684839E-004   1.0000000000000000E-002   1.2000000000000000E-002   1.0018392269883307        0.0000000000000000        1.0018392269883307        1.0000000000000000        6.9400066739805622E-310
  0.32501356772678980       -1.0816225235087720E-005  -5.7652332713509225E-004   1.0000000000000000E-002   1.2000000000000000E-002   1.0018447821043268        0.0000000000000000        1.0018447821043268        1.0000000000000000        6.9400066739805622E-310
  0.33501310685116892       -1.0449805680483147E-005  -5.5693769454467912E-004   1.0000000000000000E-002   1.2000000000000000E-002   1.0018501621388476        0.0000000000000000        1.0018501621388476        1.0000000000000000        6.9400066739805622E-310
  0.34501259425158515       -1.0042038793003249E-005  -5.3515437951645595E-004   1.0000000000000000E-002   1.2000000000000000E-002   1.0018553458572586        0.0000000000000000        1.0018553458572586        1.0000000000000000        6.9400066739805622E-310
  0.35501203195120834       -9.5945279183429196E-006  -5.1125944152996539E-004   1.0000000000000000E-002   1.2000000000000000E-002   1.0018603127999166        0.0000000000000000        1.0018603127999166        1.0000000000000000        6.9400066739805622E-310
  0.36501142216930499       -9.1090348975136800E-006  -4.8534719491488687E-004   1.0000000000000000E-002   1.2000000000000000E-002   1.0018650433628828        0.0000000000000000        1.0018650433628828        1.0000000000000000        6.9400066739805622E-310
  0.37501076731247784       -8.5874720775576608E-006  -4.5751985313469135E-004   1.0000000000000000E-002   1.2000000000000000E-002   1.0018695188747508        0.0000000000000000        1.0018695188747508        1.0000000000000000        6.9400066739805622E-310
  0.38501006996517395       -8.0318971620427699E-006  -4.2788727708664709E-004   1.0000000000000000E-002   1.2000000000000000E-002   1.0018737216705480        0.0000000000000000        1.0018737216705480        1.0000000000000000        6.9400066739805622E-310
  0.39500933287947992       -7.4445041866842588E-006  -3.9656642131458142E-004   1.0000000000000000E-002   1.2000000000000000E-002   1.0018776351618202        0.0000000000000000        1.0018776351618202        1.0000000000000000        6.9400066739805622E-310
  0.40500855896425997       -6.8276136926981718E-006  -3.6368085341553780E-004   1.0000000000000000E-002   1.2000000000000000E-002   1.0018812439017761        0.0000000000000000        1.0018812439017761        1.0000000000000000        6.9400066739805622E-310
  0.41500775127368167       -6.1836651863793788E-006  -3.2936038494479902E-004   1.0000000000000000E-002   1.2000000000000000E-002   1.0018845336464501        0.0000000000000000        1.0018845336464501        1.0000000000000000        6.9400066739805622E-310
  0.42500691299515875       -5.5152063462618366E-006  -2.9374040426866088E-004   1.0000000000000000E-002   1.2000000000000000E-002   1.0018874914109466        0.0000000000000000        1.0018874914109466        1.0000000000000000        6.9400066739805622E-310
  0.43500604743677851       -4.8248836026758855E-006  -2.5696143762221624E-004   1.0000000000000000E-002   1.2000000000000000E-002   1.0018901055203404        0.0000000000000000        1.0018901055203404        1.0000000000000000        6.9400066739805622E-310
  0.44500515801425433       -4.1154309561997351E-006  -2.1916871185823084E-004   1.0000000000000000E-002   1.2000000000000000E-002   1.0018923656565295        0.0000000000000000        1.0018923656565295        1.0000000000000000        6.9400066739805622E-310
  0.45500424823743418       -3.3896595241241404E-006  -1.8051123565321348E-004   1.0000000000000000E-002   1.2000000000000000E-002   1.0018942628985350        0.0000000000000000        1.0018942628985350        1.0000000000000000        6.9400066739805622E-310
  0.46500332169646980       -2.6504458744380836E-006  -1.4114159780476143E-004   1.0000000000000000E-002   1.2000000000000000E-002   1.0018957897575618        0.0000000000000000        1.0018957897575618        1.0000000000000000        6.9400066739805622E-310
  0.47500238204764106       -1.9007201346411896E-006  -1.0121505492666216E-004   1.0000000000000000E-002   1.2000000000000000E-002   1.0018969402067477        0.0000000000000000        1.0018969402067477        1.0000000000000000        6.9400066739805622E-310
  0.48500143299894355       -1.1434562578842141E-006  -6.0889193414404019E-005   1.0000000000000000E-002   1.2000000000000000E-002   1.0018977097048611        0.0000000000000000        1.0018977097048611        1.0000000000000000        6.9400066739805622E-310
  0.49500047829545268       -3.8165669378992076E-007  -2.0323141015410329E-005   1.0000000000000000E-002   1.2000000000000000E-002   1.0018980952147851        0.0000000000000000        1.0018980952147851        1.0000000000000000        6.9400066739805622E-310
  0.50499952170454687        3.8165674627809118E-007   2.0323129238164483E-005   1.0000000000000000E-002   1.2000000000000000E-002   1.0018980952148395        0.0000000000000000        1.0018980952148395        1.0000000000000000        6.9400066739805622E-310
  0.51499856700105462        1.1434561193102314E-006   6.0889220881321648E-005   1.0000000000000000E-002   1.2000000000000000E-002   1.0018977097048452        0.0000000000000000        1.0018977097048452        1.0000000000000000        6.9400066739805622E-310
  0.52499761795235866        1.9007202860784623E-006   1.0121505775551043E-004   1.0000000000000000E-002   1.2000000000000000E-002   1.0018969402065883        0.0000000000000000        1.0018969402065883        1.0000000000000000        6.9400066739805622E-310
  0.53499667830353204        2.6504458739254491E-006   1.4114156299527281E-004   1.0000000000000000E-002   1.2000000000000000E-002   1.0018957897575591        0.0000000000000000        1.0018957897575591        1.0000000000000000        6.9400066739805622E-310
  0.54499575176256543        3.3896594175438028E-006   1.8051124823248443E-004   1.0000000000000000E-002   1.2000000000000000E-002   1.0018942628986185        0.0000000000000000        1.0018942628986185        1.0000000000000000        6.9400066739805622E-310
  0.55499484198574578        4.1154310830774804E-006   2.1916869698923591E-004   1.0000000000000000E-002   1.2000000000000000E-002   1.0018923656566268        0.0000000000000000        1.0018923656566268        1.0000000000000000        6.9400066739805622E-310
  0.56499395256321894        4.8248835660586512E-006   2.5696148657594620E-004   1.0000000000000000E-002   1.2000000000000000E-002   1.0018901055202938        0.0000000000000000        1.0018901055202938        1.0000000000000000        6.9400066739805622E-310
  0.57499308700484220        5.5152062802772356E-006   2.9374038847684858E-004   1.0000000000000000E-002   1.2000000000000000E-002   1.0018874914107363        0.0000000000000000        1.0018874914107363        1.0000000000000000        6.9400066739805622E-310
  0.58499224872632061        6.1836652469239530E-006   3.2936035409480979E-004   1.0000000000000000E-002   1.2000000000000000E-002   1.0018845336464646        0.0000000000000000        1.0018845336464646        1.0000000000000000        6.9400066739805622E-310
  0.59499144103574031        6.8276136210521508E-006   3.6368087506311042E-004   1.0000000000000000E-002   1.2000000000000000E-002   1.0018812439018214        0.0000000000000000        1.0018812439018214        1.0000000000000000        6.9400066739805622E-310
  0.60499066712052130        7.4445043345619084E-006   3.9656641637453305E-004   1.0000000000000000E-002   1.2000000000000000E-002   1.0018776351617893        0.0000000000000000        1.0018776351617893        1.0000000000000000        6.9400066739805622E-310
  0.61498993003482716        8.0318972938444558E-006   4.2788727643650049E-004   1.0000000000000000E-002   1.2000000000000000E-002   1.0018737216705571        0.0000000000000000        1.0018737216705571        1.0000000000000000        6.9400066739805622E-310
  0.62498923268752304        8.5874718748185326E-006   4.5751985482933577E-004   1.0000000000000000E-002   1.2000000000000000E-002   1.0018695188747411        0.0000000000000000        1.0018695188747411        1.0000000000000000        6.9400066739805622E-310
  0.63498857783069662        9.1090348416031578E-006   4.8534716331616323E-004   1.0000000000000000E-002   1.2000000000000000E-002   1.0018650433630114        0.0000000000000000        1.0018650433630114        1.0000000000000000        6.9400066739805622E-310
  0.64498796804878977        9.5945279896019905E-006   5.1125947757668655E-004   1.0000000000000000E-002   1.2000000000000000E-002   1.0018603128000290        0.0000000000000000        1.0018603128000290        1.0000000000000000        6.9400066739805622E-310
  0.65498740574841385        1.0042038819849155E-005   5.3515439682261245E-004   1.0000000000000000E-002   1.2000000000000000E-002   1.0018553458571284        0.0000000000000000        1.0018553458571284        1.0000000000000000        6.9400066739805622E-310
  0.66498689314883219        1.0449805325175216E-005   5.5693767195386101E-004   1.0000000000000000E-002   1.2000000000000000E-002   1.0018501621387377        0.0000000000000000        1.0018501621387377        1.0000000000000000        6.9400066739805622E-310
  0.67498643227321176        1.0816225550014529E-005   5.7652329769464217E-004   1.0000000000000000E-002   1.2000000000000000E-002   1.0018447821044583        0.0000000000000000        1.0018447821044583        1.0000000000000000        6.9400066739805622E-310
  0.68498602494062977        1.1139860351447792E-005   5.9383401227286470E-004   1.0000000000000000E-002   1.2000000000000000E-002   1.0018392269883565        0.0000000000000000        1.0018392269883565        1.0000000000000000        6.9400066739805622E-310
  0.69498567275890144        1.1419443231934357E-005   6.0880136827989872E-004   1.0000000000000000E-002   1.2000000000000000E-002   1.0018335187154770        0.0000000000000000        1.0018335187154770        1.0000000000000000        6.9400066739805622E-310
  0.70498537711821696        1.1653880922412099E-005   6.2136630436171458E-004   1.0000000000000000E-002   1.2000000000000000E-002   1.0018276798153956        0.0000000000000000        1.0018276798153956        1.0000000000000000        6.9400066739805622E-310
  0.71498513918565765        1.1842261533658568E-005   6.3147921708850419E-004   1.0000000000000000E-002   1.2000000000000000E-002   1.0018217333327097        0.0000000000000000        1.0018217333327097        1.0000000000000000        6.9400066739805622E-310
  0.72498495990058509        1.1983854334731947E-005   6.3910015408019660E-004   1.0000000000000000E-002   1.2000000000000000E-002   1.0018157027362551        0.0000000000000000        1.0018157027362551        1.0000000000000000        6.9400066739805622E-310
  0.73498483997093134        1.2078114422875216E-005   6.4419891340250501E-004   1.0000000000000000E-002   1.2000000000000000E-002   1.0018096118269917        0.0000000000000000        1.0018096118269917        1.0000000000000000        6.9400066739805622E-310
  0.74498477987038614        1.2124685120162694E-005   6.4675545198245032E-004   1.0000000000000000E-002   1.2000000000000000E-002   1.0018034846434094        0.0000000000000000        1.0018034846434094        1.0000000000000000        6.9400066739805622E-310
  0.75498477983654133        1.2123397549362679E-005   6.4675950179449160E-004   1.0000000000000000E-002   1.2000000000000000E-002   1.0017973453669635        0.0000000000000000        1.0017973453669635        1.0000000000000000        6.9400066739805622E-310
  0.76498483986992494        1.2074272035029504E-005   6.4421113387425066E-004   1.0000000000000000E-002   1.2000000000000000E-002   1.0017912182265412        0.0000000000000000        1.0017912182265412        1.0000000000000000        6.9400066739805622E-310
  0.77498495973401582        1.1977517055920764E-005   6.3912021648437900E-004   1.0000000000000000E-002   1.2000000000000000E-002   1.0017851274029053        0.0000000000000000        1.0017851274029053        1.0000000000000000        6.9400066739805622E-310
  0.78498513895614730        1.1833530185846210E-005   6.3150691953772764E-004   1.0000000000000000E-002   1.2000000000000000E-002   1.0017790969333182        0.0000000000000000        1.0017790969333182        1.0000000000000000        6.9400066739805622E-310
  0.79498537682938808        1.1642892907423374E-005   6.2140114075770470E-004   1.0000000000000000E-002   1.2000000000000000E-002   1.0017731506165120        0.0000000000000000        1.0017731506165120        1.0000000000000000        6.9400066739805622E-310
  0.80498567241530694        1.1406371573377858E-005   6.0884283841833309E-004   1.0000000000000000E-002   1.2000000000000000E-002   1.0017673119188095        0.0000000000000000        1.0017673119188095        1.0000000000000000        6.9400066739805622E-310
  0.81498602454769176        1.1124911232100727E-005   5.9388138086102771E-004   1.0000000000000000E-002   1.2000000000000000E-002   1.0017616038817534        0.0000000000000000        1.0017616038817534        1.0000000000000000        6.9400066739805622E-310
  0.82498643183712228        1.0799634890948145E-005   5.7657592467830199E-004   1.0000000000000000E-002   1.2000000000000000E-002   1.0017560490310935        0.0000000000000000        1.0017560490310935        1.0000000000000000        6.9400066739805622E-310
  0.83498689267647164        1.0431835126848088E-005   5.5699466395964237E-004   1.0000000000000000E-002   1.2000000000000000E-002   1.0017506692874865        0.0000000000000000        1.0017506692874865        1.0000000000000000        6.9400066739805622E-310
  0.84498740524723126        1.0022971875226537E-005   5.3521487222329966E-004   1.0000000000000000E-002   1.2000000000000000E-002   1.0017454858806238        0.0000000000000000        1.0017454858806238        1.0000000000000000        6.9400066739805622E-310
  0.85498796752669171        9.5746654353490590E-006   5.1132241577533932E-004   1.0000000000000000E-002   1.2000000000000000E-002   1.0017405192654121        0.0000000000000000        1.0017405192654121        1.0000000000000000        6.9400066739805622E-310
  0.86498857729591117        9.0886894337658076E-006   4.8541168862037409E-004   1.0000000000000000E-002   1.2000000000000000E-002   1.0017357890409011        0.0000000000000000        1.0017357890409011        1.0000000000000000        6.9400066739805622E-310
  0.87498923214848590        8.5669650000464873E-006   4.5758489852332218E-004   1.0000000000000000E-002   1.2000000000000000E-002   1.0017313138727613        0.0000000000000000        1.0017313138727613        1.0000000000000000        6.9400066739805622E-310
  0.88498992950004074        8.0115522756346905E-006   4.2795179387500326E-004   1.0000000000000000E-002   1.2000000000000000E-002   1.0017271114206039        0.0000000000000000        1.0017271114206039        1.0000000000000000        6.9400066739805622E-310
  0.89499066659841886        7.4246413584850351E-006   3.9662942655649402E-004   1.0000000000000000E-002   1.2000000000000000E-002   1.0017231982675385        0.0000000000000000        1.0017231982675385        1.0000000000000000        6.9400066739805622E-310
  0.90499144053455949        6.8085468051263599E-006   3.6374129661354004E-004   1.0000000000000000E-002   1.2000000000000000E-002   1.0017195898551163        0.0000000000000000        1.0017195898551163        1.0000000000000000        6.9400066739805622E-310
  0.91499224825396008        6.1656946503353200E-006   3.2941734998459538E-004   1.0000000000000000E-002   1.2000000000000000E-002   1.0017163004222329        0.0000000000000000        1.0017163004222329        1.0000000000000000        6.9400066739805622E-310
  0.92499308656875345        5.4986160166385263E-006   2.9379299879739307E-004   1.0000000000000000E-002   1.2000000000000000E-002   1.0017133429486735        0.0000000000000000        1.0017133429486735        1.0000000000000000        6.9400066739805622E-310
  0.93499395217027947        4.8099347471409618E-006   2.5700887738189238E-004   1.0000000000000000E-002   1.2000000000000000E-002   1.0017107291045477        0.0000000000000000        1.0017107291045477        1.0000000000000000        6.9400066739805622E-310
  0.94499484164215053        4.1023592819778909E-006   2.1921017261217202E-004   1.0000000000000000E-002   1.2000000000000000E-002   1.0017084692039071        0.0000000000000000        1.0017084692039071        1.0000000000000000        6.9400066739805622E-310
  0.95499575147373672        3.3786714424838395E-006   1.8054606954542862E-004   1.0000000000000000E-002   1.2000000000000000E-002   1.0017065721643350        0.0000000000000000        1.0017065721643350        1.0000000000000000        6.9400066739805622E-310
  0.96499667807402156        2.6417142039004528E-006   1.4116926467533375E-004   1.0000000000000000E-002   1.2000000000000000E-002   1.0017050454713603        0.0000000000000000        1.0017050454713603        1.0000000000000000        6.9400066739805622E-310
  0.97499761778578786        1.8943833622298350E-006   1.0123515604743005E-004   1.0000000000000000E-002   1.2000000000000000E-002   1.0017038951490163        0.0000000000000000        1.0017038951490163        1.0000000000000000        6.9400066739805622E-310
  0.98499856690005116        1.1396135618571779E-006   6.0901375968036575E-005   1.0000000000000000E-002   1.2000000000000000E-002   1.0017031257365410        0.0000000000000000        1.0017031257365410        1.0000000000000000        6.9400066739805622E-310
  0.99499952167069960        3.8036902438946264E-007   2.0327244202533734E-005   1.0000000000000000E-002   1.2000000000000000E-002   1.0017027402696994        0.0000000000000000        1.0017027402696994        1.0000000000000000        6.9400066739805622E-310
   1.0050004783292998       -3.8037508936413062E-007  -2.0363345126561683E-005   1.0000000000000000E-002   1.2000000000000000E-002   1.0017027402696670        0.0000000000000000        1.0017027402696670        1.0000000000000000        6.9400066739805622E-310
   1.0150014330999491       -1.1396314034041537E-006  -6.1009551770574433E-005   1.0000000000000000E-002   1.2000000000000000E-002   1.0017031257365303        0.0000000000000000        1.0017031257365303        1.0000000000000000        6.9400066739805622E-310
   1.0250023822142116       -1.8944129420564121E-006  -1.0141494240389903E-004   1.0000000000000000E-002   1.2000000000000000E-002   1.0017038951489117        0.0000000000000000        1.0017038951489117        1.0000000000000000        6.9400066739805622E-310
   1.0350033219259809       -2.6417560015027520E-006  -1.4142007882078644E-004   1.0000000000000000E-002   1.2000000000000000E-002   1.0017050454712630        0.0000000000000000        1.0017050454712630        1.0000000000000000        6.9400066739805622E-310
   1.0450042485262652       -3.3787245094596405E-006  -1.8086685263352109E-004   1.0000000000000000E-002   1.2000000000000000E-002   1.0017065721644904        0.0000000000000000        1.0017065721644904        1.0000000000000000        6.9400066739805622E-310
  -5.0004783293003952E-003   3.8041234570186668E-007  -3.5767633061438002E+077   1.0000000000000000E-002   1.2000000000000000E-002   1.0017027402696994        0.0000000000000000        1.0017027402696994        1.0000000000000000        6.9400066739805622E-310
  -1.5001433099948835E-002   1.1397433707600046E-006   0.0000000000000000        1.0000000000000000E-002   1.2000000000000000E-002   1.0017031257365410        0.0000000000000000        1.0017031257365410        1.0000000000000000        6.9400066739805622E-310
  -2.5002382214212138E-002   1.8945991493566689E-006  -3.5767633061438002E+077   1.0000000000000000E-002   1.2000000000000000E-002   1.0017038951490163        0.0000000000000000        1.0017038951490163        1.0000000000000000        6.9400066739805622E-310
  -3.5003321925978437E-002   2.6420151264950288E-006   6.9400068546417920E-310   1.0000000000000000E-002   1.2000000000000000E-002   1.0017050454713603        0.0000000000000000        1.0017050454713603        1.0000000000000000        6.9400066739805622E-310
  -4.5004248526263280E-002   3.3790563664464104E-006   6.9400066883177543E-310   1.0000000000000000E-002   1.2000000000000000E-002   1.0017065721643350        0.0000000000000000        1.0017065721643350        1.0000000000000000        6.9400066739805622E-310
