 # x, v, a, m, h, rho, u, P, c, ke
   3.9504000000001218     
   5.0002795376451279E-003   2.5579909456422398E-006  -1.1870752484099967E-005   1.0000000000000000E-002   1.2000000000000000E-002   1.0017433296328158        0.0000000000000000        1.0017433296328158        1.0000000000000000        6.9400066739805622E-310
   1.5000837510424664E-002   7.6638801654769663E-006  -3.5565601362641530E-005   1.0000000000000000E-002   1.2000000000000000E-002   1.0017435547548104        0.0000000000000000        1.0017435547548104        1.0000000000000000        6.9400066739805622E-310
   2.5001392180003124E-002   1.2739533141815725E-005  -5.9120388734790197E-005   1.0000000000000000E-002   1.2000000000000000E-002   1.0017440041128907        0.0000000000000000        1.0017440041128907        1.0000000000000000        6.9400066739805622E-310
   3.5001941358703104E-002   1.7764924469563593E-005  -8.2442499945933889E-005   1.0000000000000000E-002   1.2000000000000000E-002   1.0017446759386319        0.0000000000000000        1.0017446759386319        1.0000000000000000        6.9400066739805622E-310
   4.5002482880454324E-002   2.2720226838676290E-005  -1.0544000658629926E-004   1.0000000000000000E-002   1.2000000000000000E-002   1.0017455675880091        0.0000000000000000        1.0017455675880091        1.0000000000000000        6.9400066739805622E-310
   5.5003014609341587E-002   2.7585889687972855E-005  -1.2802251558063915E-004   1.0000000000000000E-002   1.2000000000000000E-002   1.0017466755519273        0.0000000000000000        1.0017466755519273        1.0000000000000000        6.9400066739805622E-310
   6.5003534447991396E-002   3.2342715244038133E-005  -1.5010095943512880E-004   1.0000000000000000E-002   1.2000000000000000E-002   1.0017479954698563        0.0000000000000000        1.0017479954698563        1.0000000000000000        6.9400066739805622E-310
   7.5004040345851522E-002   3.6971935363922657E-005  -1.7158839685116334E-004   1.0000000000000000E-002   1.2000000000000000E-002   1.0017495221461026        0.0000000000000000        1.0017495221461026        1.0000000000000000        6.9400066739805622E-310
   8.5004530307263806E-002   4.1455284019880526E-005  -1.9240026881650607E-004   1.0000000000000000E-002   1.2000000000000000E-002   1.0017512495712506        0.0000000000000000        1.0017512495712506        1.0000000000000000        6.9400066739805622E-310
   9.5005002399316793E-002   4.5775071561892752E-005  -2.1245451699147822E-004   1.0000000000000000E-002   1.2000000000000000E-002   1.0017531709452365        0.0000000000000000        1.0017531709452365        1.0000000000000000        6.9400066739805622E-310
  0.10500545475946928        4.9914252500149882E-005  -2.3167208155072672E-004   1.0000000000000000E-002   1.2000000000000000E-002   1.0017552787034707        0.0000000000000000        1.0017552787034707        1.0000000000000000        6.9400066739805622E-310
  0.11500588560289231        5.3856492192913407E-005  -2.4997721090702640E-004   1.0000000000000000E-002   1.2000000000000000E-002   1.0017575645467269        0.0000000000000000        1.0017575645467269        1.0000000000000000        6.9400066739805622E-310
  0.12500629322950518        5.7586234410715774E-005  -2.6729772809641617E-004   1.0000000000000000E-002   1.2000000000000000E-002   1.0017600194737490        0.0000000000000000        1.0017600194737490        1.0000000000000000        6.9400066739805622E-310
  0.13500667603067817        6.1088760103558757E-005  -2.8356525764738905E-004   1.0000000000000000E-002   1.2000000000000000E-002   1.0017626338162402        0.0000000000000000        1.0017626338162402        1.0000000000000000        6.9400066739805622E-310
  0.14500703249558386        6.4350245357943441E-005  -2.9871560506400385E-004   1.0000000000000000E-002   1.2000000000000000E-002   1.0017653972766780        0.0000000000000000        1.0017653972766780        1.0000000000000000        6.9400066739805622E-310
  0.15500736121715936        6.7357818000470337E-005  -3.1268896219227571E-004   1.0000000000000000E-002   1.2000000000000000E-002   1.0017682989689933        0.0000000000000000        1.0017682989689933        1.0000000000000000        6.9400066739805622E-310
  0.16500766089765784        7.0099605834829238E-005  -3.2543000431406455E-004   1.0000000000000000E-002   1.2000000000000000E-002   1.0017713274605815        0.0000000000000000        1.0017713274605815        1.0000000000000000        6.9400066739805622E-310
  0.17500793035379192        7.2564786334757946E-005  -3.3688848239243896E-004   1.0000000000000000E-002   1.2000000000000000E-002   1.0017744708176242        0.0000000000000000        1.0017744708176242        1.0000000000000000        6.9400066739805622E-310
  0.18500816852139487        7.4743626905271224E-005  -3.4701899796996116E-004   1.0000000000000000E-002   1.2000000000000000E-002   1.0017777166522208        0.0000000000000000        1.0017777166522208        1.0000000000000000        6.9400066739805622E-310
  0.19500837445963817        7.6627524579461138E-005  -3.5578131641766930E-004   1.0000000000000000E-002   1.2000000000000000E-002   1.0017810521698252        0.0000000000000000        1.0017810521698252        1.0000000000000000        6.9400066739805622E-310
  0.20500854735477056        7.8209040003599130E-005  -3.6314080685517780E-004   1.0000000000000000E-002   1.2000000000000000E-002   1.0017844642203764        0.0000000000000000        1.0017844642203764        1.0000000000000000        6.9400066739805622E-310
  0.21500868652332897        7.9481926268017115E-005  -3.6906819606485897E-004   1.0000000000000000E-002   1.2000000000000000E-002   1.0017879393502347        0.0000000000000000        1.0017879393502347        1.0000000000000000        6.9400066739805622E-310
  0.22500879141486033        8.0441155147454479E-005  -3.7353985463717265E-004   1.0000000000000000E-002   1.2000000000000000E-002   1.0017914638544156        0.0000000000000000        1.0017914638544156        1.0000000000000000        6.9400066739805622E-310
  0.23500886161411255        8.1082934546651309E-005  -3.7653787329983146E-004   1.0000000000000000E-002   1.2000000000000000E-002   1.0017950238305020        0.0000000000000000        1.0017950238305020        1.0000000000000000        6.9400066739805622E-310
  0.24500889684270102        8.1404725504690485E-005  -3.7805030962889674E-004   1.0000000000000000E-002   1.2000000000000000E-002   1.0017986052340739        0.0000000000000000        1.0017986052340739        1.0000000000000000        6.9400066739805622E-310
  0.25500889696021145        8.1405252490537346E-005  -3.7807084187679862E-004   1.0000000000000000E-002   1.2000000000000000E-002   1.0018021939337305        0.0000000000000000        1.0018021939337305        1.0000000000000000        6.9400066739805622E-310
  0.26500886196479062        8.1084506653823264E-005  -3.7659915164045543E-004   1.0000000000000000E-002   1.2000000000000000E-002   1.0018057757662018        0.0000000000000000        1.0018057757662018        1.0000000000000000        6.9400066739805622E-310
  0.27500879199317446        8.0443748054836433E-005  -3.7364088834390685E-004   1.0000000000000000E-002   1.2000000000000000E-002   1.0018093365932521        0.0000000000000000        1.0018093365932521        1.0000000000000000        6.9400066739805622E-310
  0.28500868732015894        7.9485499142190215E-005  -3.6920738654266927E-004   1.0000000000000000E-002   1.2000000000000000E-002   1.0018128623568945        0.0000000000000000        1.0018128623568945        1.0000000000000000        6.9400066739805622E-310
  0.29500854835755258        7.8213536242743384E-005  -3.6331601587047402E-004   1.0000000000000000E-002   1.2000000000000000E-002   1.0018163391350816        0.0000000000000000        1.0018163391350816        1.0000000000000000        6.9400066739805622E-310
  0.30500837565255640        7.6632873335040673E-005  -3.5598975243811282E-004   1.0000000000000000E-002   1.2000000000000000E-002   1.0018197531969721        0.0000000000000000        1.0018197531969721        1.0000000000000000        6.9400066739805622E-310
  0.31500816988563396        7.4749743630342185E-005  -3.4725731847284891E-004   1.0000000000000000E-002   1.2000000000000000E-002   1.0018230910568287        0.0000000000000000        1.0018230910568287        1.0000000000000000        6.9400066739805622E-310
  0.32500793186783955        7.2571575011657369E-005  -3.3715298333980570E-004   1.0000000000000000E-002   1.2000000000000000E-002   1.0018263395276259        0.0000000000000000        1.0018263395276259        1.0000000000000000        6.9400066739805622E-310
  0.33500766253763919        7.0106959231086403E-005  -3.2571657292645995E-004   1.0000000000000000E-002   1.2000000000000000E-002   1.0018294857737906        0.0000000000000000        1.0018294857737906        1.0000000000000000        6.9400066739805622E-310
  0.34500736295720486        6.7365619713522092E-005  -3.1299294373354769E-004   1.0000000000000000E-002   1.2000000000000000E-002   1.0018325173614786        0.0000000000000000        1.0018325173614786        1.0000000000000000        6.9400066739805622E-310
  0.35500703430825559        6.4358373055360647E-005  -2.9903230537975389E-004   1.0000000000000000E-002   1.2000000000000000E-002   1.0018354223078858        0.0000000000000000        1.0018354223078858        1.0000000000000000        6.9400066739805622E-310
  0.36500667788738766        6.1097084920920259E-005  -2.8388964433911923E-004   1.0000000000000000E-002   1.2000000000000000E-002   1.0018381891294061        0.0000000000000000        1.0018381891294061        1.0000000000000000        6.9400066739805622E-310
  0.37500629510097089        5.7594625693118876E-005  -2.6762467052598993E-004   1.0000000000000000E-002   1.2000000000000000E-002   1.0018408068866782        0.0000000000000000        1.0018408068866782        1.0000000000000000        6.9400066739805622E-310
  0.38500588745960257        5.3864817021271816E-005  -2.5030161071182278E-004   1.0000000000000000E-002   1.2000000000000000E-002   1.0018432652285383        0.0000000000000000        1.0018432652285383        1.0000000000000000        6.9400066739805622E-310
  0.39500545657214131        4.9922379683560262E-005  -2.3198879134422867E-004   1.0000000000000000E-002   1.2000000000000000E-002   1.0018455544329705        0.0000000000000000        1.0018455544329705        1.0000000000000000        6.9400066739805622E-310
  0.40500500413936130        4.5782873793553345E-005  -2.1275847949553395E-004   1.0000000000000000E-002   1.2000000000000000E-002   1.0018476654452662        0.0000000000000000        1.0018476654452662        1.0000000000000000        6.9400066739805622E-310
  0.41500453194724402        4.1462637403995440E-005  -1.9268679497397301E-004   1.0000000000000000E-002   1.2000000000000000E-002   1.0018495899150732        0.0000000000000000        1.0018495899150732        1.0000000000000000        6.9400066739805622E-310
  0.42500404185990326        3.6978723932510967E-005  -1.7185296024990748E-004   1.0000000000000000E-002   1.2000000000000000E-002   1.0018513202294268        0.0000000000000000        1.0018513202294268        1.0000000000000000        6.9400066739805622E-310
  0.43500353581223278        3.2348832055630710E-005  -1.5033930636310089E-004   1.0000000000000000E-002   1.2000000000000000E-002   1.0018528495422845        0.0000000000000000        1.0018528495422845        1.0000000000000000        6.9400066739805622E-310
  0.44500301580225776        2.7591238291993235E-005  -1.2823090079194799E-004   1.0000000000000000E-002   1.2000000000000000E-002   1.0018541718023428        0.0000000000000000        1.0018541718023428        1.0000000000000000        6.9400066739805622E-310
  0.45500248388323566        2.2724722920384736E-005  -1.0561520712659700E-004   1.0000000000000000E-002   1.2000000000000000E-002   1.0018552817773447        0.0000000000000000        1.0018552817773447        1.0000000000000000        6.9400066739805622E-310
  0.46500194215553370        1.7768497169972221E-005  -8.2581701418504849E-005   1.0000000000000000E-002   1.2000000000000000E-002   1.0018561750750614        0.0000000000000000        1.0018561750750614        1.0000000000000000        6.9400066739805622E-310
  0.47500139275831887        1.2742126195017151E-005  -5.9221450721125279E-005   1.0000000000000000E-002   1.2000000000000000E-002   1.0018568481604404        0.0000000000000000        1.0018568481604404        1.0000000000000000        6.9400066739805622E-310
  0.48500083786110160        7.6654528614632005E-006  -3.5626850498182705E-005   1.0000000000000000E-002   1.2000000000000000E-002   1.0018572983694805        0.0000000000000000        1.0018572983694805        1.0000000000000000        6.9400066739805622E-310
  0.49500027965515569        2.5585175472866571E-006  -1.1891299572575065E-005   1.0000000000000000E-002   1.2000000000000000E-002   1.0018575239203011        0.0000000000000000        1.0018575239203011        1.0000000000000000        6.9400066739805622E-310
  0.50499972034484386       -2.5585175489929999E-006   1.1891297712729454E-005   1.0000000000000000E-002   1.2000000000000000E-002   1.0018575239203165        0.0000000000000000        1.0018575239203165        1.0000000000000000        6.9400066739805622E-310
  0.51499916213889751       -7.6654525860057245E-006   3.5626857848747306E-005   1.0000000000000000E-002   1.2000000000000000E-002   1.0018572983694645        0.0000000000000000        1.0018572983694645        1.0000000000000000        6.9400066739805622E-310
  0.52499860724168124       -1.2742126195672629E-005   5.9221420645627632E-005   1.0000000000000000E-002   1.2000000000000000E-002   1.0018568481605252        0.0000000000000000        1.0018568481605252        1.0000000000000000        6.9400066739805622E-310
  0.53499805784446375       -1.7768497152700663E-005   8.2581713282792180E-005   1.0000000000000000E-002   1.2000000000000000E-002   1.0018561750752324        0.0000000000000000        1.0018561750752324        1.0000000000000000        6.9400066739805622E-310
  0.54499751611676062       -2.2724723140675726E-005   1.0561523439900355E-004   1.0000000000000000E-002   1.2000000000000000E-002   1.0018552817773287        0.0000000000000000        1.0018552817773287        1.0000000000000000        6.9400066739805622E-310
  0.55499698419774013       -2.7591238328415302E-005   1.2823090572577911E-004   1.0000000000000000E-002   1.2000000000000000E-002   1.0018541718021932        0.0000000000000000        1.0018541718021932        1.0000000000000000        6.9400066739805622E-310
  0.56499646418776650       -3.2348832194455222E-005   1.5033931758878794E-004   1.0000000000000000E-002   1.2000000000000000E-002   1.0018528495420618        0.0000000000000000        1.0018528495420618        1.0000000000000000        6.9400066739805622E-310
  0.57499595814009929       -3.6978724059785135E-005   1.7185291949939341E-004   1.0000000000000000E-002   1.2000000000000000E-002   1.0018513202293244        0.0000000000000000        1.0018513202293244        1.0000000000000000        6.9400066739805622E-310
  0.58499546805275759       -4.1462637097395914E-005   1.9268677368877718E-004   1.0000000000000000E-002   1.2000000000000000E-002   1.0018495899152595        0.0000000000000000        1.0018495899152595        1.0000000000000000        6.9400066739805622E-310
  0.59499499586063687       -4.5782873674770377E-005   2.1275852963409392E-004   1.0000000000000000E-002   1.2000000000000000E-002   1.0018476654453257        0.0000000000000000        1.0018476654453257        1.0000000000000000        6.9400066739805622E-310
  0.60499454342785897       -4.9922379622250221E-005   2.3198878710228854E-004   1.0000000000000000E-002   1.2000000000000000E-002   1.0018455544328115        0.0000000000000000        1.0018455544328115        1.0000000000000000        6.9400066739805622E-310
  0.61499411254039960       -5.3864817319257519E-005   2.5030156189931319E-004   1.0000000000000000E-002   1.2000000000000000E-002   1.0018432652286366        0.0000000000000000        1.0018432652286366        1.0000000000000000        6.9400066739805622E-310
  0.62499370489902695       -5.7594625762767536E-005   2.6762471903296614E-004   1.0000000000000000E-002   1.2000000000000000E-002   1.0018408068867666        0.0000000000000000        1.0018408068867666        1.0000000000000000        6.9400066739805622E-310
  0.63499332211261250       -6.1097085135174424E-005   2.8388963357350860E-004   1.0000000000000000E-002   1.2000000000000000E-002   1.0018381891293204        0.0000000000000000        1.0018381891293204        1.0000000000000000        6.9400066739805622E-310
  0.64499296569174436       -6.4358372687696753E-005   2.9903230878947085E-004   1.0000000000000000E-002   1.2000000000000000E-002   1.0018354223078507        0.0000000000000000        1.0018354223078507        1.0000000000000000        6.9400066739805622E-310
  0.65499263704279587       -6.7365619846698345E-005   3.1299293367403891E-004   1.0000000000000000E-002   1.2000000000000000E-002   1.0018325173614528        0.0000000000000000        1.0018325173614528        1.0000000000000000        6.9400066739805622E-310
  0.66499233746236153       -7.0106958999272161E-005   3.2571655461577365E-004   1.0000000000000000E-002   1.2000000000000000E-002   1.0018294857739054        0.0000000000000000        1.0018294857739054        1.0000000000000000        6.9400066739805622E-310
  0.67499206813215851       -7.2571575064028277E-005   3.3715302052605978E-004   1.0000000000000000E-002   1.2000000000000000E-002   1.0018263395276505        0.0000000000000000        1.0018263395276505        1.0000000000000000        6.9400066739805622E-310
  0.68499183011436626       -7.4749743815092607E-005   3.4725730458440296E-004   1.0000000000000000E-002   1.2000000000000000E-002   1.0018230910567492        0.0000000000000000        1.0018230910567492        1.0000000000000000        6.9400066739805622E-310
  0.69499162434744355       -7.6632873437445303E-005   3.5598974743589196E-004   1.0000000000000000E-002   1.2000000000000000E-002   1.0018197531969777        0.0000000000000000        1.0018197531969777        1.0000000000000000        6.9400066739805622E-310
  0.70499145164244748       -7.8213535871962328E-005   3.6331600938854791E-004   1.0000000000000000E-002   1.2000000000000000E-002   1.0018163391351425        0.0000000000000000        1.0018163391351425        1.0000000000000000        6.9400066739805622E-310
  0.71499131267983951       -7.9485499374430725E-005   3.6920741461532458E-004   1.0000000000000000E-002   1.2000000000000000E-002   1.0018128623568483        0.0000000000000000        1.0018128623568483        1.0000000000000000        6.9400066739805622E-310
  0.72499120800682681       -8.0443747944335117E-005   3.7364084937863140E-004   1.0000000000000000E-002   1.2000000000000000E-002   1.0018093365932610        0.0000000000000000        1.0018093365932610        1.0000000000000000        6.9400066739805622E-310
  0.73499113803520755       -8.1084506708728563E-005   3.7659919270893738E-004   1.0000000000000000E-002   1.2000000000000000E-002   1.0018057757662078        0.0000000000000000        1.0018057757662078        1.0000000000000000        6.9400066739805622E-310
  0.74499110303978944       -8.1405252577604743E-005   3.7807082641538869E-004   1.0000000000000000E-002   1.2000000000000000E-002   1.0018021939336026        0.0000000000000000        1.0018021939336026        1.0000000000000000        6.9400066739805622E-310
  0.75499110315730023       -8.1404725404624358E-005   3.7805029290804981E-004   1.0000000000000000E-002   1.2000000000000000E-002   1.0017986052341106        0.0000000000000000        1.0017986052341106        1.0000000000000000        6.9400066739805622E-310
  0.76499113838588717       -8.1082934683773312E-005   3.7653790212921479E-004   1.0000000000000000E-002   1.2000000000000000E-002   1.0017950238304740        0.0000000000000000        1.0017950238304740        1.0000000000000000        6.9400066739805622E-310
  0.77499120858514148       -8.0441154812079752E-005   3.7353983949817149E-004   1.0000000000000000E-002   1.2000000000000000E-002   1.0017914638543228        0.0000000000000000        1.0017914638543228        1.0000000000000000        6.9400066739805622E-310
  0.78499131347667295       -7.9481926449040646E-005   3.6906818384974116E-004   1.0000000000000000E-002   1.2000000000000000E-002   1.0017879393502767        0.0000000000000000        1.0017879393502767        1.0000000000000000        6.9400066739805622E-310
  0.79499145264523008       -7.8209039920870411E-005   3.6314082653543522E-004   1.0000000000000000E-002   1.2000000000000000E-002   1.0017844642203784        0.0000000000000000        1.0017844642203784        1.0000000000000000        6.9400066739805622E-310
  0.80499162554036374       -7.6627524543554991E-005   3.5578130296887167E-004   1.0000000000000000E-002   1.2000000000000000E-002   1.0017810521698034        0.0000000000000000        1.0017810521698034        1.0000000000000000        6.9400066739805622E-310
  0.81499183147860643       -7.4743626952079525E-005   3.4701898480893334E-004   1.0000000000000000E-002   1.2000000000000000E-002   1.0017777166523123        0.0000000000000000        1.0017777166523123        1.0000000000000000        6.9400066739805622E-310
  0.82499206964620819       -7.2564786492205230E-005   3.3688847756163653E-004   1.0000000000000000E-002   1.2000000000000000E-002   1.0017744708178034        0.0000000000000000        1.0017744708178034        1.0000000000000000        6.9400066739805622E-310
  0.83499233910233939       -7.0099605868233371E-005   3.2543005939889014E-004   1.0000000000000000E-002   1.2000000000000000E-002   1.0017713274605329        0.0000000000000000        1.0017713274605329        1.0000000000000000        6.9400066739805622E-310
  0.84499263878284192       -6.7357818066965269E-005   3.1268892739344523E-004   1.0000000000000000E-002   1.2000000000000000E-002   1.0017682989688448        0.0000000000000000        1.0017682989688448        1.0000000000000000        6.9400066739805622E-310
  0.85499296750441689       -6.4350245172913634E-005   2.9871559164984518E-004   1.0000000000000000E-002   1.2000000000000000E-002   1.0017653972767608        0.0000000000000000        1.0017653972767608        1.0000000000000000        6.9400066739805622E-310
  0.86499332396932083       -6.1088760054693345E-005   2.8356529158823918E-004   1.0000000000000000E-002   1.2000000000000000E-002   1.0017626338162131        0.0000000000000000        1.0017626338162131        1.0000000000000000        6.9400066739805622E-310
  0.87499370677049615       -5.7586234637629707E-005   2.6729771827316284E-004   1.0000000000000000E-002   1.2000000000000000E-002   1.0017600194736227        0.0000000000000000        1.0017600194736227        1.0000000000000000        6.9400066739805622E-310
  0.88499411439710940       -5.3856492019512847E-005   2.4997721303599008E-004   1.0000000000000000E-002   1.2000000000000000E-002   1.0017575645466403        0.0000000000000000        1.0017575645466403        1.0000000000000000        6.9400066739805622E-310
  0.89499454524053379       -4.9914252335512427E-005   2.3167205972995930E-004   1.0000000000000000E-002   1.2000000000000000E-002   1.0017552787034663        0.0000000000000000        1.0017552787034663        1.0000000000000000        6.9400066739805622E-310
  0.90499499760068514       -4.5775071675379480E-005   2.1245450618856410E-004   1.0000000000000000E-002   1.2000000000000000E-002   1.0017531709453782        0.0000000000000000        1.0017531709453782        1.0000000000000000        6.9400066739805622E-310
  0.91499546969273626       -4.1455284286056063E-005   1.9240028133360454E-004   1.0000000000000000E-002   1.2000000000000000E-002   1.0017512495713907        0.0000000000000000        1.0017512495713907        1.0000000000000000        6.9400066739805622E-310
  0.92499595965414727       -3.6971935329824126E-005   1.7158843366082976E-004   1.0000000000000000E-002   1.2000000000000000E-002   1.0017495221460200        0.0000000000000000        1.0017495221460200        1.0000000000000000        6.9400066739805622E-310
  0.93499646555201066       -3.2342715078169783E-005   1.5010092414247111E-004   1.0000000000000000E-002   1.2000000000000000E-002   1.0017479954697621        0.0000000000000000        1.0017479954697621        1.0000000000000000        6.9400066739805622E-310
  0.94499698539065946       -2.7585889748375523E-005   1.2802250637111712E-004   1.0000000000000000E-002   1.2000000000000000E-002   1.0017466755520452        0.0000000000000000        1.0017466755520452        1.0000000000000000        6.9400066739805622E-310
  0.95499751711954484       -2.2720226833982335E-005   1.0544003248202927E-004   1.0000000000000000E-002   1.2000000000000000E-002   1.0017455675880305        0.0000000000000000        1.0017455675880305        1.0000000000000000        6.9400066739805622E-310
  0.96499805864129773       -1.7764924471211468E-005   8.2442481987854421E-005   1.0000000000000000E-002   1.2000000000000000E-002   1.0017446759386355        0.0000000000000000        1.0017446759386355        1.0000000000000000        6.9400066739805622E-310
  0.97499860781999581       -1.2739533013649410E-005   5.9120424502623337E-005   1.0000000000000000E-002   1.2000000000000000E-002   1.0017440041128087        0.0000000000000000        1.0017440041128087        1.0000000000000000        6.9400066739805622E-310
  0.98499916248957797       -7.6638803393134246E-006   3.5565555925209935E-005   1.0000000000000000E-002   1.2000000000000000E-002   1.0017435547547628        0.0000000000000000        1.0017435547547628        1.0000000000000000        6.9400066739805622E-310
  0.99499972046235496       -2.5579908562737367E-006   1.1870771139399494E-005   1.0000000000000000E-002   1.2000000000000000E-002   1.0017433296329108        0.0000000000000000        1.0017433296329108        1.0000000000000000        6.9400066739805622E-310
   1.0050002795376451        2.5579875486518173E-006  -1.1608513756478089E-005   1.0000000000000000E-002   1.2000000000000000E-002   1.0017433296328158        0.0000000000000000        1.0017433296328158        1.0000000000000000        6.9400066739805622E-310
   1.0150008375104247        7.6638699725552592E-006  -3.4779945163876391E-005   1.0000000000000000E-002   1.2000000000000000E-002   1.0017435547548104        0.0000000000000000        1.0017435547548104        1.0000000000000000        6.9400066739805622E-310
   1.0250013921800032        1.2739516204971266E-005  -5.7814400164168944E-005   1.0000000000000000E-002   1.2000000000000000E-002   1.0017440041128907        0.0000000000000000        1.0017440041128907        1.0000000000000000        6.9400066739805622E-310
   1.0350019413587030        1.7764900847511013E-005  -8.0621319740181718E-005   1.0000000000000000E-002   1.2000000000000000E-002   1.0017446759386319        0.0000000000000000        1.0017446759386319        1.0000000000000000        6.9400066739805622E-310
   1.0450024828804543        2.2720196631925056E-005  -1.0311082567948660E-004   1.0000000000000000E-002   1.2000000000000000E-002   1.0017455675880091        0.0000000000000000        1.0017455675880091        1.0000000000000000        6.9400066739805622E-310
  -5.0002795376450360E-003  -2.5583055381724090E-006  -3.5767633061438002E+077   1.0000000000000000E-002   1.2000000000000000E-002   1.0017433296329108        0.0000000000000000        1.0017433296329108        1.0000000000000000        6.9400066739805622E-310
  -1.5000837510422027E-002  -7.6648231355545021E-006   0.0000000000000000        1.0000000000000000E-002   1.2000000000000000E-002   1.0017435547547628        0.0000000000000000        1.0017435547547628        1.0000000000000000        6.9400066739805622E-310
  -2.5001392180004189E-002  -1.2741100195832903E-005  -3.5767633061438002E+077   1.0000000000000000E-002   1.2000000000000000E-002   1.0017440041128087        0.0000000000000000        1.0017440041128087        1.0000000000000000        6.9400066739805622E-310
  -3.5001941358702271E-002  -1.7767109885922533E-005   6.9400068546417920E-310   1.0000000000000000E-002   1.2000000000000000E-002   1.0017446759386355        0.0000000000000000        1.0017446759386355        1.0000000000000000        6.9400066739805622E-310
  -4.5002482880455164E-002  -2.2723021853008162E-005   6.9400066883177543E-310   1.0000000000000000E-002   1.2000000000000000E-002   1.0017455675880305        0.0000000000000000        1.0017455675880305        1.0000000000000000        6.9400066739805622E-310
