 # x, v, a, m, h, rho, u, P, c, ke
   3.6000000000000956     
   4.9995202670603750E-003  -2.9522916749258505E-007   2.0387164921586987E-005   1.0000000000000000E-002   1.2000000000000000E-002   1.0018983888079367        0.0000000000000000        1.0018983888079367        1.0000000000000000        6.9400066739805622E-310
   1.4998562694539990E-002  -8.8453131628055304E-007   6.1081101232041135E-005   1.0000000000000000E-002   1.2000000000000000E-002   1.0018980020830370        0.0000000000000000        1.0018980020830370        1.0000000000000000        6.9400066739805622E-310
   2.4997610794635913E-002  -1.4703687497430149E-006   1.0153383745059585E-004   1.0000000000000000E-002   1.2000000000000000E-002   1.0018972301605333        0.0000000000000000        1.0018972301605333        1.0000000000000000        6.9400066739805622E-310
   3.4996668324203596E-002  -2.0504473895848734E-006   1.4158579058953791E-004   1.0000000000000000E-002   1.2000000000000000E-002   1.0018960760893065        0.0000000000000000        1.0018960760893065        1.0000000000000000        6.9400066739805622E-310
   4.4995739002885407E-002  -2.6224933861437820E-006   1.8107880753248651E-004   1.0000000000000000E-002   1.2000000000000000E-002   1.0018945444271594        0.0000000000000000        1.0018945444271594        1.0000000000000000        6.9400066739805622E-310
   5.4994826498419427E-002  -3.1842653980995418E-006   2.1985701091065124E-004   1.0000000000000000E-002   1.2000000000000000E-002   1.0018926412232512        0.0000000000000000        1.0018926412232512        1.0000000000000000        6.9400066739805622E-310
   6.4993934412167664E-002  -3.7335604988988567E-006   2.5776729335280635E-004   1.0000000000000000E-002   1.2000000000000000E-002   1.0018903739940064        0.0000000000000000        1.0018903739940064        1.0000000000000000        6.9400066739805622E-310
   7.4993066264897004E-002  -4.2682235665104163E-006   2.9466000857780728E-004   1.0000000000000000E-002   1.2000000000000000E-002   1.0018877516935378        0.0000000000000000        1.0018877516935378        1.0000000000000000        6.9400066739805622E-310
   8.4992225482882364E-002  -4.7861563350025027E-006   3.3038958544118202E-004   1.0000000000000000E-002   1.2000000000000000E-002   1.0018847846777812        0.0000000000000000        1.0018847846777812        1.0000000000000000        6.9400066739805622E-310
   9.4991415384389932E-002  -5.2853240434726174E-006   3.6481493330775550E-004   1.0000000000000000E-002   1.2000000000000000E-002   1.0018814846637556        0.0000000000000000        1.0018814846637556        1.0000000000000000        6.9400066739805622E-310
  0.10499063916657463       -5.7637639600571403E-006   3.9780013508217138E-004   1.0000000000000000E-002   1.2000000000000000E-002   1.0018778646837092        0.0000000000000000        1.0018778646837092        1.0000000000000000        6.9400066739805622E-310
  0.11498989989285439       -6.2195933903559373E-006   4.2921515195537552E-004   1.0000000000000000E-002   1.2000000000000000E-002   1.0018739390325018        0.0000000000000000        1.0018739390325018        1.0000000000000000        6.9400066739805622E-310
  0.12498920048084100       -6.6510171431648550E-006   4.5893581810929618E-004   1.0000000000000000E-002   1.2000000000000000E-002   1.0018697232117233        0.0000000000000000        1.0018697232117233        1.0000000000000000        6.9400066739805622E-310
  0.13498854369080140       -7.0563337036502084E-006   4.8684489860217894E-004   1.0000000000000000E-002   1.2000000000000000E-002   1.0018652338688547        0.0000000000000000        1.0018652338688547        1.0000000000000000        6.9400066739805622E-310
  0.14498793211477282       -7.4339417697727857E-006   5.1283234571197767E-004   1.0000000000000000E-002   1.2000000000000000E-002   1.0018604887300586        0.0000000000000000        1.0018604887300586        1.0000000000000000        6.9400066739805622E-310
  0.15498736816634459       -7.7823484887802263E-006   5.3679547016205476E-004   1.0000000000000000E-002   1.2000000000000000E-002   1.0018555065311170        0.0000000000000000        1.0018555065311170        1.0000000000000000        6.9400066739805622E-310
  0.16498685407111499       -8.1001728421900728E-006   5.5863978159109706E-004   1.0000000000000000E-002   1.2000000000000000E-002   1.0018503069433953        0.0000000000000000        1.0018503069433953        1.0000000000000000        6.9400066739805622E-310
  0.17498639185791998       -8.3861535945204394E-006   5.7827907429786052E-004   1.0000000000000000E-002   1.2000000000000000E-002   1.0018449104955218        0.0000000000000000        1.0018449104955218        1.0000000000000000        6.9400066739805622E-310
  0.18498598335082214       -8.6391522002622385E-006   5.9563589663991223E-004   1.0000000000000000E-002   1.2000000000000000E-002   1.0018393384924440        0.0000000000000000        1.0018393384924440        1.0000000000000000        6.9400066739805622E-310
  0.19498563016191911       -8.8581587041579414E-006   6.1064171560243352E-004   1.0000000000000000E-002   1.2000000000000000E-002   1.0018336129313792        0.0000000000000000        1.0018336129313792        1.0000000000000000        6.9400066739805622E-310
  0.20498533368497490       -9.0422962995400615E-006   6.2323737214420305E-004   1.0000000000000000E-002   1.2000000000000000E-002   1.0018277564149773        0.0000000000000000        1.0018277564149773        1.0000000000000000        6.9400066739805622E-310
  0.21498509508992367       -9.1908237875013590E-006   6.3337326301304842E-004   1.0000000000000000E-002   1.2000000000000000E-002   1.0018217920613410        0.0000000000000000        1.0018217920613410        1.0000000000000000        6.9400066739805622E-310
  0.22498491531826409       -9.3031397200525279E-006   6.4100929913379900E-004   1.0000000000000000E-002   1.2000000000000000E-002   1.0018157434134622        0.0000000000000000        1.0018157434134622        1.0000000000000000        6.9400066739805622E-310
  0.23498479507932948       -9.3787838811514759E-006   6.4611544604886717E-004   1.0000000000000000E-002   1.2000000000000000E-002   1.0018096343462961        0.0000000000000000        1.0018096343462961        1.0000000000000000        6.9400066739805622E-310
  0.24498473484749866       -9.4174408364988915E-006   6.4867165091886392E-004   1.0000000000000000E-002   1.2000000000000000E-002   1.0018034889715934        0.0000000000000000        1.0018034889715934        1.0000000000000000        6.9400066739805622E-310
  0.25498473486033202       -9.4189405008287587E-006   6.4866779352001913E-004   1.0000000000000000E-002   1.2000000000000000E-002   1.0017973315434094        0.0000000000000000        1.0017973315434094        1.0000000000000000        6.9400066739805622E-310
  0.26498479511762629       -9.3832592461761687E-006   6.4610396848596707E-004   1.0000000000000000E-002   1.2000000000000000E-002   1.0017911863624100        0.0000000000000000        1.0017911863624100        1.0000000000000000        6.9400066739805622E-310
  0.27498491538142361       -9.3105204549741742E-006   6.4099032251263566E-004   1.0000000000000000E-002   1.2000000000000000E-002   1.0017850776796797        0.0000000000000000        1.0017850776796797        1.0000000000000000        6.9400066739805622E-310
  0.28498509517695014       -9.2009930424557694E-006   6.3334708276840956E-004   1.0000000000000000E-002   1.2000000000000000E-002   1.0017790296012408        0.0000000000000000        1.0017790296012408        1.0000000000000000        6.9400066739805622E-310
  0.29498533379449171       -9.0550938239465407E-006   6.2320449050456972E-004   1.0000000000000000E-002   1.2000000000000000E-002   1.0017730659926396        0.0000000000000000        1.0017730659926396        1.0000000000000000        6.9400066739805622E-310
  0.30498563029220288       -8.8733829074701350E-006   6.1060254997968855E-004   1.0000000000000000E-002   1.2000000000000000E-002   1.0017672103851958        0.0000000000000000        1.0017672103851958        1.0000000000000000        6.9400066739805622E-310
  0.31498598349981510       -8.6565625740310321E-006   5.9559113316343115E-004   1.0000000000000000E-002   1.2000000000000000E-002   1.0017614858828290        0.0000000000000000        1.0017614858828290        1.0000000000000000        6.9400066739805622E-310
  0.32498639202327345       -8.4054758359581856E-006   5.7822939523610728E-004   1.0000000000000000E-002   1.2000000000000000E-002   1.0017559150712665        0.0000000000000000        1.0017559150712665        1.0000000000000000        6.9400066739805622E-310
  0.33498685425022118       -8.1211026602540844E-006   5.5858598111857560E-004   1.0000000000000000E-002   1.2000000000000000E-002   1.0017505199290269        0.0000000000000000        1.0017505199290269        1.0000000000000000        6.9400066739805622E-310
  0.34498736835638033       -7.8045551327756654E-006   5.3673836566581201E-004   1.0000000000000000E-002   1.2000000000000000E-002   1.0017453217405135        0.0000000000000000        1.0017453217405135        1.0000000000000000        6.9400066739805622E-310
  0.35498793231274123       -7.4570753773476504E-006   5.1277282565198590E-004   1.0000000000000000E-002   1.2000000000000000E-002   1.0017403410125310        0.0000000000000000        1.0017403410125310        1.0000000000000000        6.9400066739805622E-310
  0.36498854389357538       -7.0800291760491871E-006   4.8678401828983198E-004   1.0000000000000000E-002   1.2000000000000000E-002   1.0017355973927495        0.0000000000000000        1.0017355973927495        1.0000000000000000        6.9400066739805622E-310
  0.37498920068522845       -6.6749010673800628E-006   4.5887440595304696E-004   1.0000000000000000E-002   1.2000000000000000E-002   1.0017311095930499        0.0000000000000000        1.0017311095930499        1.0000000000000000        6.9400066739805622E-310
  0.38498990009563155       -6.2432889699599570E-006   4.2915419720213066E-004   1.0000000000000000E-002   1.2000000000000000E-002   1.0017268953158114        0.0000000000000000        1.0017268953158114        1.0000000000000000        6.9400066739805622E-310
  0.39499063936453999       -5.7868973793292006E-006   3.9774068637044024E-004   1.0000000000000000E-002   1.2000000000000000E-002   1.0017229711836164        0.0000000000000000        1.0017229711836164        1.0000000000000000        6.9400066739805622E-310
  0.40499141557442614       -5.3075304558777189E-006   3.6475781232958582E-004   1.0000000000000000E-002   1.2000000000000000E-002   1.0017193526742745        0.0000000000000000        1.0017193526742745        1.0000000000000000        6.9400066739805622E-310
  0.41499222566198896       -4.8070860287098490E-006   3.3033577424479432E-004   1.0000000000000000E-002   1.2000000000000000E-002   1.0017160540596024        0.0000000000000000        1.0017160540596024        1.0000000000000000        6.9400066739805622E-310
  0.42499306643025059       -4.2875462797084955E-006   2.9461032270550191E-004   1.0000000000000000E-002   1.2000000000000000E-002   1.0017130883495386        0.0000000000000000        1.0017130883495386        1.0000000000000000        6.9400066739805622E-310
  0.43499393456115976       -3.7509709416835392E-006   2.5772252893041525E-004   1.0000000000000000E-002   1.2000000000000000E-002   1.0017104672406307        0.0000000000000000        1.0017104672406307        1.0000000000000000        6.9400066739805622E-310
  0.44499482662870088       -3.1994895571988564E-006   2.1981786439706497E-004   1.0000000000000000E-002   1.2000000000000000E-002   1.0017082010699938        0.0000000000000000        1.0017082010699938        1.0000000000000000        6.9400066739805622E-310
  0.45499573911240104       -2.6352909761566641E-006   1.8104591346279619E-004   1.0000000000000000E-002   1.2000000000000000E-002   1.0017062987750134        0.0000000000000000        1.0017062987750134        1.0000000000000000        6.9400066739805622E-310
  0.46499666841122789       -2.0606165297110612E-006   1.4155963730910770E-004   1.0000000000000000E-002   1.2000000000000000E-002   1.0017047678578466        0.0000000000000000        1.0017047678578466        1.0000000000000000        6.9400066739805622E-310
  0.47499761085779524       -1.4777492503590547E-006   1.0151486601639448E-004   1.0000000000000000E-002   1.2000000000000000E-002   1.0017036143558968        0.0000000000000000        1.0017036143558968        1.0000000000000000        6.9400066739805622E-310
  0.48499856273283970       -8.8900662179871730E-007   6.1069576983818763E-005   1.0000000000000000E-002   1.2000000000000000E-002   1.0017028428180348        0.0000000000000000        1.0017028428180348        1.0000000000000000        6.9400066739805622E-310
  0.49499952027989363       -2.9672894426469924E-007   2.0383332731022108E-005   1.0000000000000000E-002   1.2000000000000000E-002   1.0017024562869195        0.0000000000000000        1.0017024562869195        1.0000000000000000        6.9400066739805622E-310
  0.50500047972010786        2.9672876944776117E-007  -2.0383348013908176E-005   1.0000000000000000E-002   1.2000000000000000E-002   1.0017024562869872        0.0000000000000000        1.0017024562869872        1.0000000000000000        6.9400066739805622E-310
  0.51500143726716019        8.8900673863108716E-007  -6.1069554161186090E-005   1.0000000000000000E-002   1.2000000000000000E-002   1.0017028428180750        0.0000000000000000        1.0017028428180750        1.0000000000000000        6.9400066739805622E-310
  0.52500238914220521        1.4777492969266161E-006  -1.0151485465392796E-004   1.0000000000000000E-002   1.2000000000000000E-002   1.0017036143557714        0.0000000000000000        1.0017036143557714        1.0000000000000000        6.9400066739805622E-310
  0.53500333158877511        2.0606165172965021E-006  -1.4155968715101608E-004   1.0000000000000000E-002   1.2000000000000000E-002   1.0017047678579056        0.0000000000000000        1.0017047678579056        1.0000000000000000        6.9400066739805622E-310
  0.54500426088759801        2.6352909526117443E-006  -1.8104587916756287E-004   1.0000000000000000E-002   1.2000000000000000E-002   1.0017062987751379        0.0000000000000000        1.0017062987751379        1.0000000000000000        6.9400066739805622E-310
  0.55500517337129929        3.1994894143211567E-006  -2.1981786495928191E-004   1.0000000000000000E-002   1.2000000000000000E-002   1.0017082010699594        0.0000000000000000        1.0017082010699594        1.0000000000000000        6.9400066739805622E-310
  0.56500606543884024        3.7509712256621315E-006  -2.5772251846944982E-004   1.0000000000000000E-002   1.2000000000000000E-002   1.0017104672405683        0.0000000000000000        1.0017104672405683        1.0000000000000000        6.9400066739805622E-310
  0.57500693356975074        4.2875462663047717E-006  -2.9461033171518380E-004   1.0000000000000000E-002   1.2000000000000000E-002   1.0017130883494527        0.0000000000000000        1.0017130883494527        1.0000000000000000        6.9400066739805622E-310
  0.58500777433801310        4.8070858461774244E-006  -3.3033579988206441E-004   1.0000000000000000E-002   1.2000000000000000E-002   1.0017160540596830        0.0000000000000000        1.0017160540596830        1.0000000000000000        6.9400066739805622E-310
  0.59500858442557325        5.3075306650534751E-006  -3.6475777942612808E-004   1.0000000000000000E-002   1.2000000000000000E-002   1.0017193526743196        0.0000000000000000        1.0017193526743196        1.0000000000000000        6.9400066739805622E-310
  0.60500936063546107        5.7868971480839366E-006  -3.9774069634113118E-004   1.0000000000000000E-002   1.2000000000000000E-002   1.0017229711835567        0.0000000000000000        1.0017229711835567        1.0000000000000000        6.9400066739805622E-310
  0.61501009990436939        6.2432890161383848E-006  -4.2915420964551032E-004   1.0000000000000000E-002   1.2000000000000000E-002   1.0017268953158551        0.0000000000000000        1.0017268953158551        1.0000000000000000        6.9400066739805622E-310
  0.62501079931477166        6.6749011565099238E-006  -4.5887440580028027E-004   1.0000000000000000E-002   1.2000000000000000E-002   1.0017311095931480        0.0000000000000000        1.0017311095931480        1.0000000000000000        6.9400066739805622E-310
  0.63501145610642329        7.0800292103289188E-006  -4.8678398651968990E-004   1.0000000000000000E-002   1.2000000000000000E-002   1.0017355973927036        0.0000000000000000        1.0017355973927036        1.0000000000000000        6.9400066739805622E-310
  0.64501206768725994        7.4570751892449855E-006  -5.1277284529582801E-004   1.0000000000000000E-002   1.2000000000000000E-002   1.0017403410124297        0.0000000000000000        1.0017403410124297        1.0000000000000000        6.9400066739805622E-310
  0.65501263164362067        7.8045552704621737E-006  -5.3673837579015782E-004   1.0000000000000000E-002   1.2000000000000000E-002   1.0017453217405532        0.0000000000000000        1.0017453217405532        1.0000000000000000        6.9400066739805622E-310
  0.66501314574977899        8.1211024820995284E-006  -5.5858598204849841E-004   1.0000000000000000E-002   1.2000000000000000E-002   1.0017505199290997        0.0000000000000000        1.0017505199290997        1.0000000000000000        6.9400066739805622E-310
  0.67501360797672616        8.4054761469969865E-006  -5.7822939624951886E-004   1.0000000000000000E-002   1.2000000000000000E-002   1.0017559150713620        0.0000000000000000        1.0017559150713620        1.0000000000000000        6.9400066739805622E-310
  0.68501401650018279        8.6565624173212108E-006  -5.9559108960893781E-004   1.0000000000000000E-002   1.2000000000000000E-002   1.0017614858827286        0.0000000000000000        1.0017614858827286        1.0000000000000000        6.9400066739805622E-310
  0.69501436970779895        8.8733829747271142E-006  -6.1060258375089660E-004   1.0000000000000000E-002   1.2000000000000000E-002   1.0017672103850499        0.0000000000000000        1.0017672103850499        1.0000000000000000        6.9400066739805622E-310
  0.70501466620550945        9.0550938531736887E-006  -6.2320449824326829E-004   1.0000000000000000E-002   1.2000000000000000E-002   1.0017730659926876        0.0000000000000000        1.0017730659926876        1.0000000000000000        6.9400066739805622E-310
  0.71501490482305041        9.2009932446709891E-006  -6.3334708104267889E-004   1.0000000000000000E-002   1.2000000000000000E-002   1.0017790296013069        0.0000000000000000        1.0017790296013069        1.0000000000000000        6.9400066739805622E-310
  0.72501508461857622        9.3105199779518270E-006  -6.4099031898212644E-004   1.0000000000000000E-002   1.2000000000000000E-002   1.0017850776797221        0.0000000000000000        1.0017850776797221        1.0000000000000000        6.9400066739805622E-310
  0.73501520488237349        9.3832591339087820E-006  -6.4610396922937241E-004   1.0000000000000000E-002   1.2000000000000000E-002   1.0017911863624460        0.0000000000000000        1.0017911863624460        1.0000000000000000        6.9400066739805622E-310
  0.74501526513966687        9.4189406296356377E-006  -6.4866776428829098E-004   1.0000000000000000E-002   1.2000000000000000E-002   1.0017973315433126        0.0000000000000000        1.0017973315433126        1.0000000000000000        6.9400066739805622E-310
  0.75501526515250317        9.4174409706178021E-006  -6.4867166971094292E-004   1.0000000000000000E-002   1.2000000000000000E-002   1.0018034889714560        0.0000000000000000        1.0018034889714560        1.0000000000000000        6.9400066739805622E-310
  0.76501520492067232        9.3787840413351217E-006  -6.4611545240111923E-004   1.0000000000000000E-002   1.2000000000000000E-002   1.0018096343462646        0.0000000000000000        1.0018096343462646        1.0000000000000000        6.9400066739805622E-310
  0.77501508468173852        9.3031395308836789E-006  -6.4100933347077671E-004   1.0000000000000000E-002   1.2000000000000000E-002   1.0018157434136197        0.0000000000000000        1.0018157434136197        1.0000000000000000        6.9400066739805622E-310
  0.78501490491007464        9.1908239287245991E-006  -6.3337321766709920E-004   1.0000000000000000E-002   1.2000000000000000E-002   1.0018217920614501        0.0000000000000000        1.0018217920614501        1.0000000000000000        6.9400066739805622E-310
  0.79501466631502549        9.0422962506459858E-006  -6.2323739752212504E-004   1.0000000000000000E-002   1.2000000000000000E-002   1.0018277564149884        0.0000000000000000        1.0018277564149884        1.0000000000000000        6.9400066739805622E-310
  0.80501436983807939        8.8581585878935435E-006  -6.1064171245828192E-004   1.0000000000000000E-002   1.2000000000000000E-002   1.0018336129315024        0.0000000000000000        1.0018336129315024        1.0000000000000000        6.9400066739805622E-310
  0.81501401664917539        8.6391520093100667E-006  -5.9563587327993162E-004   1.0000000000000000E-002   1.2000000000000000E-002   1.0018393384924402        0.0000000000000000        1.0018393384924402        1.0000000000000000        6.9400066739805622E-310
  0.82501360814207858        8.3861535569226848E-006  -5.7827906824936548E-004   1.0000000000000000E-002   1.2000000000000000E-002   1.0018449104953806        0.0000000000000000        1.0018449104953806        1.0000000000000000        6.9400066739805622E-310
  0.83501314592888576        8.1001729831990899E-006  -5.5863981174741895E-004   1.0000000000000000E-002   1.2000000000000000E-002   1.0018503069433680        0.0000000000000000        1.0018503069433680        1.0000000000000000        6.9400066739805622E-310
  0.84501263183365427        7.7823484720651814E-006  -5.3679543883600189E-004   1.0000000000000000E-002   1.2000000000000000E-002   1.0018555065310863        0.0000000000000000        1.0018555065310863        1.0000000000000000        6.9400066739805622E-310
  0.85501206788522832        7.4339419148334435E-006  -5.1283235498278401E-004   1.0000000000000000E-002   1.2000000000000000E-002   1.0018604887299192        0.0000000000000000        1.0018604887299192        1.0000000000000000        6.9400066739805622E-310
  0.86501145630920073        7.0563337098776505E-006  -4.8684492714734517E-004   1.0000000000000000E-002   1.2000000000000000E-002   1.0018652338688985        0.0000000000000000        1.0018652338688985        1.0000000000000000        6.9400066739805622E-310
  0.87501079951915905        6.6510172032831201E-006  -4.5893580691291902E-004   1.0000000000000000E-002   1.2000000000000000E-002   1.0018697232118365        0.0000000000000000        1.0018697232118365        1.0000000000000000        6.9400066739805622E-310
  0.88501010010714531        6.2195936065179738E-006  -4.2921514704730157E-004   1.0000000000000000E-002   1.2000000000000000E-002   1.0018739390325471        0.0000000000000000        1.0018739390325471        1.0000000000000000        6.9400066739805622E-310
  0.89500936083342453        5.7637637931454737E-006  -3.9780012216095173E-004   1.0000000000000000E-002   1.2000000000000000E-002   1.0018778646836757        0.0000000000000000        1.0018778646836757        1.0000000000000000        6.9400066739805622E-310
  0.90500858461561062        5.2853237515803136E-006  -3.6481495385487506E-004   1.0000000000000000E-002   1.2000000000000000E-002   1.0018814846637532        0.0000000000000000        1.0018814846637532        1.0000000000000000        6.9400066739805622E-310
  0.91500777451711690        4.7861564129229702E-006  -3.3038957828690485E-004   1.0000000000000000E-002   1.2000000000000000E-002   1.0018847846778411        0.0000000000000000        1.0018847846778411        1.0000000000000000        6.9400066739805622E-310
  0.92500693373510212        4.2682239050842771E-006  -2.9465999943845134E-004   1.0000000000000000E-002   1.2000000000000000E-002   1.0018877516935185        0.0000000000000000        1.0018877516935185        1.0000000000000000        6.9400066739805622E-310
  0.93500606558783206        3.7335603794605327E-006  -2.5776729119719732E-004   1.0000000000000000E-002   1.2000000000000000E-002   1.0018903739939438        0.0000000000000000        1.0018903739939438        1.0000000000000000        6.9400066739805622E-310
  0.94500517350158098        3.1842654086299846E-006  -2.1985701489679599E-004   1.0000000000000000E-002   1.2000000000000000E-002   1.0018926412231917        0.0000000000000000        1.0018926412231917        1.0000000000000000        6.9400066739805622E-310
  0.95500426099711566        2.6224934444108735E-006  -1.8107882622953042E-004   1.0000000000000000E-002   1.2000000000000000E-002   1.0018945444272047        0.0000000000000000        1.0018945444272047        1.0000000000000000        6.9400066739805622E-310
  0.96500333167579577        2.0504472311067132E-006  -1.4158577820744256E-004   1.0000000000000000E-002   1.2000000000000000E-002   1.0018960760893778        0.0000000000000000        1.0018960760893778        1.0000000000000000        6.9400066739805622E-310
  0.97500238920536364        1.4703688064997870E-006  -1.0153383874644817E-004   1.0000000000000000E-002   1.2000000000000000E-002   1.0018972301605553        0.0000000000000000        1.0018972301605553        1.0000000000000000        6.9400066739805622E-310
  0.98500143730545897        8.8453109467216892E-007  -6.1081089540060418E-005   1.0000000000000000E-002   1.2000000000000000E-002   1.0018980020830173        0.0000000000000000        1.0018980020830173        1.0000000000000000        6.9400066739805622E-310
  0.99500047973293959        2.9522936932366322E-007  -2.0387174425096077E-005   1.0000000000000000E-002   1.2000000000000000E-002   1.0018983888078992        0.0000000000000000        1.0018983888078992        1.0000000000000000        6.9400066739805622E-310
   1.0049995202670603       -2.9522319040602603E-007   2.0354786434140237E-005   1.0000000000000000E-002   1.2000000000000000E-002   1.0018983888079367        0.0000000000000000        1.0018983888079367        1.0000000000000000        6.9400066739805622E-310
   1.0149985626945399       -8.8451339489244614E-007   6.0984083980919479E-005   1.0000000000000000E-002   1.2000000000000000E-002   1.0018980020830370        0.0000000000000000        1.0018980020830370        1.0000000000000000        6.9400066739805622E-310
   1.0249976107946359       -1.4703389629683681E-006   1.0137257568487712E-004   1.0000000000000000E-002   1.2000000000000000E-002   1.0018972301605333        0.0000000000000000        1.0018972301605333        1.0000000000000000        6.9400066739805622E-310
   1.0349966683242036       -2.0504058545236164E-006   1.4136087065796943E-004   1.0000000000000000E-002   1.2000000000000000E-002   1.0018960760893065        0.0000000000000000        1.0018960760893065        1.0000000000000000        6.9400066739805622E-310
   1.0449957390028854       -2.6224402642965941E-006   1.8079112180657830E-004   1.0000000000000000E-002   1.2000000000000000E-002   1.0018945444271594        0.0000000000000000        1.0018945444271594        1.0000000000000000        6.9400066739805622E-310
  -4.9995202670604089E-003   2.9526823560878685E-007  -3.5767633061438002E+077   1.0000000000000000E-002   1.2000000000000000E-002   1.0018983888078992        0.0000000000000000        1.0018983888078992        1.0000000000000000        6.9400066739805622E-310
  -1.4998562694541029E-002   8.8464749946730522E-007   0.0000000000000000        1.0000000000000000E-002   1.2000000000000000E-002   1.0018980020830173        0.0000000000000000        1.0018980020830173        1.0000000000000000        6.9400066739805622E-310
  -2.4997610794636360E-002   1.4705623293007712E-006  -3.5767633061438002E+077   1.0000000000000000E-002   1.2000000000000000E-002   1.0018972301605553        0.0000000000000000        1.0018972301605553        1.0000000000000000        6.9400066739805622E-310
  -3.4996668324204228E-002   2.0507171259982159E-006   6.9400068546417920E-310   1.0000000000000000E-002   1.2000000000000000E-002   1.0018960760893778        0.0000000000000000        1.0018960760893778        1.0000000000000000        6.9400066739805622E-310
  -4.4995739002884338E-002   2.6228386744602214E-006   6.9400066883177543E-310   1.0000000000000000E-002   1.2000000000000000E-002   1.0018945444272047        0.0000000000000000        1.0018945444272047        1.0000000000000000        6.9400066739805622E-310
