 # x, v, a, m, h, rho, u, P, c, ke
   3.7008000000001031     
   4.9995924889262074E-003   1.6760658065088959E-006   1.7309876978011118E-005   1.0000000000000000E-002   1.2000000000000000E-002   1.0018836375274909        0.0000000000000000        1.0018836375274909        1.0000000000000000        6.9400066739805622E-310
   1.4998779074361627E-002   5.0215788418426599E-006   5.1861360207183793E-005   1.0000000000000000E-002   1.2000000000000000E-002   1.0018833091833286        0.0000000000000000        1.0018833091833286        1.0000000000000000        6.9400066739805622E-310
   2.4997970476202457E-002   8.3472621400197858E-006   8.6208527076969688E-005   1.0000000000000000E-002   1.2000000000000000E-002   1.0018826537894503        0.0000000000000000        1.0018826537894503        1.0000000000000000        6.9400066739805622E-310
   3.4997169884301821E-002   1.1639984180189602E-005   1.2021595634692517E-004   1.0000000000000000E-002   1.2000000000000000E-002   1.0018816739293905        0.0000000000000000        1.0018816739293905        1.0000000000000000        6.9400066739805622E-310
   4.4996380456961201E-002   1.4886741762141863E-005   1.5374972414594623E-004   1.0000000000000000E-002   1.2000000000000000E-002   1.0018803734657553        0.0000000000000000        1.0018803734657553        1.0000000000000000        6.9400066739805622E-310
   5.4995605308499312E-002   1.8074715428562922E-005   1.8667763752588939E-004   1.0000000000000000E-002   1.2000000000000000E-002   1.0018787575247883        0.0000000000000000        1.0018787575247883        1.0000000000000000        6.9400066739805622E-310
   6.4994847496973346E-002   2.1191317199914719E-005   2.1886990774966364E-004   1.0000000000000000E-002   1.2000000000000000E-002   1.0018768324767640        0.0000000000000000        1.0018768324767640        1.0000000000000000        6.9400066739805622E-310
   7.4994110012127066E-002   2.4224241543014482E-005   2.5019965862771443E-004   1.0000000000000000E-002   1.2000000000000000E-002   1.0018746059106336        0.0000000000000000        1.0018746059106336        1.0000000000000000        6.9400066739805622E-310
   8.4993395763609772E-002   2.7161514103263727E-005   2.8054334762028788E-004   1.0000000000000000E-002   1.2000000000000000E-002   1.0018720866043678        0.0000000000000000        1.0018720866043678        1.0000000000000000        6.9400066739805622E-310
   9.4992707569501386E-002   2.9991538592021437E-005   3.0978141249615732E-004   1.0000000000000000E-002   1.2000000000000000E-002   1.0018692844902088        0.0000000000000000        1.0018692844902088        1.0000000000000000        6.9400066739805622E-310
  0.10499204814521036        3.2703142976572864E-005   3.3779855235493983E-004   1.0000000000000000E-002   1.2000000000000000E-002   1.0018662106153968        0.0000000000000000        1.0018662106153968        1.0000000000000000        6.9400066739805622E-310
  0.11499142009276832        3.5285623264411535E-005   3.6448411408684933E-004   1.0000000000000000E-002   1.2000000000000000E-002   1.0018628770998570        0.0000000000000000        1.0018628770998570        1.0000000000000000        6.9400066739805622E-310
  0.12499082589054754        3.7728786206981708E-005   3.8973300676836686E-004   1.0000000000000000E-002   1.2000000000000000E-002   1.0018592970876656        0.0000000000000000        1.0018592970876656        1.0000000000000000        6.9400066739805622E-310
  0.13499026788350757        4.0022989221015734E-005   4.1344556121547527E-004   1.0000000000000000E-002   1.2000000000000000E-002   1.0018554846947931        0.0000000000000000        1.0018554846947931        1.0000000000000000        6.9400066739805622E-310
  0.14498974827393668        4.2159178488658119E-005   4.3552806031588176E-004   1.0000000000000000E-002   1.2000000000000000E-002   1.0018514549551003        0.0000000000000000        1.0018514549551003        1.0000000000000000        6.9400066739805622E-310
  0.15498926911274430        4.4128925566616217E-005   4.5589345242813550E-004   1.0000000000000000E-002   1.2000000000000000E-002   1.0018472237602758        0.0000000000000000        1.0018472237602758        1.0000000000000000        6.9400066739805622E-310
  0.16498883229138189        4.5924458123079378E-005   4.7446124670358358E-004   1.0000000000000000E-002   1.2000000000000000E-002   1.0018428077970571        0.0000000000000000        1.0018428077970571        1.0000000000000000        6.9400066739805622E-310
  0.17498843953436163        4.7538693957875042E-005   4.9115808803001926E-004   1.0000000000000000E-002   1.2000000000000000E-002   1.0018382244821202        0.0000000000000000        1.0018382244821202        1.0000000000000000        6.9400066739805622E-310
  0.18498809239244682        4.8965266433445269E-005   5.0591791217691195E-004   1.0000000000000000E-002   1.2000000000000000E-002   1.0018334918934839        0.0000000000000000        1.0018334918934839        1.0000000000000000        6.9400066739805622E-310
  0.19498779223651194        5.0198550250692100E-005   5.1868239281294137E-004   1.0000000000000000E-002   1.2000000000000000E-002   1.0018286286991742        0.0000000000000000        1.0018286286991742        1.0000000000000000        6.9400066739805622E-310
  0.20498754025212695        5.1233684240978448E-005   5.2940098425224846E-004   1.0000000000000000E-002   1.2000000000000000E-002   1.0018236540834415        0.0000000000000000        1.0018236540834415        1.0000000000000000        6.9400066739805622E-310
  0.21498733743486159        5.2066588987989409E-005   5.3803115123862710E-004   1.0000000000000000E-002   1.2000000000000000E-002   1.0018185876718071        0.0000000000000000        1.0018185876718071        1.0000000000000000        6.9400066739805622E-310
  0.22498718458633069        5.2693984549411743E-005   5.4453874936566393E-004   1.0000000000000000E-002   1.2000000000000000E-002   1.0018134494531432        0.0000000000000000        1.0018134494531432        1.0000000000000000        6.9400066739805622E-310
  0.23498708231102550        5.3113401827343099E-005   5.4889782939415710E-004   1.0000000000000000E-002   1.2000000000000000E-002   1.0018082597008915        0.0000000000000000        1.0018082597008915        1.0000000000000000        6.9400066739805622E-310
  0.24498703101389990        5.3323193362725623E-005   5.5109093291605404E-004   1.0000000000000000E-002   1.2000000000000000E-002   1.0018030388938743        0.0000000000000000        1.0018030388938743        1.0000000000000000        6.9400066739805622E-310
  0.25498703089874597        5.3322538544450180E-005   5.5110929805124442E-004   1.0000000000000000E-002   1.2000000000000000E-002   1.0017978076346650        0.0000000000000000        1.0017978076346650        1.0000000000000000        6.9400066739805622E-310
  0.26498708196738180        5.3111447585011419E-005   5.4895258913401079E-004   1.0000000000000000E-002   1.2000000000000000E-002   1.0017925865683415        0.0000000000000000        1.0017925865683415        1.0000000000000000        6.9400066739805622E-310
  0.27498718401961592        5.2690761895968162E-005   5.4462907240182545E-004   1.0000000000000000E-002   1.2000000000000000E-002   1.0017873963016526        0.0000000000000000        1.0017873963016526        1.0000000000000000        6.9400066739805622E-310
  0.28498733665401416        5.2062148542835927E-005   5.3815560203140933E-004   1.0000000000000000E-002   1.2000000000000000E-002   1.0017822573213959        0.0000000000000000        1.0017822573213959        1.0000000000000000        6.9400066739805622E-310
  0.29498753926946358        5.1228096213194067E-005   5.2955754740668937E-004   1.0000000000000000E-002   1.2000000000000000E-002   1.0017771899133547        0.0000000000000000        1.0017771899133547        1.0000000000000000        6.9400066739805622E-310
  0.30498779106752533        5.0191902838270224E-005   5.1886870320583256E-004   1.0000000000000000E-002   1.2000000000000000E-002   1.0017722140818615        0.0000000000000000        1.0017722140818615        1.0000000000000000        6.9400066739805622E-310
  0.31498809105557574        4.8957663968510373E-005   5.0613095329232749E-004   1.0000000000000000E-002   1.2000000000000000E-002   1.0017673494714929        0.0000000000000000        1.0017673494714929        1.0000000000000000        6.9400066739805622E-310
  0.32498843805068856        4.7530256667804205E-005   4.9139451402702150E-004   1.0000000000000000E-002   1.2000000000000000E-002   1.0017626152891406        0.0000000000000000        1.0017626152891406        1.0000000000000000        6.9400066739805622E-310
  0.33498883068430441        4.5915319453466586E-005   4.7471733620696455E-004   1.0000000000000000E-002   1.2000000000000000E-002   1.0017580302278366        0.0000000000000000        1.0017580302278366        1.0000000000000000        6.9400066739805622E-310
  0.34498926740760566        4.4119228937717182E-005   4.5616519555391477E-004   1.0000000000000000E-002   1.2000000000000000E-002   1.0017536123930220        0.0000000000000000        1.0017536123930220        1.0000000000000000        6.9400066739805622E-310
  0.35498974649762860        4.2149077508130135E-005   4.3581116979751755E-004   1.0000000000000000E-002   1.2000000000000000E-002   1.0017493792307204        0.0000000000000000        1.0017493792307204        1.0000000000000000        6.9400066739805622E-310
  0.36499026606404850        4.0012642635606699E-005   4.1373546504264169E-004   1.0000000000000000E-002   1.2000000000000000E-002   1.0017453474592213        0.0000000000000000        1.0017453474592213        1.0000000000000000        6.9400066739805622E-310
  0.37499082405662554        3.7718357278387655E-005   3.9002528119880253E-004   1.0000000000000000E-002   1.2000000000000000E-002   1.0017415330020769        0.0000000000000000        1.0017415330020769        1.0000000000000000        6.9400066739805622E-310
  0.38499141827330818        3.5275276502720937E-005   3.6477408355040097E-004   1.0000000000000000E-002   1.2000000000000000E-002   1.0017379509252822        0.0000000000000000        1.0017379509252822        1.0000000000000000        6.9400066739805622E-310
  0.39499204636890889        3.2693041819803026E-005   3.3808156528358779E-004   1.0000000000000000E-002   1.2000000000000000E-002   1.0017346153780891        0.0000000000000000        1.0017346153780891        1.0000000000000000        6.9400066739805622E-310
  0.40499270586436492        2.9981842114995134E-005   3.1005315343346496E-004   1.0000000000000000E-002   1.2000000000000000E-002   1.0017315395362536        0.0000000000000000        1.0017315395362536        1.0000000000000000        6.9400066739805622E-310
  0.41499339415653164        2.7152375362772847E-005   2.8079946760151131E-004   1.0000000000000000E-002   1.2000000000000000E-002   1.0017287355503530        0.0000000000000000        1.0017287355503530        1.0000000000000000        6.9400066739805622E-310
  0.42499410852845276        2.4215804529463707E-005   2.5043611108177544E-004   1.0000000000000000E-002   1.2000000000000000E-002   1.0017262144974866        0.0000000000000000        1.0017262144974866        1.0000000000000000        6.9400066739805622E-310
  0.43499484616010314        2.1183714790593834E-005   2.1908293285388680E-004   1.0000000000000000E-002   1.2000000000000000E-002   1.0017239863375802        0.0000000000000000        1.0017239863375802        1.0000000000000000        6.9400066739805622E-310
  0.44499560413951444        1.8068067875676038E-005   1.8686391245470446E-004   1.0000000000000000E-002   1.2000000000000000E-002   1.0017220598737300        0.0000000000000000        1.0017220598737300        1.0000000000000000        6.9400066739805622E-310
  0.45499637947429611        1.4881153668042308E-005   1.5390633267031717E-004   1.0000000000000000E-002   1.2000000000000000E-002   1.0017204427169590        0.0000000000000000        1.0017204427169590        1.0000000000000000        6.9400066739805622E-310
  0.46499716910345446        1.1635543658748966E-005   1.2034042158060032E-004   1.0000000000000000E-002   1.2000000000000000E-002   1.0017191412566397        0.0000000000000000        1.0017191412566397        1.0000000000000000        6.9400066739805622E-310
  0.47499796990949084        8.3440396530459395E-006   8.6298818395391663E-005   1.0000000000000000E-002   1.2000000000000000E-002   1.0017181606350867        0.0000000000000000        1.0017181606350867        1.0000000000000000        6.9400066739805622E-310
  0.48499877873072023        5.0196246926940329E-006   5.1916115879180325E-005   1.0000000000000000E-002   1.2000000000000000E-002   1.0017175047269116        0.0000000000000000        1.0017175047269116        1.0000000000000000        6.9400066739805622E-310
  0.49499959237377511        1.6754108452769729E-006   1.7328199258592747E-005   1.0000000000000000E-002   1.2000000000000000E-002   1.0017171761236627        0.0000000000000000        1.0017171761236627        1.0000000000000000        6.9400066739805622E-310
  0.50500040762622500       -1.6754110066689157E-006  -1.7328187990273136E-005   1.0000000000000000E-002   1.2000000000000000E-002   1.0017171761236159        0.0000000000000000        1.0017171761236159        1.0000000000000000        6.9400066739805622E-310
  0.51500122126928094       -5.0196246765416635E-006  -5.1916128106732629E-005   1.0000000000000000E-002   1.2000000000000000E-002   1.0017175047268605        0.0000000000000000        1.0017175047268605        1.0000000000000000        6.9400066739805622E-310
  0.52500203009051061       -8.3440394025423116E-006  -8.6298841935672499E-005   1.0000000000000000E-002   1.2000000000000000E-002   1.0017181606352061        0.0000000000000000        1.0017181606352061        1.0000000000000000        6.9400066739805622E-310
  0.53500283089654388       -1.1635543728818742E-005  -1.2034037821972987E-004   1.0000000000000000E-002   1.2000000000000000E-002   1.0017191412566642        0.0000000000000000        1.0017191412566642        1.0000000000000000        6.9400066739805622E-310
  0.54500362052570483       -1.4881153839131076E-005  -1.5390635148193610E-004   1.0000000000000000E-002   1.2000000000000000E-002   1.0017204427168720        0.0000000000000000        1.0017204427168720        1.0000000000000000        6.9400066739805622E-310
  0.55500439586048600       -1.8068067670102866E-005  -1.8686391643996103E-004   1.0000000000000000E-002   1.2000000000000000E-002   1.0017220598737553        0.0000000000000000        1.0017220598737553        1.0000000000000000        6.9400066739805622E-310
  0.56500515383989713       -2.1183714915290999E-005  -2.1908293974259863E-004   1.0000000000000000E-002   1.2000000000000000E-002   1.0017239863376384        0.0000000000000000        1.0017239863376384        1.0000000000000000        6.9400066739805622E-310
  0.57500589147154657       -2.4215804595828793E-005  -2.5043610608221911E-004   1.0000000000000000E-002   1.2000000000000000E-002   1.0017262144975645        0.0000000000000000        1.0017262144975645        1.0000000000000000        6.9400066739805622E-310
  0.58500660584346675       -2.7152375168124316E-005  -2.8079943603298574E-004   1.0000000000000000E-002   1.2000000000000000E-002   1.0017287355502600        0.0000000000000000        1.0017287355502600        1.0000000000000000        6.9400066739805622E-310
  0.59500729413563647       -2.9981842256492479E-005  -3.1005317442911462E-004   1.0000000000000000E-002   1.2000000000000000E-002   1.0017315395361175        0.0000000000000000        1.0017315395361175        1.0000000000000000        6.9400066739805622E-310
  0.60500795363109239       -3.2693041626440725E-005  -3.3808156601722317E-004   1.0000000000000000E-002   1.2000000000000000E-002   1.0017346153780498        0.0000000000000000        1.0017346153780498        1.0000000000000000        6.9400066739805622E-310
  0.61500858172669393       -3.5275276637890767E-005  -3.6477409983248776E-004   1.0000000000000000E-002   1.2000000000000000E-002   1.0017379509253201        0.0000000000000000        1.0017379509253201        1.0000000000000000        6.9400066739805622E-310
  0.62500917594337491       -3.7718357472253818E-005  -3.9002527261100539E-004   1.0000000000000000E-002   1.2000000000000000E-002   1.0017415330021440        0.0000000000000000        1.0017415330021440        1.0000000000000000        6.9400066739805622E-310
  0.63500973393595239       -4.0012642671203848E-005  -4.1373548572298802E-004   1.0000000000000000E-002   1.2000000000000000E-002   1.0017453474593467        0.0000000000000000        1.0017453474593467        1.0000000000000000        6.9400066739805622E-310
  0.64501025350236907       -4.2149077327894893E-005  -4.3581111914114956E-004   1.0000000000000000E-002   1.2000000000000000E-002   1.0017493792307159        0.0000000000000000        1.0017493792307159        1.0000000000000000        6.9400066739805622E-310
  0.65501073259239517       -4.4119229065249959E-005  -4.5616520465330268E-004   1.0000000000000000E-002   1.2000000000000000E-002   1.0017536123928217        0.0000000000000000        1.0017536123928217        1.0000000000000000        6.9400066739805622E-310
  0.66501116931569781       -4.5915319016647466E-005  -4.7471735942217208E-004   1.0000000000000000E-002   1.2000000000000000E-002   1.0017580302277942        0.0000000000000000        1.0017580302277942        1.0000000000000000        6.9400066739805622E-310
  0.67501156194931300       -4.7530256909818473E-005  -4.9139452193092126E-004   1.0000000000000000E-002   1.2000000000000000E-002   1.0017626152892241        0.0000000000000000        1.0017626152892241        1.0000000000000000        6.9400066739805622E-310
  0.68501190894442476       -4.8957664034590822E-005  -5.0613095670204444E-004   1.0000000000000000E-002   1.2000000000000000E-002   1.0017673494716346        0.0000000000000000        1.0017673494716346        1.0000000000000000        6.9400066739805622E-310
  0.69501220893247317       -5.0191903105934634E-005  -5.1886867530903658E-004   1.0000000000000000E-002   1.2000000000000000E-002   1.0017722140818981        0.0000000000000000        1.0017722140818981        1.0000000000000000        6.9400066739805622E-310
  0.70501246073053625       -5.1228096019141956E-005  -5.2955756141148669E-004   1.0000000000000000E-002   1.2000000000000000E-002   1.0017771899133208        0.0000000000000000        1.0017771899133208        1.0000000000000000        6.9400066739805622E-310
  0.71501266334598546       -5.2062148703949284E-005  -5.3815562501391412E-004   1.0000000000000000E-002   1.2000000000000000E-002   1.0017822573215300        0.0000000000000000        1.0017822573215300        1.0000000000000000        6.9400066739805622E-310
  0.72501281598038092       -5.2690761683470587E-005  -5.4462903771401727E-004   1.0000000000000000E-002   1.2000000000000000E-002   1.0017873963017367        0.0000000000000000        1.0017873963017367        1.0000000000000000        6.9400066739805622E-310
  0.73501291803261570       -5.3111447759677941E-005  -5.4895255824760625E-004   1.0000000000000000E-002   1.2000000000000000E-002   1.0017925865681225        0.0000000000000000        1.0017925865681225        1.0000000000000000        6.9400066739805622E-310
  0.74501296910125581       -5.3322538438823688E-005  -5.5110934011270984E-004   1.0000000000000000E-002   1.2000000000000000E-002   1.0017978076345055        0.0000000000000000        1.0017978076345055        1.0000000000000000        6.9400066739805622E-310
  0.75501296898610093       -5.3323193147535554E-005  -5.5109093770244755E-004   1.0000000000000000E-002   1.2000000000000000E-002   1.0018030388939172        0.0000000000000000        1.0018030388939172        1.0000000000000000        6.9400066739805622E-310
  0.76501291768897517       -5.3113401918021181E-005  -5.4889783263689651E-004   1.0000000000000000E-002   1.2000000000000000E-002   1.0018082597009754        0.0000000000000000        1.0018082597009754        1.0000000000000000        6.9400066739805622E-310
  0.77501281541366818       -5.2693984449082025E-005  -5.4453871470006021E-004   1.0000000000000000E-002   1.2000000000000000E-002   1.0018134494530844        0.0000000000000000        1.0018134494530844        1.0000000000000000        6.9400066739805622E-310
  0.78501266256514057       -5.2066589072883943E-005  -5.3803119653750286E-004   1.0000000000000000E-002   1.2000000000000000E-002   1.0018185876717969        0.0000000000000000        1.0018185876717969        1.0000000000000000        6.9400066739805622E-310
  0.79501245974787227       -5.1233684217682819E-005  -5.2940096664766401E-004   1.0000000000000000E-002   1.2000000000000000E-002   1.0018236540835634        0.0000000000000000        1.0018236540835634        1.0000000000000000        6.9400066739805622E-310
  0.80501220776348736       -5.0198550315215485E-005  -5.1868238664187771E-004   1.0000000000000000E-002   1.2000000000000000E-002   1.0018286286991764        0.0000000000000000        1.0018286286991764        1.0000000000000000        6.9400066739805622E-310
  0.81501190760755260       -4.8965266446125108E-005  -5.0591791534859709E-004   1.0000000000000000E-002   1.2000000000000000E-002   1.0018334918934764        0.0000000000000000        1.0018334918934764        1.0000000000000000        6.9400066739805622E-310
  0.82501156046563784       -4.7538693940979831E-005  -4.9115808336708255E-004   1.0000000000000000E-002   1.2000000000000000E-002   1.0018382244821111        0.0000000000000000        1.0018382244821111        1.0000000000000000        6.9400066739805622E-310
  0.83501116770861739       -4.5924458139168159E-005  -4.7446121693894838E-004   1.0000000000000000E-002   1.2000000000000000E-002   1.0018428077968877        0.0000000000000000        1.0018428077968877        1.0000000000000000        6.9400066739805622E-310
  0.84501073088725887       -4.4128925427904692E-005  -4.5589349640806631E-004   1.0000000000000000E-002   1.2000000000000000E-002   1.0018472237601677        0.0000000000000000        1.0018472237601677        1.0000000000000000        6.9400066739805622E-310
  0.85501025172606504       -4.2159178665315602E-005  -4.3552806644964193E-004   1.0000000000000000E-002   1.2000000000000000E-002   1.0018514549552300        0.0000000000000000        1.0018514549552300        1.0000000000000000        6.9400066739805622E-310
  0.86500973211649246       -4.0022989348038509E-005  -4.1344553970645848E-004   1.0000000000000000E-002   1.2000000000000000E-002   1.0018554846948402        0.0000000000000000        1.0018554846948402        1.0000000000000000        6.9400066739805622E-310
  0.87500917410945345       -3.7728786031316426E-005  -3.8973302591749359E-004   1.0000000000000000E-002   1.2000000000000000E-002   1.0018592970877107        0.0000000000000000        1.0018592970877107        1.0000000000000000        6.9400066739805622E-310
  0.88500857990723092       -3.5285623220784528E-005  -3.6448410644940310E-004   1.0000000000000000E-002   1.2000000000000000E-002   1.0018628770999520        0.0000000000000000        1.0018628770999520        1.0000000000000000        6.9400066739805622E-310
  0.89500795185478854       -3.2703142929518076E-005  -3.3779854333282344E-004   1.0000000000000000E-002   1.2000000000000000E-002   1.0018662106154157        0.0000000000000000        1.0018662106154157        1.0000000000000000        6.9400066739805622E-310
  0.90500729243049738       -2.9991538609454889E-005  -3.0978139182913367E-004   1.0000000000000000E-002   1.2000000000000000E-002   1.0018692844900965        0.0000000000000000        1.0018692844900965        1.0000000000000000        6.9400066739805622E-310
  0.91500660423639157       -2.7161514172100533E-005  -2.8054337372207527E-004   1.0000000000000000E-002   1.2000000000000000E-002   1.0018720866042738        0.0000000000000000        1.0018720866042738        1.0000000000000000        6.9400066739805622E-310
  0.92500588998787381       -2.4224241661643971E-005  -2.5019966830974738E-004   1.0000000000000000E-002   1.2000000000000000E-002   1.0018746059107051        0.0000000000000000        1.0018746059107051        1.0000000000000000        6.9400066739805622E-310
  0.93500515250302618       -2.1191317091998906E-005  -2.1886988485420034E-004   1.0000000000000000E-002   1.2000000000000000E-002   1.0018768324767717        0.0000000000000000        1.0018768324767717        1.0000000000000000        6.9400066739805622E-310
  0.94500439469150133       -1.8074715601340788E-005  -1.8667763213375821E-004   1.0000000000000000E-002   1.2000000000000000E-002   1.0018787575246761        0.0000000000000000        1.0018787575246761        1.0000000000000000        6.9400066739805622E-310
  0.95500361954304080       -1.4886741820627242E-005  -1.5374974321868962E-004   1.0000000000000000E-002   1.2000000000000000E-002   1.0018803734656996        0.0000000000000000        1.0018803734656996        1.0000000000000000        6.9400066739805622E-310
  0.96500283011570021       -1.1639983860579796E-005  -1.2021598556000157E-004   1.0000000000000000E-002   1.2000000000000000E-002   1.0018816739295544        0.0000000000000000        1.0018816739295544        1.0000000000000000        6.9400066739805622E-310
  0.97500202952379589       -8.3472622020426621E-006  -8.6208488988326337E-005   1.0000000000000000E-002   1.2000000000000000E-002   1.0018826537895744        0.0000000000000000        1.0018826537895744        1.0000000000000000        6.9400066739805622E-310
  0.98500122092563769       -5.0215787262530397E-006  -5.1861353805193744E-005   1.0000000000000000E-002   1.2000000000000000E-002   1.0018833091832502        0.0000000000000000        1.0018833091832502        1.0000000000000000        6.9400066739805622E-310
  0.99500040751107410       -1.6760659052107494E-006  -1.7309889882355378E-005   1.0000000000000000E-002   1.2000000000000000E-002   1.0018836375274480        0.0000000000000000        1.0018836375274480        1.0000000000000000        6.9400066739805622E-310
   1.0049995924889261        1.6760709349921339E-006   1.7478807819770736E-005   1.0000000000000000E-002   1.2000000000000000E-002   1.0018836375274909        0.0000000000000000        1.0018836375274909        1.0000000000000000        6.9400066739805622E-310
   1.0149987790743615        5.0215941999414527E-006   5.2367485327664554E-005   1.0000000000000000E-002   1.2000000000000000E-002   1.0018833091833286        0.0000000000000000        1.0018833091833286        1.0000000000000000        6.9400066739805622E-310
   1.0249979704762024        8.3472876700448132E-006   8.7049823109808244E-005   1.0000000000000000E-002   1.2000000000000000E-002   1.0018826537894503        0.0000000000000000        1.0018826537894503        1.0000000000000000        6.9400066739805622E-310
   1.0349971698843019        1.1640019781337232E-005   1.2138913192494272E-004   1.0000000000000000E-002   1.2000000000000000E-002   1.0018816739293905        0.0000000000000000        1.0018816739293905        1.0000000000000000        6.9400066739805622E-310
   1.0449963804569613        1.4886787294739289E-005   1.5525010354711100E-004   1.0000000000000000E-002   1.2000000000000000E-002   1.0018803734657553        0.0000000000000000        1.0018803734657553        1.0000000000000000        6.9400066739805622E-310
  -4.9995924889258969E-003  -1.6762686244963741E-006  -3.5767633061438002E+077   1.0000000000000000E-002   1.2000000000000000E-002   1.0018836375274480        0.0000000000000000        1.0018836375274480        1.0000000000000000        6.9400066739805622E-310
  -1.4998779074362312E-002  -5.0221860708894892E-006   0.0000000000000000        1.0000000000000000E-002   1.2000000000000000E-002   1.0018833091832502        0.0000000000000000        1.0018833091832502        1.0000000000000000        6.9400066739805622E-310
  -2.4997970476204112E-002  -8.3482717708616054E-006  -3.5767633061438002E+077   1.0000000000000000E-002   1.2000000000000000E-002   1.0018826537895744        0.0000000000000000        1.0018826537895744        1.0000000000000000        6.9400066739805622E-310
  -3.4997169884299795E-002  -1.1641391651386392E-005   6.9400068546417920E-310   1.0000000000000000E-002   1.2000000000000000E-002   1.0018816739295544        0.0000000000000000        1.0018816739295544        1.0000000000000000        6.9400066739805622E-310
  -4.4996380456959195E-002  -1.4888542279830836E-005   6.9400066883177543E-310   1.0000000000000000E-002   1.2000000000000000E-002   1.0018803734656996        0.0000000000000000        1.0018803734656996        1.0000000000000000        6.9400066739805622E-310
