 # x, v, a, m, h, rho, u, P, c, ke
   4.6008000000000591     
   4.9995233122635124E-003   4.5924245845518740E-007   2.0253652455615168E-005   1.0000000000000000E-002   1.2000000000000000E-002   1.0018977668410771        0.0000000000000000        1.0018977668410771        1.0000000000000000        6.9400066739805622E-310
   1.4998571817750196E-002   1.3759033648131149E-006   6.0681156745623355E-005   1.0000000000000000E-002   1.2000000000000000E-002   1.0018973826487179        0.0000000000000000        1.0018973826487179        1.0000000000000000        6.9400066739805622E-310
   2.4997625958711921E-002   2.2871015570811188E-006   1.0086923945173965E-004   1.0000000000000000E-002   1.2000000000000000E-002   1.0018966157800293        0.0000000000000000        1.0018966157800293        1.0000000000000000        6.9400066739805622E-310
   3.4996689467427775E-002   3.1892195992266223E-006   1.4065946390040551E-004   1.0000000000000000E-002   1.2000000000000000E-002   1.0018954692615623        0.0000000000000000        1.0018954692615623        1.0000000000000000        6.9400066739805622E-310
   4.4995766039233116E-002   4.0786771966567168E-006   1.7989487781111535E-004   1.0000000000000000E-002   1.2000000000000000E-002   1.0018939476176010        0.0000000000000000        1.0018939476176010        1.0000000000000000        6.9400066739805622E-310
   5.4994859317945836E-002   4.9519443172229438E-006   2.1842061185761708E-004   1.0000000000000000E-002   1.2000000000000000E-002   1.0018920568533198        0.0000000000000000        1.0018920568533198        1.0000000000000000        6.9400066739805622E-310
   6.4993972881479040E-002   5.8055569959123755E-006   2.5608487492068122E-004   1.0000000000000000E-002   1.2000000000000000E-002   1.0018898044301363        0.0000000000000000        1.0018898044301363        1.0000000000000000        6.9400066739805622E-310
   7.4993110227754664E-002   6.6361306605362757E-006   2.9273892108516719E-004   1.0000000000000000E-002   1.2000000000000000E-002   1.0018871992365905        0.0000000000000000        1.0018871992365905        1.0000000000000000        6.9400066739805622E-310
   8.4992274760882600E-002   7.4403726976694460E-006   3.2823818595506538E-004   1.0000000000000000E-002   1.2000000000000000E-002   1.0018842515540212        0.0000000000000000        1.0018842515540212        1.0000000000000000        6.9400066739805622E-310
   9.4991469777739382E-002   8.2150980520192527E-006   3.6244267259277763E-004   1.0000000000000000E-002   1.2000000000000000E-002   1.0018809730148315        0.0000000000000000        1.0018809730148315        1.0000000000000000        6.9400066739805622E-310
  0.10499069845496940        8.9572397011837887E-006   3.9521733147829252E-004   1.0000000000000000E-002   1.2000000000000000E-002   1.0018773765573767        0.0000000000000000        1.0018773765573767        1.0000000000000000        6.9400066739805622E-310
  0.11498996383643738        9.6638621702567938E-006   4.2643297108746481E-004   1.0000000000000000E-002   1.2000000000000000E-002   1.0018734763744743        0.0000000000000000        1.0018734763744743        1.0000000000000000        6.9400066739805622E-310
  0.12498926882123818        1.0332171998317180E-005   4.5596629531896582E-004   1.0000000000000000E-002   1.2000000000000000E-002   1.0018692878575255        0.0000000000000000        1.0018692878575255        1.0000000000000000        6.9400066739805622E-310
  0.13498861615223937        1.0959530651024137E-005   4.8370080546078498E-004   1.0000000000000000E-002   1.2000000000000000E-002   1.0018648275361897        0.0000000000000000        1.0018648275361897        1.0000000000000000        6.9400066739805622E-310
  0.14498800840526613        1.1543463654851420E-005   5.0952702326423349E-004   1.0000000000000000E-002   1.2000000000000000E-002   1.0018601130125928        0.0000000000000000        1.0018601130125928        1.0000000000000000        6.9400066739805622E-310
  0.15498744797893235        1.2081670501942551E-005   5.3334299404994567E-004   1.0000000000000000E-002   1.2000000000000000E-002   1.0018551628923149        0.0000000000000000        1.0018551628923149        1.0000000000000000        6.9400066739805622E-310
  0.16498693708516848        1.2572033996628992E-005   5.5505482082995883E-004   1.0000000000000000E-002   1.2000000000000000E-002   1.0018499967102321        0.0000000000000000        1.0018499967102321        1.0000000000000000        6.9400066739805622E-310
  0.17498647774050605        1.3012627741081000E-005   5.7457662054627434E-004   1.0000000000000000E-002   1.2000000000000000E-002   1.0018446348541228        0.0000000000000000        1.0018446348541228        1.0000000000000000        6.9400066739805622E-310
  0.18498607175809445        1.3401725188591007E-005   5.9183134923834757E-004   1.0000000000000000E-002   1.2000000000000000E-002   1.0018390984846293        0.0000000000000000        1.0018390984846293        1.0000000000000000        6.9400066739805622E-310
  0.19498572074054615        1.3737804690461308E-005   6.0675095006423874E-004   1.0000000000000000E-002   1.2000000000000000E-002   1.0018334094504595        0.0000000000000000        1.0018334094504595        1.0000000000000000        6.9400066739805622E-310
  0.20498542607361822        1.4019555331641452E-005   6.1927633188041398E-004   1.0000000000000000E-002   1.2000000000000000E-002   1.0018275902032014        0.0000000000000000        1.0018275902032014        1.0000000000000000        6.9400066739805622E-310
  0.21498518892071505        1.4245883293549944E-005   6.2935811266040531E-004   1.0000000000000000E-002   1.2000000000000000E-002   1.0018216637085153        0.0000000000000000        1.0018216637085153        1.0000000000000000        6.9400066739805622E-310
  0.22498501021830816        1.4415915102906510E-005   6.3695635942373485E-004   1.0000000000000000E-002   1.2000000000000000E-002   1.0018156533551694        0.0000000000000000        1.0018156533551694        1.0000000000000000        6.9400066739805622E-310
  0.23498489067221842        1.4528999384337088E-005   6.4204107634147078E-004   1.0000000000000000E-002   1.2000000000000000E-002   1.0018095828629998        0.0000000000000000        1.0018095828629998        1.0000000000000000        6.9400066739805622E-310
  0.24498483075483357        1.4584710959722424E-005   6.4459205047295853E-004   1.0000000000000000E-002   1.2000000000000000E-002   1.0018034761892112        0.0000000000000000        1.0018034761892112        1.0000000000000000        6.9400066739805622E-310
  0.25498483070322436        1.4582852645496588E-005   6.4459917208115058E-004   1.0000000000000000E-002   1.2000000000000000E-002   1.0017973574340366        0.0000000000000000        1.0017973574340366        1.0000000000000000        6.9400066739805622E-310
  0.26498489051820551        1.4523453177605008E-005   6.4206232167585142E-004   1.0000000000000000E-002   1.2000000000000000E-002   1.0017912507452680        0.0000000000000000        1.0017912507452680        1.0000000000000000        6.9400066739805622E-310
  0.27498500996432279        1.4406768542361654E-005   6.3699135863970469E-004   1.0000000000000000E-002   1.2000000000000000E-002   1.0017851802235567        0.0000000000000000        1.0017851802235567        1.0000000000000000        6.9400066739805622E-310
  0.28498518857076272        1.4233281332872321E-005   6.2940632824926013E-004   1.0000000000000000E-002   1.2000000000000000E-002   1.0017791698266780        0.0000000000000000        1.0017791698266780        1.0000000000000000        6.9400066739805622E-310
  0.29498542563321700        1.4003696141110011E-005   6.1933702137384472E-004   1.0000000000000000E-002   1.2000000000000000E-002   1.0017732432749868        0.0000000000000000        1.0017732432749868        1.0000000000000000        6.9400066739805622E-310
  0.30498572021664255        1.3718938003353030E-005   6.0682312127369187E-004   1.0000000000000000E-002   1.2000000000000000E-002   1.0017674239582584        0.0000000000000000        1.0017674239582584        1.0000000000000000        6.9400066739805622E-310
  0.31498607115894778        1.3380149312758342E-005   5.9191392477053739E-004   1.0000000000000000E-002   1.2000000000000000E-002   1.0017617348431096        0.0000000000000000        1.0017617348431096        1.0000000000000000        6.9400066739805622E-310
  0.32498647707556788        1.2988682623298006E-005   5.7466821852258931E-004   1.0000000000000000E-002   1.2000000000000000E-002   1.0017561983824850        0.0000000000000000        1.0017561983824850        1.0000000000000000        6.9400066739805622E-310
  0.33498693636492199        1.2546096970241485E-005   5.5515406466799533E-004   1.0000000000000000E-002   1.2000000000000000E-002   1.0017508364266172        0.0000000000000000        1.0017508364266172        1.0000000000000000        6.9400066739805622E-310
  0.34498744721473579        1.2054151001958288E-005   5.3344833504809230E-004   1.0000000000000000E-002   1.2000000000000000E-002   1.0017456701372929        0.0000000000000000        1.0017456701372929        1.0000000000000000        6.9400066739805622E-310
  0.35498800760917582        1.1514795734742015E-005   5.0963671139303557E-004   1.0000000000000000E-002   1.2000000000000000E-002   1.0017407199043502        0.0000000000000000        1.0017407199043502        1.0000000000000000        6.9400066739805622E-310
  0.36498861533680815        1.0930166119943571E-005   4.8381317340862040E-004   1.0000000000000000E-002   1.2000000000000000E-002   1.0017360052645408        0.0000000000000000        1.0017360052645408        1.0000000000000000        6.9400066739805622E-310
  0.37498926799932714        1.0302574288850047E-005   4.5607953371007426E-004   1.0000000000000000E-002   1.2000000000000000E-002   1.0017315448251458        0.0000000000000000        1.0017315448251458        1.0000000000000000        6.9400066739805622E-310
  0.38498996302100674        9.6344974594583778E-006   4.2654532356856123E-004   1.0000000000000000E-002   1.2000000000000000E-002   1.0017273561902342        0.0000000000000000        1.0017273561902342        1.0000000000000000        6.9400066739805622E-310
  0.39499069765887751        8.9285716263747373E-006   3.9532706058498235E-004   1.0000000000000000E-002   1.2000000000000000E-002   1.0017234558909920        0.0000000000000000        1.0017234558909920        1.0000000000000000        6.9400066739805622E-310
  0.40499146901354505        8.1875786511468924E-006   3.6254796407764189E-004   1.0000000000000000E-002   1.2000000000000000E-002   1.0017198593209069        0.0000000000000000        1.0017198593209069        1.0000000000000000        6.9400066739805622E-310
  0.41499227404063549        7.4144360347144170E-006   3.2833744583804503E-004   1.0000000000000000E-002   1.2000000000000000E-002   1.0017165806746509        0.0000000000000000        1.0017165806746509        1.0000000000000000        6.9400066739805622E-310
  0.42499310956281527        6.6121852634886300E-006   2.9283053394291159E-004   1.0000000000000000E-002   1.2000000000000000E-002   1.0017136328921454        0.0000000000000000        1.0017136328921454        1.0000000000000000        6.9400066739805622E-310
  0.43499397228233327        5.7839808589572656E-006   2.5616739532452470E-004   1.0000000000000000E-002   1.2000000000000000E-002   1.0017110276076810        0.0000000000000000        1.0017110276076810        1.0000000000000000        6.9400066739805622E-310
  0.44499485879403688        4.9330779585458426E-006   2.1849286936337364E-004   1.0000000000000000E-002   1.2000000000000000E-002   1.0017087751033620        0.0000000000000000        1.0017087751033620        1.0000000000000000        6.9400066739805622E-310
  0.45499576559883231        4.0628178703521117E-006   1.7995553113170359E-004   1.0000000000000000E-002   1.2000000000000000E-002   1.0017068842693773        0.0000000000000000        1.0017068842693773        1.0000000000000000        6.9400066739805622E-310
  0.46499668911747483        3.1766176616265361E-006   1.4070770983298786E-004   1.0000000000000000E-002   1.2000000000000000E-002   1.0017053625684667        0.0000000000000000        1.0017053625684667        1.0000000000000000        6.9400066739805622E-310
  0.47499762570472970        2.2779551899581705E-006   1.0090421778041758E-004   1.0000000000000000E-002   1.2000000000000000E-002   1.0017042160063914        0.0000000000000000        1.0017042160063914        1.0000000000000000        6.9400066739805622E-310
  0.48499857166374216        1.3703574703142858E-006   6.0702336562634684E-005   1.0000000000000000E-002   1.2000000000000000E-002   1.0017034491085697        0.0000000000000000        1.0017034491085697        1.0000000000000000        6.9400066739805622E-310
  0.49499952326065355        4.5738373726541676E-007   2.0260807735539288E-005   1.0000000000000000E-002   1.2000000000000000E-002   1.0017030649013676        0.0000000000000000        1.0017030649013676        1.0000000000000000        6.9400066739805622E-310
  0.50500047673934467       -4.5738398187399329E-007  -2.0260769804103518E-005   1.0000000000000000E-002   1.2000000000000000E-002   1.0017030649011973        0.0000000000000000        1.0017030649011973        1.0000000000000000        6.9400066739805622E-310
  0.51500142833625995       -1.3703571387885836E-006  -6.0702369055753991E-005   1.0000000000000000E-002   1.2000000000000000E-002   1.0017034491083756        0.0000000000000000        1.0017034491083756        1.0000000000000000        6.9400066739805622E-310
  0.52500237429527286       -2.2779552746658816E-006  -1.0090424953634880E-004   1.0000000000000000E-002   1.2000000000000000E-002   1.0017042160064862        0.0000000000000000        1.0017042160064862        1.0000000000000000        6.9400066739805622E-310
  0.53500331088252495       -3.1766176553307092E-006  -1.4070768554486079E-004   1.0000000000000000E-002   1.2000000000000000E-002   1.0017053625685881        0.0000000000000000        1.0017053625685881        1.0000000000000000        6.9400066739805622E-310
  0.54500423440116752       -4.0628178169143633E-006  -1.7995551266469789E-004   1.0000000000000000E-002   1.2000000000000000E-002   1.0017068842693133        0.0000000000000000        1.0017068842693133        1.0000000000000000        6.9400066739805622E-310
  0.55500514120596434       -4.9330779473676589E-006  -2.1849287179698251E-004   1.0000000000000000E-002   1.2000000000000000E-002   1.0017087751032261        0.0000000000000000        1.0017087751032261        1.0000000000000000        6.9400066739805622E-310
  0.56500602771766961       -5.7839810144660443E-006  -2.5616742718970187E-004   1.0000000000000000E-002   1.2000000000000000E-002   1.0017110276076988        0.0000000000000000        1.0017110276076988        1.0000000000000000        6.9400066739805622E-310
  0.57500689043718545       -6.6121852687377999E-006  -2.9283051690853767E-004   1.0000000000000000E-002   1.2000000000000000E-002   1.0017136328922345        0.0000000000000000        1.0017136328922345        1.0000000000000000        6.9400066739805622E-310
  0.58500772595936534       -7.4144358113112601E-006  -3.2833744489479955E-004   1.0000000000000000E-002   1.2000000000000000E-002   1.0017165806746440        0.0000000000000000        1.0017165806746440        1.0000000000000000        6.9400066739805622E-310
  0.59500853098645623       -8.1875786841954888E-006  -3.6254798333779092E-004   1.0000000000000000E-002   1.2000000000000000E-002   1.0017198593210055        0.0000000000000000        1.0017198593210055        1.0000000000000000        6.9400066739805622E-310
  0.60500930234112094       -8.9285718833669052E-006  -3.9532701871713982E-004   1.0000000000000000E-002   1.2000000000000000E-002   1.0017234558909704        0.0000000000000000        1.0017234558909704        1.0000000000000000        6.9400066739805622E-310
  0.61501003697899526       -9.6344976087790666E-006  -4.2654537136055382E-004   1.0000000000000000E-002   1.2000000000000000E-002   1.0017273561902440        0.0000000000000000        1.0017273561902440        1.0000000000000000        6.9400066739805622E-310
  0.62501073200067114       -1.0302573947602897E-005  -4.5607949395432001E-004   1.0000000000000000E-002   1.2000000000000000E-002   1.0017315448252000        0.0000000000000000        1.0017315448252000        1.0000000000000000        6.9400066739805622E-310
  0.63501138466319240       -1.0930166217953517E-005  -4.8381318133561280E-004   1.0000000000000000E-002   1.2000000000000000E-002   1.0017360052644413        0.0000000000000000        1.0017360052644413        1.0000000000000000        6.9400066739805622E-310
  0.64501199239082485       -1.1514795654232841E-005  -5.0963672200321497E-004   1.0000000000000000E-002   1.2000000000000000E-002   1.0017407199043362        0.0000000000000000        1.0017407199043362        1.0000000000000000        6.9400066739805622E-310
  0.65501255278526516       -1.2054151050643151E-005  -5.3344835677648916E-004   1.0000000000000000E-002   1.2000000000000000E-002   1.0017456701374270        0.0000000000000000        1.0017456701374270        1.0000000000000000        6.9400066739805622E-310
  0.66501306363507551       -1.2546097044530084E-005  -5.5515400874206478E-004   1.0000000000000000E-002   1.2000000000000000E-002   1.0017508364265970        0.0000000000000000        1.0017508364265970        1.0000000000000000        6.9400066739805622E-310
  0.67501352292443351       -1.2988682605609567E-005  -5.7466824865581856E-004   1.0000000000000000E-002   1.2000000000000000E-002   1.0017561983823400        0.0000000000000000        1.0017561983823400        1.0000000000000000        6.9400066739805622E-310
  0.68501392884105317       -1.3380149143114951E-005  -5.9191393401736292E-004   1.0000000000000000E-002   1.2000000000000000E-002   1.0017617348431620        0.0000000000000000        1.0017617348431620        1.0000000000000000        6.9400066739805622E-310
  0.69501427978335728       -1.3718938285481663E-005  -6.0682310404125417E-004   1.0000000000000000E-002   1.2000000000000000E-002   1.0017674239582490        0.0000000000000000        1.0017674239582490        1.0000000000000000        6.9400066739805622E-310
  0.70501457436678439       -1.4003695820096069E-005  -6.1933704494432362E-004   1.0000000000000000E-002   1.2000000000000000E-002   1.0017732432750275        0.0000000000000000        1.0017732432750275        1.0000000000000000        6.9400066739805622E-310
  0.71501481142923606       -1.4233281306068884E-005  -6.2940628934793352E-004   1.0000000000000000E-002   1.2000000000000000E-002   1.0017791698266436        0.0000000000000000        1.0017791698266436        1.0000000000000000        6.9400066739805622E-310
  0.72501499003567949       -1.4406768787651519E-005  -6.3699141055550967E-004   1.0000000000000000E-002   1.2000000000000000E-002   1.0017851802235700        0.0000000000000000        1.0017851802235700        1.0000000000000000        6.9400066739805622E-310
  0.73501510948179327       -1.4523453062346616E-005  -6.4206230255248187E-004   1.0000000000000000E-002   1.2000000000000000E-002   1.0017912507454465        0.0000000000000000        1.0017912507454465        1.0000000000000000        6.9400066739805622E-310
  0.74501516929677358       -1.4582852660090776E-005  -6.4459913185022089E-004   1.0000000000000000E-002   1.2000000000000000E-002   1.0017973574339316        0.0000000000000000        1.0017973574339316        1.0000000000000000        6.9400066739805622E-310
  0.75501516924516765       -1.4584711268489821E-005  -6.4459207061151602E-004   1.0000000000000000E-002   1.2000000000000000E-002   1.0018034761890247        0.0000000000000000        1.0018034761890247        1.0000000000000000        6.9400066739805622E-310
  0.76501510932778360       -1.4528999206220086E-005  -6.4204109372667517E-004   1.0000000000000000E-002   1.2000000000000000E-002   1.0018095828629889        0.0000000000000000        1.0018095828629889        1.0000000000000000        6.9400066739805622E-310
  0.77501498978169303       -1.4415915018981957E-005  -6.3695636080751683E-004   1.0000000000000000E-002   1.2000000000000000E-002   1.0018156533552289        0.0000000000000000        1.0018156533552289        1.0000000000000000        6.9400066739805622E-310
  0.78501481107928595       -1.4245883428542976E-005  -6.2935813653552941E-004   1.0000000000000000E-002   1.2000000000000000E-002   1.0018216637086998        0.0000000000000000        1.0018216637086998        1.0000000000000000        6.9400066739805622E-310
  0.79501457392637909       -1.4019555413778103E-005  -6.1927630289115854E-004   1.0000000000000000E-002   1.2000000000000000E-002   1.0018275902033584        0.0000000000000000        1.0018275902033584        1.0000000000000000        6.9400066739805622E-310
  0.80501427925945168       -1.3737804705160055E-005  -6.0675095980045057E-004   1.0000000000000000E-002   1.2000000000000000E-002   1.0018334094505286        0.0000000000000000        1.0018334094505286        1.0000000000000000        6.9400066739805622E-310
  0.81501392824190155       -1.3401724940637765E-005  -5.9183132399809324E-004   1.0000000000000000E-002   1.2000000000000000E-002   1.0018390984846259        0.0000000000000000        1.0018390984846259        1.0000000000000000        6.9400066739805622E-310
  0.82501352225949176       -1.3012627718539052E-005  -5.7457661686388661E-004   1.0000000000000000E-002   1.2000000000000000E-002   1.0018446348539902        0.0000000000000000        1.0018446348539902        1.0000000000000000        6.9400066739805622E-310
  0.83501306291483002       -1.2572033859402587E-005  -5.5505478573270040E-004   1.0000000000000000E-002   1.2000000000000000E-002   1.0018499967099292        0.0000000000000000        1.0018499967099292        1.0000000000000000        6.9400066739805622E-310
  0.84501255202107173       -1.2081670609932797E-005  -5.3334304454555337E-004   1.0000000000000000E-002   1.2000000000000000E-002   1.0018551628920720        0.0000000000000000        1.0018551628920720        1.0000000000000000        6.9400066739805622E-310
  0.85501199159473773       -1.1543463742108492E-005  -5.0952705906848195E-004   1.0000000000000000E-002   1.2000000000000000E-002   1.0018601130127474        0.0000000000000000        1.0018601130127474        1.0000000000000000        6.9400066739805622E-310
  0.86501138384776111       -1.0959530672275513E-005  -4.8370078613313439E-004   1.0000000000000000E-002   1.2000000000000000E-002   1.0018648275364113        0.0000000000000000        1.0018648275364113        1.0000000000000000        6.9400066739805622E-310
  0.87501073117876094       -1.0332172237160744E-005  -4.5596627083277497E-004   1.0000000000000000E-002   1.2000000000000000E-002   1.0018692878575566        0.0000000000000000        1.0018692878575566        1.0000000000000000        6.9400066739805622E-310
  0.88501003616356266       -9.6638618547928252E-006  -4.2643297447497730E-004   1.0000000000000000E-002   1.2000000000000000E-002   1.0018734763744115        0.0000000000000000        1.0018734763744115        1.0000000000000000        6.9400066739805622E-310
  0.89500930154503122       -8.9572397581814048E-006  -3.9521734356728899E-004   1.0000000000000000E-002   1.2000000000000000E-002   1.0018773765573847        0.0000000000000000        1.0018773765573847        1.0000000000000000        6.9400066739805622E-310
  0.90500853022226035       -8.2150981982168311E-006  -3.6244266045137863E-004   1.0000000000000000E-002   1.2000000000000000E-002   1.0018809730148370        0.0000000000000000        1.0018809730148370        1.0000000000000000        6.9400066739805622E-310
  0.91500772523911789       -7.4403725000281559E-006  -3.2823819592309178E-004   1.0000000000000000E-002   1.2000000000000000E-002   1.0018842515540085        0.0000000000000000        1.0018842515540085        1.0000000000000000        6.9400066739805622E-310
  0.92500688977224554       -6.6361305078637378E-006  -2.9273892748715724E-004   1.0000000000000000E-002   1.2000000000000000E-002   1.0018871992366662        0.0000000000000000        1.0018871992366662        1.0000000000000000        6.9400066739805622E-310
  0.93500602711851954       -5.8055571220408177E-006  -2.5608484325712055E-004   1.0000000000000000E-002   1.2000000000000000E-002   1.0018898044300848        0.0000000000000000        1.0018898044300848        1.0000000000000000        6.9400066739805622E-310
  0.94500514068205566       -4.9519442615243535E-006  -2.1842064592192401E-004   1.0000000000000000E-002   1.2000000000000000E-002   1.0018920568532874        0.0000000000000000        1.0018920568532874        1.0000000000000000        6.9400066739805622E-310
  0.95500423396076617       -4.0786770497597238E-006  -1.7989485783065362E-004   1.0000000000000000E-002   1.2000000000000000E-002   1.0018939476176336        0.0000000000000000        1.0018939476176336        1.0000000000000000        6.9400066739805622E-310
  0.96500331053257293       -3.1892199804310855E-006  -1.4065948592012489E-004   1.0000000000000000E-002   1.2000000000000000E-002   1.0018954692615911        0.0000000000000000        1.0018954692615911        1.0000000000000000        6.9400066739805622E-310
  0.97500237404128698       -2.2871015439214773E-006  -1.0086922807772680E-004   1.0000000000000000E-002   1.2000000000000000E-002   1.0018966157801223        0.0000000000000000        1.0018966157801223        1.0000000000000000        6.9400066739805622E-310
  0.98500142818224823       -1.3759035671068271E-006  -6.0681129709472259E-005   1.0000000000000000E-002   1.2000000000000000E-002   1.0018973826486302        0.0000000000000000        1.0018973826486302        1.0000000000000000        6.9400066739805622E-310
  0.99500047668773739       -4.5924212479036830E-007  -2.0253676176196223E-005   1.0000000000000000E-002   1.2000000000000000E-002   1.0018977668409723        0.0000000000000000        1.0018977668409723        1.0000000000000000        6.9400066739805622E-310
   1.0049995233122635        4.5924841460063096E-007   2.0298305933863503E-005   1.0000000000000000E-002   1.2000000000000000E-002   1.0018977668410771        0.0000000000000000        1.0018977668410771        1.0000000000000000        6.9400066739805622E-310
   1.0149985718177501        1.3759212229046538E-006   6.0814909998541111E-005   1.0000000000000000E-002   1.2000000000000000E-002   1.0018973826487179        0.0000000000000000        1.0018973826487179        1.0000000000000000        6.9400066739805622E-310
   1.0249976259587119        2.2871312370388104E-006   1.0109156278836906E-004   1.0000000000000000E-002   1.2000000000000000E-002   1.0018966157800293        0.0000000000000000        1.0018966157800293        1.0000000000000000        6.9400066739805622E-310
   1.0349966894674278        3.1892609869550667E-006   1.4096945100749991E-004   1.0000000000000000E-002   1.2000000000000000E-002   1.0018954692615623        0.0000000000000000        1.0018954692615623        1.0000000000000000        6.9400066739805622E-310
   1.0449957660392331        4.0787301351593652E-006   1.8029128777552472E-004   1.0000000000000000E-002   1.2000000000000000E-002   1.0018939476176010        0.0000000000000000        1.0018939476176010        1.0000000000000000        6.9400066739805622E-310
  -4.9995233122626104E-003  -4.5929569406844840E-007  -3.5767633061438002E+077   1.0000000000000000E-002   1.2000000000000000E-002   1.0018977668409723        0.0000000000000000        1.0018977668409723        1.0000000000000000        6.9400066739805622E-310
  -1.4998571817751771E-002  -1.3760640880548276E-006   0.0000000000000000        1.0000000000000000E-002   1.2000000000000000E-002   1.0018973826486302        0.0000000000000000        1.0018973826486302        1.0000000000000000        6.9400066739805622E-310
  -2.4997625958713021E-002  -2.2873683253248457E-006  -3.5767633061438002E+077   1.0000000000000000E-002   1.2000000000000000E-002   1.0018966157801223        0.0000000000000000        1.0018966157801223        1.0000000000000000        6.9400066739805622E-310
  -3.4996689467427067E-002  -3.1895919808764665E-006   6.9400068546417920E-310   1.0000000000000000E-002   1.2000000000000000E-002   1.0018954692615911        0.0000000000000000        1.0018954692615911        1.0000000000000000        6.9400066739805622E-310
  -4.4995766039233831E-002  -4.0791527309970570E-006   6.9400066883177543E-310   1.0000000000000000E-002   1.2000000000000000E-002   1.0018939476176336        0.0000000000000000        1.0018939476176336        1.0000000000000000        6.9400066739805622E-310
