 # x, v, a, m, h, rho, u, P, c, ke
   3.2016000000000657     
   5.0004339129715355E-003  -1.3662608122220460E-006  -1.8443473090101747E-005   1.0000000000000000E-002   1.2000000000000000E-002   1.0017118089595971        0.0000000000000000        1.0017118089595971        1.0000000000000000        6.9400066739805622E-310
   1.5001300025930926E-002  -4.0933944514990252E-006  -5.5257564874011678E-005   1.0000000000000000E-002   1.2000000000000000E-002   1.0017121587095659        0.0000000000000000        1.0017121587095659        1.0000000000000000        6.9400066739805622E-310
   2.5002161006708983E-002  -6.8043880184560891E-006  -9.1853349467818646E-005   1.0000000000000000E-002   1.2000000000000000E-002   1.0017128568283937        0.0000000000000000        1.0017128568283937        1.0000000000000000        6.9400066739805622E-310
   3.5003013456384256E-002  -9.4885521952130013E-006  -1.2808618402626593E-004   1.0000000000000000E-002   1.2000000000000000E-002   1.0017139005588618        0.0000000000000000        1.0017139005588618        1.0000000000000000        6.9400066739805622E-310
   4.5003854009751112E-002  -1.2135301959735314E-005  -1.6381303012558135E-004   1.0000000000000000E-002   1.2000000000000000E-002   1.0017152857791058        0.0000000000000000        1.0017152857791058        1.0000000000000000        6.9400066739805622E-310
   5.5004679348601725E-002  -1.4734200783626560E-005  -1.9889266190009636E-004   1.0000000000000000E-002   1.2000000000000000E-002   1.0017170070188302        0.0000000000000000        1.0017170070188302        1.0000000000000000        6.9400066739805622E-310
   6.5005486214846489E-002  -1.7275000286859969E-005  -2.3318646726799841E-004   1.0000000000000000E-002   1.2000000000000000E-002   1.0017190574802031        0.0000000000000000        1.0017190574802031        1.0000000000000000        6.9400066739805622E-310
   7.5006271423390988E-002  -1.9747679351630505E-005  -2.6655913200368531E-004   1.0000000000000000E-002   1.2000000000000000E-002   1.0017214290659062        0.0000000000000000        1.0017214290659062        1.0000000000000000        6.9400066739805622E-310
   8.5007031874699518E-002  -2.2142486129730755E-005  -2.9887873670553233E-004   1.0000000000000000E-002   1.2000000000000000E-002   1.0017241124108089        0.0000000000000000        1.0017241124108089        1.0000000000000000        6.9400066739805622E-310
   9.5007764567052760E-002  -2.4449974578757240E-005  -3.3001763431439457E-004   1.0000000000000000E-002   1.2000000000000000E-002   1.0017270969182690        0.0000000000000000        1.0017270969182690        1.0000000000000000        6.9400066739805622E-310
  0.10500846660840302       -2.6661042546046738E-005  -3.5985293320983658E-004   1.0000000000000000E-002   1.2000000000000000E-002   1.0017303708029635        0.0000000000000000        1.0017303708029635        1.0000000000000000        6.9400066739805622E-310
  0.11500913522778591       -2.8766966211294308E-005  -3.8826676915615366E-004   1.0000000000000000E-002   1.2000000000000000E-002   1.0017339211371419        0.0000000000000000        1.0017339211371419        1.0000000000000000        6.9400066739805622E-310
  0.12500976778627182       -3.0759436894092940E-005  -4.1514703369571748E-004   1.0000000000000000E-002   1.2000000000000000E-002   1.0017377339017641        0.0000000000000000        1.0017377339017641        1.0000000000000000        6.9400066739805622E-310
  0.13501036178737372       -3.2630591641876588E-005  -4.4038757318265453E-004   1.0000000000000000E-002   1.2000000000000000E-002   1.0017417940419926        0.0000000000000000        1.0017417940419926        1.0000000000000000        6.9400066739805622E-310
  0.14501091488690995       -3.4373044943126868E-005  -4.6388883136483372E-004   1.0000000000000000E-002   1.2000000000000000E-002   1.0017460855266187        0.0000000000000000        1.0017460855266187        1.0000000000000000        6.9400066739805622E-310
  0.15501142490224831       -3.5979918910356419E-005  -4.8555810721939707E-004   1.0000000000000000E-002   1.2000000000000000E-002   1.0017505914118618        0.0000000000000000        1.0017505914118618        1.0000000000000000        6.9400066739805622E-310
  0.16501188982091491       -3.7444868349104328E-005  -5.0530986885455320E-004   1.0000000000000000E-002   1.2000000000000000E-002   1.0017552939078136        0.0000000000000000        1.0017552939078136        1.0000000000000000        6.9400066739805622E-310
  0.17501230780853874       -3.8762108049890723E-005  -5.2306625997289302E-004   1.0000000000000000E-002   1.2000000000000000E-002   1.0017601744488089        0.0000000000000000        1.0017601744488089        1.0000000000000000        6.9400066739805622E-310
  0.18501267721608083       -3.9926434008944977E-005  -5.3875732947972210E-004   1.0000000000000000E-002   1.2000000000000000E-002   1.0017652137672817        0.0000000000000000        1.0017652137672817        1.0000000000000000        6.9400066739805622E-310
  0.19501299658632909       -4.0933244875381788E-005  -5.5232121278869784E-004   1.0000000000000000E-002   1.2000000000000000E-002   1.0017703919695673        0.0000000000000000        1.0017703919695673        1.0000000000000000        6.9400066739805622E-310
  0.20501326465964406       -4.1778560334353561E-005  -5.6370450046117071E-004   1.0000000000000000E-002   1.2000000000000000E-002   1.0017756886143707        0.0000000000000000        1.0017756886143707        1.0000000000000000        6.9400066739805622E-310
  0.21501348037891657       -4.2459036240370488E-005  -5.7286240621934326E-004   1.0000000000000000E-002   1.2000000000000000E-002   1.0017810827937306        0.0000000000000000        1.0017810827937306        1.0000000000000000        6.9400066739805622E-310
  0.22501364289372688       -4.2971978894080228E-005  -5.7975897094575402E-004   1.0000000000000000E-002   1.2000000000000000E-002   1.0017865532157710        0.0000000000000000        1.0017865532157710        1.0000000000000000        6.9400066739805622E-310
  0.23501375156368096       -4.3315354296984987E-005  -5.8436707567732782E-004   1.0000000000000000E-002   1.2000000000000000E-002   1.0017920782885503        0.0000000000000000        1.0017920782885503        1.0000000000000000        6.9400066739805622E-310
  0.24501380596092820       -4.3487798325032788E-005  -5.8666867646994802E-004   1.0000000000000000E-002   1.2000000000000000E-002   1.0017976362050114        0.0000000000000000        1.0017976362050114        1.0000000000000000        6.9400066739805622E-310
  0.25501380587183659       -4.3488620828487924E-005  -5.8665493552645387E-004   1.0000000000000000E-002   1.2000000000000000E-002   1.0018032050297561        0.0000000000000000        1.0018032050297561        1.0000000000000000        6.9400066739805622E-310
  0.26501375129780802       -4.3317808543591602E-005  -5.8432599141244879E-004   1.0000000000000000E-002   1.2000000000000000E-002   1.0018087627853065        0.0000000000000000        1.0018087627853065        1.0000000000000000        6.9400066739805622E-310
  0.27501364245526727       -4.2976026026927036E-005  -5.7969123269696610E-004   1.0000000000000000E-002   1.2000000000000000E-002   1.0018142875385967        0.0000000000000000        1.0018142875385967        1.0000000000000000        6.9400066739805622E-310
  0.28501347977478608       -4.2464612878105063E-005  -5.7276911747639048E-004   1.0000000000000000E-002   1.2000000000000000E-002   1.0018197574880026        0.0000000000000000        1.0018197574880026        1.0000000000000000        6.9400066739805622E-310
  0.29501326389936583       -4.1785578204591432E-005  -5.6358704135206494E-004   1.0000000000000000E-002   1.2000000000000000E-002   1.0018251510487493        0.0000000000000000        1.0018251510487493        1.0000000000000000        6.9400066739805622E-310
  0.30501299568189533       -4.0941593635792026E-005  -5.5218148705726833E-004   1.0000000000000000E-002   1.2000000000000000E-002   1.0018304469385542        0.0000000000000000        1.0018304469385542        1.0000000000000000        6.9400066739805622E-310
  0.31501267618175532       -3.9935981304873754E-005  -5.3859753539686750E-004   1.0000000000000000E-002   1.2000000000000000E-002   1.0018356242615676        0.0000000000000000        1.0018356242615676        1.0000000000000000        6.9400066739805622E-310
  0.32501230666063552       -3.8772704145867923E-005  -5.2288895624919007E-004   1.0000000000000000E-002   1.2000000000000000E-002   1.0018406625905063        0.0000000000000000        1.0018406625905063        1.0000000000000000        6.9400066739805622E-310
  0.33501188857753411       -3.7456345940595785E-005  -5.0511777561990101E-004   1.0000000000000000E-002   1.2000000000000000E-002   1.0018455420471570        0.0000000000000000        1.0018455420471570        1.0000000000000000        6.9400066739805622E-310
  0.34501142358300113       -3.5992096422820178E-005  -4.8535430852592043E-004   1.0000000000000000E-002   1.2000000000000000E-002   1.0018502433809302        0.0000000000000000        1.0018502433809302        1.0000000000000000        6.9400066739805622E-310
  0.35501091351260239       -3.4385730838753804E-005  -4.6367656545331926E-004   1.0000000000000000E-002   1.2000000000000000E-002   1.0018547480448801        0.0000000000000000        1.0018547480448801        1.0000000000000000        6.9400066739805622E-310
  0.36501036037967549       -3.2643585755766990E-005  -4.4017010625641007E-004   1.0000000000000000E-002   1.2000000000000000E-002   1.0018590382680770        0.0000000000000000        1.0018590382680770        1.0000000000000000        6.9400066739805622E-310
  0.37500976636738459       -3.0772534328237983E-005  -4.1492784108676517E-004   1.0000000000000000E-002   1.2000000000000000E-002   1.0018630971264662        0.0000000000000000        1.0018630971264662        1.0000000000000000        6.9400066739805622E-310
  0.38500913382008717       -2.8779960261757060E-005  -3.8804932333214026E-004   1.0000000000000000E-002   1.2000000000000000E-002   1.0018669086093672        0.0000000000000000        1.0018669086093672        1.0000000000000000        6.9400066739805622E-310
  0.39500846523409100       -2.6673728245290945E-005  -3.5964060281479249E-004   1.0000000000000000E-002   1.2000000000000000E-002   1.0018704576819142        0.0000000000000000        1.0018704576819142        1.0000000000000000        6.9400066739805622E-310
  0.40500776324780507       -2.4462152269380777E-005  -3.2981384799235514E-004   1.0000000000000000E-002   1.2000000000000000E-002   1.0018737303450693        0.0000000000000000        1.0018737303450693        1.0000000000000000        6.9400066739805622E-310
  0.41500703063131994       -2.2153963613546540E-005  -2.9868666299925906E-004   1.0000000000000000E-002   1.2000000000000000E-002   1.0018767136905147        0.0000000000000000        1.0018767136905147        1.0000000000000000        6.9400066739805622E-310
  0.42500627027548860       -1.9758275466787052E-005  -2.6638181206717348E-004   1.0000000000000000E-002   1.2000000000000000E-002   1.0018793959510681        0.0000000000000000        1.0018793959510681        1.0000000000000000        6.9400066739805622E-310
  0.43500548518052423       -1.7284547612704141E-005  -2.3302670857106023E-004   1.0000000000000000E-002   1.2000000000000000E-002   1.0018817665473334        0.0000000000000000        1.0018817665473334        1.0000000000000000        6.9400066739805622E-310
  0.44500467844416874       -1.4742549564536964E-005  -1.9875292384963217E-004   1.0000000000000000E-002   1.2000000000000000E-002   1.0018838161295371        0.0000000000000000        1.0018838161295371        1.0000000000000000        6.9400066739805622E-310
  0.45500385324947390       -1.2142319848161509E-005  -1.6369558370232795E-004   1.0000000000000000E-002   1.2000000000000000E-002   1.0018855366142640        0.0000000000000000        1.0018855366142640        1.0000000000000000        6.9400066739805622E-310
  0.46500301285225237       -9.4941286869251018E-006  -1.2799286754461292E-004   1.0000000000000000E-002   1.2000000000000000E-002   1.0018869212158332        0.0000000000000000        1.0018869212158332        1.0000000000000000        6.9400066739805622E-310
  0.47500216056824951       -6.8084354128938553E-006  -9.1785627452267704E-005   1.0000000000000000E-002   1.2000000000000000E-002   1.0018879644736045        0.0000000000000000        1.0018879644736045        1.0000000000000000        6.9400066739805622E-310
  0.48500129976005718       -4.0958485636583681E-006  -5.5216473874963867E-005   1.0000000000000000E-002   1.2000000000000000E-002   1.0018886622730010        0.0000000000000000        1.0018886622730010        1.0000000000000000        6.9400066739805622E-310
  0.49500043382387893       -1.3670830275599997E-006  -1.8429715495926757E-005   1.0000000000000000E-002   1.2000000000000000E-002   1.0018890118619390        0.0000000000000000        1.0018890118619390        1.0000000000000000        6.9400066739805622E-310
  0.50499956617612218        1.3670828576458065E-006   1.8429693430910277E-005   1.0000000000000000E-002   1.2000000000000000E-002   1.0018890118620447        0.0000000000000000        1.0018890118620447        1.0000000000000000        6.9400066739805622E-310
  0.51499870023994132        4.0958487455821470E-006   5.5216510890687687E-005   1.0000000000000000E-002   1.2000000000000000E-002   1.0018886622730310        0.0000000000000000        1.0018886622730310        1.0000000000000000        6.9400066739805622E-310
  0.52499783943175093        6.8084355132509228E-006   9.1785618358208865E-005   1.0000000000000000E-002   1.2000000000000000E-002   1.0018879644735070        0.0000000000000000        1.0018879644735070        1.0000000000000000        6.9400066739805622E-310
  0.53499698714774846        9.4941286417846950E-006   1.2799285579045971E-004   1.0000000000000000E-002   1.2000000000000000E-002   1.0018869212158399        0.0000000000000000        1.0018869212158399        1.0000000000000000        6.9400066739805622E-310
  0.54499614675052621        1.2142320014462619E-005   1.6369559050577465E-004   1.0000000000000000E-002   1.2000000000000000E-002   1.0018855366142814        0.0000000000000000        1.0018855366142814        1.0000000000000000        6.9400066739805622E-310
  0.55499532155583176        1.4742549385434403E-005   1.9875291832960329E-004   1.0000000000000000E-002   1.2000000000000000E-002   1.0018838161295522        0.0000000000000000        1.0018838161295522        1.0000000000000000        6.9400066739805622E-310
  0.56499451481947549        1.7284547810666193E-005   2.3302672868386054E-004   1.0000000000000000E-002   1.2000000000000000E-002   1.0018817665472910        0.0000000000000000        1.0018817665472910        1.0000000000000000        6.9400066739805622E-310
  0.57499372972451268        1.9758275305780861E-005   2.6638180395099909E-004   1.0000000000000000E-002   1.2000000000000000E-002   1.0018793959509613        0.0000000000000000        1.0018793959509613        1.0000000000000000        6.9400066739805622E-310
  0.58499296936868239        2.2153963392131054E-005   2.9868662348508934E-004   1.0000000000000000E-002   1.2000000000000000E-002   1.0018767136906286        0.0000000000000000        1.0018767136906286        1.0000000000000000        6.9400066739805622E-310
  0.59499223675219370        2.4462152467557308E-005   3.2981387292885245E-004   1.0000000000000000E-002   1.2000000000000000E-002   1.0018737303452470        0.0000000000000000        1.0018737303452470        1.0000000000000000        6.9400066739805622E-310
  0.60499153476590739        2.6673728217449948E-005   3.5964062182713974E-004   1.0000000000000000E-002   1.2000000000000000E-002   1.0018704576818886        0.0000000000000000        1.0018704576818886        1.0000000000000000        6.9400066739805622E-310
  0.61499086617991239        2.8779960278333579E-005   3.8804931999791847E-004   1.0000000000000000E-002   1.2000000000000000E-002   1.0018669086092789        0.0000000000000000        1.0018669086092789        1.0000000000000000        6.9400066739805622E-310
  0.62499023363261563        3.0772534301135436E-005   4.1492784049257381E-004   1.0000000000000000E-002   1.2000000000000000E-002   1.0018630971263918        0.0000000000000000        1.0018630971263918        1.0000000000000000        6.9400066739805622E-310
  0.63498963962032551        3.2643585602406958E-005   4.4017010446850691E-004   1.0000000000000000E-002   1.2000000000000000E-002   1.0018590382680153        0.0000000000000000        1.0018590382680153        1.0000000000000000        6.9400066739805622E-310
  0.64498908648739905        3.4385731107133056E-005   4.6367655935775076E-004   1.0000000000000000E-002   1.2000000000000000E-002   1.0018547480448465        0.0000000000000000        1.0018547480448465        1.0000000000000000        6.9400066739805622E-310
  0.65498857641700070        3.5992096507000481E-005   4.8535429267104746E-004   1.0000000000000000E-002   1.2000000000000000E-002   1.0018502433810104        0.0000000000000000        1.0018502433810104        1.0000000000000000        6.9400066739805622E-310
  0.66498811142246539        3.7456345694260959E-005   5.0511780623985203E-004   1.0000000000000000E-002   1.2000000000000000E-002   1.0018455420471579        0.0000000000000000        1.0018455420471579        1.0000000000000000        6.9400066739805622E-310
  0.67498769333936659        3.8772704031153336E-005   5.2288891243712499E-004   1.0000000000000000E-002   1.2000000000000000E-002   1.0018406625905742        0.0000000000000000        1.0018406625905742        1.0000000000000000        6.9400066739805622E-310
  0.68498732381824279        3.9935981679537237E-005   5.3859757156793364E-004   1.0000000000000000E-002   1.2000000000000000E-002   1.0018356242616679        0.0000000000000000        1.0018356242616679        1.0000000000000000        6.9400066739805622E-310
  0.69498700431810456        4.0941593421127389E-005   5.5218147554292329E-004   1.0000000000000000E-002   1.2000000000000000E-002   1.0018304469385384        0.0000000000000000        1.0018304469385384        1.0000000000000000        6.9400066739805622E-310
  0.70498673610063267        4.1785578057546858E-005   5.6358707296411126E-004   1.0000000000000000E-002   1.2000000000000000E-002   1.0018251510486553        0.0000000000000000        1.0018251510486553        1.0000000000000000        6.9400066739805622E-310
  0.71498652022521569        4.2464612871506968E-005   5.7276908723746800E-004   1.0000000000000000E-002   1.2000000000000000E-002   1.0018197574878871        0.0000000000000000        1.0018197574878871        1.0000000000000000        6.9400066739805622E-310
  0.72498635754473395        4.2976026329159715E-005   5.7969121663958845E-004   1.0000000000000000E-002   1.2000000000000000E-002   1.0018142875387033        0.0000000000000000        1.0018142875387033        1.0000000000000000        6.9400066739805622E-310
  0.73498624870219120        4.3317808425248008E-005   5.8432601027202935E-004   1.0000000000000000E-002   1.2000000000000000E-002   1.0018087627853876        0.0000000000000000        1.0018087627853876        1.0000000000000000        6.9400066739805622E-310
  0.74498619412816303        4.3488620894804105E-005   5.8665493248177825E-004   1.0000000000000000E-002   1.2000000000000000E-002   1.0018032050297772        0.0000000000000000        1.0018032050297772        1.0000000000000000        6.9400066739805622E-310
  0.75498619403907063        4.3487798302271176E-005   5.8666868816459328E-004   1.0000000000000000E-002   1.2000000000000000E-002   1.0017976362049903        0.0000000000000000        1.0017976362049903        1.0000000000000000        6.9400066739805622E-310
  0.76498624843631924        4.3315354506544625E-005   5.8436705167785874E-004   1.0000000000000000E-002   1.2000000000000000E-002   1.0017920782885823        0.0000000000000000        1.0017920782885823        1.0000000000000000        6.9400066739805622E-310
  0.77498635710627128        4.2971978638611506E-005   5.7975898915163526E-004   1.0000000000000000E-002   1.2000000000000000E-002   1.0017865532158297        0.0000000000000000        1.0017865532158297        1.0000000000000000        6.9400066739805622E-310
  0.78498651962108223        4.2459036306323861E-005   5.7286241281939709E-004   1.0000000000000000E-002   1.2000000000000000E-002   1.0017810827936762        0.0000000000000000        1.0017810827936762        1.0000000000000000        6.9400066739805622E-310
  0.79498673534035524        4.1778560195028385E-005   5.6370451082266015E-004   1.0000000000000000E-002   1.2000000000000000E-002   1.0017756886142419        0.0000000000000000        1.0017756886142419        1.0000000000000000        6.9400066739805622E-310
  0.80498700341367246        4.0933245052695796E-005   5.5232118833359323E-004   1.0000000000000000E-002   1.2000000000000000E-002   1.0017703919695005        0.0000000000000000        1.0017703919695005        1.0000000000000000        6.9400066739805622E-310
  0.81498732278391983        3.9926433786996798E-005   5.3875733324471042E-004   1.0000000000000000E-002   1.2000000000000000E-002   1.0017652137673101        0.0000000000000000        1.0017652137673101        1.0000000000000000        6.9400066739805622E-310
  0.82498769219146206        3.8762107952359121E-005   5.2306625564835230E-004   1.0000000000000000E-002   1.2000000000000000E-002   1.0017601744488334        0.0000000000000000        1.0017601744488334        1.0000000000000000        6.9400066739805622E-310
  0.83498811017908536        3.7444868482380998E-005   5.0530986852947990E-004   1.0000000000000000E-002   1.2000000000000000E-002   1.0017552939078676        0.0000000000000000        1.0017552939078676        1.0000000000000000        6.9400066739805622E-310
  0.84498857509775127        3.5979919088298302E-005   4.8555811965123041E-004   1.0000000000000000E-002   1.2000000000000000E-002   1.0017505914118578        0.0000000000000000        1.0017505914118578        1.0000000000000000        6.9400066739805622E-310
  0.85498908511309046        3.4373044975724911E-005   4.6388882373893381E-004   1.0000000000000000E-002   1.2000000000000000E-002   1.0017460855265909        0.0000000000000000        1.0017460855265909        1.0000000000000000        6.9400066739805622E-310
  0.86498963821262653        3.2630591507526381E-005   4.4038757348818791E-004   1.0000000000000000E-002   1.2000000000000000E-002   1.0017417940420041        0.0000000000000000        1.0017417940420041        1.0000000000000000        6.9400066739805622E-310
  0.87499023221372818        3.0759436916790475E-005   4.1514704463629926E-004   1.0000000000000000E-002   1.2000000000000000E-002   1.0017377339017164        0.0000000000000000        1.0017377339017164        1.0000000000000000        6.9400066739805622E-310
  0.88499086477221545        2.8766966111202590E-005   3.8826675322845006E-004   1.0000000000000000E-002   1.2000000000000000E-002   1.0017339211371223        0.0000000000000000        1.0017339211371223        1.0000000000000000        6.9400066739805622E-310
  0.89499153339159732        2.6661042466212060E-005   3.5985294803175805E-004   1.0000000000000000E-002   1.2000000000000000E-002   1.0017303708029499        0.0000000000000000        1.0017303708029499        1.0000000000000000        6.9400066739805622E-310
  0.90499223543294882        2.4449974631647306E-005   3.3001762168094473E-004   1.0000000000000000E-002   1.2000000000000000E-002   1.0017270969182441        0.0000000000000000        1.0017270969182441        1.0000000000000000        6.9400066739805622E-310
  0.91499296812530151        2.2142486271324028E-005   2.9887872539724469E-004   1.0000000000000000E-002   1.2000000000000000E-002   1.0017241124108902        0.0000000000000000        1.0017241124108902        1.0000000000000000        6.9400066739805622E-310
  0.92499372857660900        1.9747679433965597E-005   2.6655912285722394E-004   1.0000000000000000E-002   1.2000000000000000E-002   1.0017214290660790        0.0000000000000000        1.0017214290660790        1.0000000000000000        6.9400066739805622E-310
  0.93499451378515075        1.7275000128912692E-005   2.3318651142645308E-004   1.0000000000000000E-002   1.2000000000000000E-002   1.0017190574802253        0.0000000000000000        1.0017190574802253        1.0000000000000000        6.9400066739805622E-310
  0.94499532065139769        1.4734200838299824E-005   1.9889266276962303E-004   1.0000000000000000E-002   1.2000000000000000E-002   1.0017170070186374        0.0000000000000000        1.0017170070186374        1.0000000000000000        6.9400066739805622E-310
  0.95499614599025062        1.2135301796838496E-005   1.6381299218970469E-004   1.0000000000000000E-002   1.2000000000000000E-002   1.0017152857790934        0.0000000000000000        1.0017152857790934        1.0000000000000000        6.9400066739805622E-310
  0.96499698654361510        9.4885521280697871E-006   1.2808621087234684E-004   1.0000000000000000E-002   1.2000000000000000E-002   1.0017139005588884        0.0000000000000000        1.0017139005588884        1.0000000000000000        6.9400066739805622E-310
  0.97499783899329207        6.8043883781235935E-006   9.1853336034120048E-005   1.0000000000000000E-002   1.2000000000000000E-002   1.0017128568283589        0.0000000000000000        1.0017128568283589        1.0000000000000000        6.9400066739805622E-310
  0.98499869997406930        4.0933944493705262E-006   5.5257573493783241E-005   1.0000000000000000E-002   1.2000000000000000E-002   1.0017121587095630        0.0000000000000000        1.0017121587095630        1.0000000000000000        6.9400066739805622E-310
  0.99499956608702944        1.3662606248849549E-006   1.8443467424411608E-005   1.0000000000000000E-002   1.2000000000000000E-002   1.0017118089595713        0.0000000000000000        1.0017118089595713        1.0000000000000000        6.9400066739805622E-310
   1.0050004339129714       -1.3662662754966786E-006  -1.8580427437520086E-005   1.0000000000000000E-002   1.2000000000000000E-002   1.0017118089595971        0.0000000000000000        1.0017118089595971        1.0000000000000000        6.9400066739805622E-310
   1.0150013000259310       -4.0934108176895613E-006  -5.5667848535279063E-005   1.0000000000000000E-002   1.2000000000000000E-002   1.0017121587095659        0.0000000000000000        1.0017121587095659        1.0000000000000000        6.9400066739805622E-310
   1.0250021610067090       -6.8044152254245008E-006  -9.2535357128831208E-005   1.0000000000000000E-002   1.2000000000000000E-002   1.0017128568283937        0.0000000000000000        1.0017128568283937        1.0000000000000000        6.9400066739805622E-310
   1.0350030134563843       -9.4885901316232807E-006  -1.2903726312440966E-004   1.0000000000000000E-002   1.2000000000000000E-002   1.0017139005588618        0.0000000000000000        1.0017139005588618        1.0000000000000000        6.9400066739805622E-310
   1.0450038540097510       -1.2135350480613297E-005  -1.6502941056018017E-004   1.0000000000000000E-002   1.2000000000000000E-002   1.0017152857791058        0.0000000000000000        1.0017152857791058        1.0000000000000000        6.9400066739805622E-310
  -5.0004339129705588E-003   1.3664249639617019E-006  -3.5767633061438002E+077   1.0000000000000000E-002   1.2000000000000000E-002   1.0017118089595713        0.0000000000000000        1.0017118089595713        1.0000000000000000        6.9400066739805622E-310
  -1.5001300025930697E-002   4.0938867879777423E-006   0.0000000000000000        1.0000000000000000E-002   1.2000000000000000E-002   1.0017121587095630        0.0000000000000000        1.0017121587095630        1.0000000000000000        6.9400066739805622E-310
  -2.5002161006707935E-002   6.8052068077633862E-006  -3.5767633061438002E+077   1.0000000000000000E-002   1.2000000000000000E-002   1.0017128568283589        0.0000000000000000        1.0017128568283589        1.0000000000000000        6.9400066739805622E-310
  -3.5003013456384902E-002   9.4896934133376795E-006   6.9400068546417920E-310   1.0000000000000000E-002   1.2000000000000000E-002   1.0017139005588884        0.0000000000000000        1.0017139005588884        1.0000000000000000        6.9400066739805622E-310
  -4.5003854009749378E-002   1.2136761448166303E-005   6.9400066883177543E-310   1.0000000000000000E-002   1.2000000000000000E-002   1.0017152857790934        0.0000000000000000        1.0017152857790934        1.0000000000000000        6.9400066739805622E-310
