 # x, v, a, m, h, rho, u, P, c, ke
  0.50160000000000204     
   4.9999383802990984E-003  -3.1153883717240710E-006   2.6187129993360259E-006   1.0000000000000000E-002   1.2000000000000000E-002   1.0018129952082266        0.0000000000000000        1.0018129952082266        1.0000000000000000        6.9400066739805622E-310
   1.4999815384107166E-002  -9.3338688293279627E-006   7.8457692502809095E-006   1.0000000000000000E-002   1.2000000000000000E-002   1.0018129455407427        0.0000000000000000        1.0018129455407427        1.0000000000000000        6.9400066739805622E-310
   2.4999693116579146E-002  -1.5515509354315819E-005   1.3041865570606603E-005   1.0000000000000000E-002   1.2000000000000000E-002   1.0018128464019576        0.0000000000000000        1.0018128464019576        1.0000000000000000        6.9400066739805622E-310
   3.4999572060295296E-002  -2.1635911469920585E-005   1.8186469365133462E-005   1.0000000000000000E-002   1.2000000000000000E-002   1.0018126981832276        0.0000000000000000        1.0018126981832276        1.0000000000000000        6.9400066739805622E-310
   4.4999452693053138E-002  -2.7670918706613810E-005   2.3259265748087898E-005   1.0000000000000000E-002   1.2000000000000000E-002   1.0018125014698125        0.0000000000000000        1.0018125014698125        1.0000000000000000        6.9400066739805622E-310
   5.4999335485981307E-002  -3.3596711466153008E-005   2.8240236241039440E-005   1.0000000000000000E-002   1.2000000000000000E-002   1.0018122570384025        0.0000000000000000        1.0018122570384025        1.0000000000000000        6.9400066739805622E-310
   6.4999220901680546E-002  -3.9389901519725576E-005   3.3109711364609495E-005   1.0000000000000000E-002   1.2000000000000000E-002   1.0018119658540741        0.0000000000000000        1.0018119658540741        1.0000000000000000        6.9400066739805622E-310
   7.4999109392396596E-002  -4.5027624138034022E-005   3.7848474538471066E-005   1.0000000000000000E-002   1.2000000000000000E-002   1.0018116290664796        0.0000000000000000        1.0018116290664796        1.0000000000000000        6.9400066739805622E-310
   8.4999001398235782E-002  -5.0487628313565435E-005   4.2437814504303617E-005   1.0000000000000000E-002   1.2000000000000000E-002   1.0018112480052905        0.0000000000000000        1.0018112480052905        1.0000000000000000        6.9400066739805622E-310
   9.4998897345427241E-002  -5.5748364641730882E-005   4.6859606149141086E-005   1.0000000000000000E-002   1.2000000000000000E-002   1.0018108241750214        0.0000000000000000        1.0018108241750214        1.0000000000000000        6.9400066739805622E-310
  0.10499879764463931       -6.0789070356666616E-005   5.1096404256156802E-005   1.0000000000000000E-002   1.2000000000000000E-002   1.0018103592490146        0.0000000000000000        1.0018103592490146        1.0000000000000000        6.9400066739805622E-310
  0.11499870268935972       -6.5589851436494089E-005   5.5131486563553267E-005   1.0000000000000000E-002   1.2000000000000000E-002   1.0018098550627894        0.0000000000000000        1.0018098550627894        1.0000000000000000        6.9400066739805622E-310
  0.12499861285434219       -7.0131760958486812E-005   5.8948928805868661E-005   1.0000000000000000E-002   1.2000000000000000E-002   1.0018093136068160        0.0000000000000000        1.0018093136068160        1.0000000000000000        6.9400066739805622E-310
  0.13499852849412788       -7.4396873890951191E-005   6.2533652264384898E-005   1.0000000000000000E-002   1.2000000000000000E-002   1.0018087370187077        0.0000000000000000        1.0018087370187077        1.0000000000000000        6.9400066739805622E-310
  0.14499844994164457       -7.8368357972483286E-005   6.5871517920257361E-005   1.0000000000000000E-002   1.2000000000000000E-002   1.0018081275747523        0.0000000000000000        1.0018081275747523        1.0000000000000000        6.9400066739805622E-310
  0.15499837750689366       -8.2030539920641113E-005   6.8949364177228745E-005   1.0000000000000000E-002   1.2000000000000000E-002   1.0018074876808132        0.0000000000000000        1.0018074876808132        1.0000000000000000        6.9400066739805622E-310
  0.16499831147572797       -8.5368967566525801E-005   7.1755035718545912E-005   1.0000000000000000E-002   1.2000000000000000E-002   1.0018068198629075        0.0000000000000000        1.0018068198629075        1.0000000000000000        6.9400066739805622E-310
  0.17499825210872264       -8.8370466655023525E-005   7.4277458022464771E-005   1.0000000000000000E-002   1.2000000000000000E-002   1.0018061267573006        0.0000000000000000        1.0018061267573006        1.0000000000000000        6.9400066739805622E-310
  0.18499819964014635       -9.1023192905865868E-005   7.6506693932998360E-005   1.0000000000000000E-002   1.2000000000000000E-002   1.0018054110999701        0.0000000000000000        1.0018054110999701        1.0000000000000000        6.9400066739805622E-310
  0.19499815427703912       -9.3316678753728528E-005   7.8433937651389840E-005   1.0000000000000000E-002   1.2000000000000000E-002   1.0018046757158479        0.0000000000000000        1.0018046757158479        1.0000000000000000        6.9400066739805622E-310
  0.20499811619839342       -9.5241874307150189E-005   8.0051605804598580E-005   1.0000000000000000E-002   1.2000000000000000E-002   1.0018039235076408        0.0000000000000000        1.0018039235076408        1.0000000000000000        6.9400066739805622E-310
  0.21499808555445094       -9.6791183758054172E-005   8.1353307033182887E-005   1.0000000000000000E-002   1.2000000000000000E-002   1.0018031574443695        0.0000000000000000        1.0018031574443695        1.0000000000000000        6.9400066739805622E-310
  0.22499806246610796       -9.7958494838988985E-005   8.2333920519594983E-005   1.0000000000000000E-002   1.2000000000000000E-002   1.0018023805496832        0.0000000000000000        1.0018023805496832        1.0000000000000000        6.9400066739805622E-310
  0.23499804702444055       -9.8739202755813852E-005   8.2989576004166565E-005   1.0000000000000000E-002   1.2000000000000000E-002   1.0018015958898858        0.0000000000000000        1.0018015958898858        1.0000000000000000        6.9400066739805622E-310
  0.24499803929034447       -9.9130228633468258E-005   8.3317697018081560E-005   1.0000000000000000E-002   1.2000000000000000E-002   1.0018008065618655        0.0000000000000000        1.0018008065618655        1.0000000000000000        6.9400066739805622E-310
  0.25499803929429632       -9.9130031555584691E-005   8.3316994725635141E-005   1.0000000000000000E-002   1.2000000000000000E-002   1.0018000156808409        0.0000000000000000        1.0018000156808409        1.0000000000000000        6.9400066739805622E-310
  0.26499804703623331       -9.8738614670358234E-005   8.2987489377295276E-005   1.0000000000000000E-002   1.2000000000000000E-002   1.0017992263680362        0.0000000000000000        1.0017992263680362        1.0000000000000000        6.9400066739805622E-310
  0.27499806248555569       -9.7957525135361639E-005   8.2330477947145653E-005   1.0000000000000000E-002   1.2000000000000000E-002   1.0017984417384085        0.0000000000000000        1.0017984417384085        1.0000000000000000        6.9400066739805622E-310
  0.28499808558124656       -9.6789847717002509E-005   8.1348567793071425E-005   1.0000000000000000E-002   1.2000000000000000E-002   1.0017976648883684        0.0000000000000000        1.0017976648883684        1.0000000000000000        6.9400066739805622E-310
  0.29499811623211447       -9.5240192975321367E-005   8.0045640734383028E-005   1.0000000000000000E-002   1.2000000000000000E-002   1.0017968988835133        0.0000000000000000        1.0017968988835133        1.0000000000000000        6.9400066739805622E-310
  0.30499815431715349       -9.3314678519378156E-005   7.8426848837409580E-005   1.0000000000000000E-002   1.2000000000000000E-002   1.0017961467465466        0.0000000000000000        1.0017961467465466        1.0000000000000000        6.9400066739805622E-310
  0.31499819968602227       -9.1020905422852191E-005   7.6498575567462979E-005   1.0000000000000000E-002   1.2000000000000000E-002   1.0017954114454155        0.0000000000000000        1.0017954114454155        1.0000000000000000        6.9400066739805622E-310
  0.32499825215963579       -8.8367928050114367E-005   7.4268459447246471E-005   1.0000000000000000E-002   1.2000000000000000E-002   1.0017946958814967        0.0000000000000000        1.0017946958814967        1.0000000000000000        6.9400066739805622E-310
  0.33499831153087639       -8.5366217713748257E-005   7.1745275080026261E-005   1.0000000000000000E-002   1.2000000000000000E-002   1.0017940028782593        0.0000000000000000        1.0017940028782593        1.0000000000000000        6.9400066739805622E-310
  0.34499837756540669       -8.2027622308019073E-005   6.8939014903790508E-005   1.0000000000000000E-002   1.2000000000000000E-002   1.0017933351700921        0.0000000000000000        1.0017933351700921        1.0000000000000000        6.9400066739805622E-310
  0.35499845000259950       -7.8365318567188348E-005   6.5860739954182179E-005   1.0000000000000000E-002   1.2000000000000000E-002   1.0017926953914480        0.0000000000000000        1.0017926953914480        1.0000000000000000        6.9400066739805622E-310
  0.36499852855656367       -7.4393760702677733E-005   6.2522609574955368E-005   1.0000000000000000E-002   1.2000000000000000E-002   1.0017920860665750        0.0000000000000000        1.0017920860665750        1.0000000000000000        6.9400066739805622E-310
  0.37499861291727415       -7.0128622991638275E-005   5.8937799571445737E-005   1.0000000000000000E-002   1.2000000000000000E-002   1.0017915095994643        0.0000000000000000        1.0017915095994643        1.0000000000000000        6.9400066739805622E-310
  0.38499870275179543       -6.5586738191306129E-005   5.5120449343526445E-005   1.0000000000000000E-002   1.2000000000000000E-002   1.0017909682644635        0.0000000000000000        1.0017909682644635        1.0000000000000000        6.9400066739805622E-310
  0.39499879770559471       -6.0786030977651498E-005   5.1085620881963223E-005   1.0000000000000000E-002   1.2000000000000000E-002   1.0017904641973177        0.0000000000000000        1.0017904641973177        1.0000000000000000        6.9400066739805622E-310
  0.40499889740394079       -5.5745446990770612E-005   4.6849251340574938E-005   1.0000000000000000E-002   1.2000000000000000E-002   1.0017899993866610        0.0000000000000000        1.0017899993866610        1.0000000000000000        6.9400066739805622E-310
  0.41499900145338392       -5.0484878484542868E-005   4.2428066502786521E-005   1.0000000000000000E-002   1.2000000000000000E-002   1.0017895756660944        0.0000000000000000        1.0017895756660944        1.0000000000000000        6.9400066739805622E-310
  0.42499910944331049       -4.5025085526336667E-005   3.7839461230149141E-005   1.0000000000000000E-002   1.2000000000000000E-002   1.0017891947072850        0.0000000000000000        1.0017891947072850        1.0000000000000000        6.9400066739805622E-310
  0.43499922094755616       -3.9387614095582187E-005   3.3101598139850807E-005   1.0000000000000000E-002   1.2000000000000000E-002   1.0017888580131482        0.0000000000000000        1.0017888580131482        1.0000000000000000        6.9400066739805622E-310
  0.44499933552609527       -3.3594711226506567E-005   2.8233150003664775E-005   1.0000000000000000E-002   1.2000000000000000E-002   1.0017885669117719        0.0000000000000000        1.0017885669117719        1.0000000000000000        6.9400066739805622E-310
  0.45499945272677372       -2.7669237263445648E-005   2.3253303239378909E-005   1.0000000000000000E-002   1.2000000000000000E-002   1.0017883225515829        0.0000000000000000        1.0017883225515829        1.0000000000000000        6.9400066739805622E-310
  0.46499957208709070       -2.1634575405778089E-005   1.8181728584920620E-005   1.0000000000000000E-002   1.2000000000000000E-002   1.0017881258965757        0.0000000000000000        1.0017881258965757        1.0000000000000000        6.9400066739805622E-310
  0.47499969313602680       -1.5514539617422351E-005   1.3038419901079124E-005   1.0000000000000000E-002   1.2000000000000000E-002   1.0017879777225145        0.0000000000000000        1.0017879777225145        1.0000000000000000        6.9400066739805622E-310
  0.48499981539589948       -9.3332808502257511E-006   7.8436916641777543E-006   1.0000000000000000E-002   1.2000000000000000E-002   1.0017878786138703        0.0000000000000000        1.0017878786138703        1.0000000000000000        6.9400066739805622E-310
  0.49499993838425133       -3.1151912563259420E-006   2.6180069951919904E-006   1.0000000000000000E-002   1.2000000000000000E-002   1.0017878289615807        0.0000000000000000        1.0017878289615807        1.0000000000000000        6.9400066739805622E-310
  0.50500006161574928        3.1151913631738285E-006  -2.6180098862127466E-006   1.0000000000000000E-002   1.2000000000000000E-002   1.0017878289615947        0.0000000000000000        1.0017878289615947        1.0000000000000000        6.9400066739805622E-310
  0.51500018460410080        9.3332807259092157E-006  -7.8436887864796745E-006   1.0000000000000000E-002   1.2000000000000000E-002   1.0017878786138823        0.0000000000000000        1.0017878786138823        1.0000000000000000        6.9400066739805622E-310
  0.52500030686397359        1.5514539690287812E-005  -1.3038421472266748E-005   1.0000000000000000E-002   1.2000000000000000E-002   1.0017879777225243        0.0000000000000000        1.0017879777225243        1.0000000000000000        6.9400066739805622E-310
  0.53500042791290936        2.1634575381857997E-005  -1.8181724138699451E-005   1.0000000000000000E-002   1.2000000000000000E-002   1.0017881258965697        0.0000000000000000        1.0017881258965697        1.0000000000000000        6.9400066739805622E-310
  0.54500054727322689        2.7669237318028133E-005  -2.3253316805416091E-005   1.0000000000000000E-002   1.2000000000000000E-002   1.0017883225516175        0.0000000000000000        1.0017883225516175        1.0000000000000000        6.9400066739805622E-310
  0.55500066447390406        3.3594711165150881E-005  -2.8233137214783710E-005   1.0000000000000000E-002   1.2000000000000000E-002   1.0017885669118158        0.0000000000000000        1.0017885669118158        1.0000000000000000        6.9400066739805622E-310
  0.56500077905244339        3.9387614019164372E-005  -3.3101592562090332E-005   1.0000000000000000E-002   1.2000000000000000E-002   1.0017888580130989        0.0000000000000000        1.0017888580130989        1.0000000000000000        6.9400066739805622E-310
  0.57500089055669013        4.5025085488204958E-005  -3.7839479051449132E-005   1.0000000000000000E-002   1.2000000000000000E-002   1.0017891947073008        0.0000000000000000        1.0017891947073008        1.0000000000000000        6.9400066739805622E-310
  0.58500099854661514        5.0484878519455757E-005  -4.2428042545950007E-005   1.0000000000000000E-002   1.2000000000000000E-002   1.0017895756660793        0.0000000000000000        1.0017895756660793        1.0000000000000000        6.9400066739805622E-310
  0.59500110259606009        5.5745447055409079E-005  -4.6849267508974890E-005   1.0000000000000000E-002   1.2000000000000000E-002   1.0017899993866066        0.0000000000000000        1.0017899993866066        1.0000000000000000        6.9400066739805622E-310
  0.60500120229440568        6.0786030962431672E-005  -5.1085625898394937E-005   1.0000000000000000E-002   1.2000000000000000E-002   1.0017904641973667        0.0000000000000000        1.0017904641973667        1.0000000000000000        6.9400066739805622E-310
  0.61500129724820429        6.5586738210616447E-005  -5.5120445448864075E-005   1.0000000000000000E-002   1.2000000000000000E-002   1.0017909682645088        0.0000000000000000        1.0017909682645088        1.0000000000000000        6.9400066739805622E-310
  0.62500138708272535        7.0128623007761892E-005  -5.8937798477209924E-005   1.0000000000000000E-002   1.2000000000000000E-002   1.0017915095994918        0.0000000000000000        1.0017915095994918        1.0000000000000000        6.9400066739805622E-310
  0.63500147144343544        7.4393760657196116E-005  -6.2522598650360806E-005   1.0000000000000000E-002   1.2000000000000000E-002   1.0017920860665488        0.0000000000000000        1.0017920860665488        1.0000000000000000        6.9400066739805622E-310
  0.64500154999740056        7.8365318541036321E-005  -6.5860745268153664E-005   1.0000000000000000E-002   1.2000000000000000E-002   1.0017926953913951        0.0000000000000000        1.0017926953913951        1.0000000000000000        6.9400066739805622E-310
  0.65500162243459359        8.2027622349995207E-005  -6.8939021093505914E-005   1.0000000000000000E-002   1.2000000000000000E-002   1.0017933351700901        0.0000000000000000        1.0017933351700901        1.0000000000000000        6.9400066739805622E-310
  0.66500168846912366        8.5366217672581330E-005  -7.1745274726531250E-005   1.0000000000000000E-002   1.2000000000000000E-002   1.0017940028782857        0.0000000000000000        1.0017940028782857        1.0000000000000000        6.9400066739805622E-310
  0.67500174784036382        8.8367928088614793E-005  -7.4268449469450104E-005   1.0000000000000000E-002   1.2000000000000000E-002   1.0017946958814727        0.0000000000000000        1.0017946958814727        1.0000000000000000        6.9400066739805622E-310
  0.68500180031397839        9.1020905479546099E-005  -7.6498590423135227E-005   1.0000000000000000E-002   1.2000000000000000E-002   1.0017954114454166        0.0000000000000000        1.0017954114454166        1.0000000000000000        6.9400066739805622E-310
  0.69500184568284606        9.3314678412295912E-005  -7.8426835496081537E-005   1.0000000000000000E-002   1.2000000000000000E-002   1.0017961467465577        0.0000000000000000        1.0017961467465577        1.0000000000000000        6.9400066739805622E-310
  0.70500188376788586        9.5240192973920890E-005  -8.0045645014514832E-005   1.0000000000000000E-002   1.2000000000000000E-002   1.0017968988834771        0.0000000000000000        1.0017968988834771        1.0000000000000000        6.9400066739805622E-310
  0.71500191441875394        9.6789847696757378E-005  -8.1348579046292002E-005   1.0000000000000000E-002   1.2000000000000000E-002   1.0017976648884075        0.0000000000000000        1.0017976648884075        1.0000000000000000        6.9400066739805622E-310
  0.72500193751444375        9.7957525174648572E-005  -8.2330468814895141E-005   1.0000000000000000E-002   1.2000000000000000E-002   1.0017984417384558        0.0000000000000000        1.0017984417384558        1.0000000000000000        6.9400066739805622E-310
  0.73500195296376614        9.8738614745367095E-005  -8.2987483741803203E-005   1.0000000000000000E-002   1.2000000000000000E-002   1.0017992263680149        0.0000000000000000        1.0017992263680149        1.0000000000000000        6.9400066739805622E-310
  0.74500196070570368        9.9130031594486922E-005  -8.3317000604488101E-005   1.0000000000000000E-002   1.2000000000000000E-002   1.0018000156808242        0.0000000000000000        1.0018000156808242        1.0000000000000000        6.9400066739805622E-310
  0.75500196070965531        9.9130228463435813E-005  -8.3317694715923096E-005   1.0000000000000000E-002   1.2000000000000000E-002   1.0018008065618622        0.0000000000000000        1.0018008065618622        1.0000000000000000        6.9400066739805622E-310
  0.76500195297555951        9.8739202801953932E-005  -8.2989578999992375E-005   1.0000000000000000E-002   1.2000000000000000E-002   1.0018015958898863        0.0000000000000000        1.0018015958898863        1.0000000000000000        6.9400066739805622E-310
  0.77500193753389179        9.7958494825452084E-005  -8.2333917077903607E-005   1.0000000000000000E-002   1.2000000000000000E-002   1.0018023805496796        0.0000000000000000        1.0018023805496796        1.0000000000000000        6.9400066739805622E-310
  0.78500191444554923        9.6791183802133170E-005  -8.1353313940546457E-005   1.0000000000000000E-002   1.2000000000000000E-002   1.0018031574443840        0.0000000000000000        1.0018031574443840        1.0000000000000000        6.9400066739805622E-310
  0.79500188380160597        9.5241874292472910E-005  -8.0051592882490752E-005   1.0000000000000000E-002   1.2000000000000000E-002   1.0018039235076281        0.0000000000000000        1.0018039235076281        1.0000000000000000        6.9400066739805622E-310
  0.80500184572296130        9.3316678748342062E-005  -7.8433946779199459E-005   1.0000000000000000E-002   1.2000000000000000E-002   1.0018046757158154        0.0000000000000000        1.0018046757158154        1.0000000000000000        6.9400066739805622E-310
  0.81500180035985381        9.1023192917004826E-005  -7.6506697532785495E-005   1.0000000000000000E-002   1.2000000000000000E-002   1.0018054110999979        0.0000000000000000        1.0018054110999979        1.0000000000000000        6.9400066739805622E-310
  0.82500174789127712        8.8370466666576932E-005  -7.4277453052218334E-005   1.0000000000000000E-002   1.2000000000000000E-002   1.0018061267573219        0.0000000000000000        1.0018061267573219        1.0000000000000000        6.9400066739805622E-310
  0.83500168852427170        8.5368967648388839E-005  -7.1755029805942172E-005   1.0000000000000000E-002   1.2000000000000000E-002   1.0018068198628769        0.0000000000000000        1.0018068198628769        1.0000000000000000        6.9400066739805622E-310
  0.84500162249310684        8.2030539901269931E-005  -6.8949374572468969E-005   1.0000000000000000E-002   1.2000000000000000E-002   1.0018074876808083        0.0000000000000000        1.0018074876808083        1.0000000000000000        6.9400066739805622E-310
  0.85500155005835510        7.8368357892466116E-005  -6.5871504001613346E-005   1.0000000000000000E-002   1.2000000000000000E-002   1.0018081275747277        0.0000000000000000        1.0018081275747277        1.0000000000000000        6.9400066739805622E-310
  0.86500147150587314        7.4396873860576671E-005  -6.2533667854580699E-005   1.0000000000000000E-002   1.2000000000000000E-002   1.0018087370186899        0.0000000000000000        1.0018087370186899        1.0000000000000000        6.9400066739805622E-310
  0.87500138714565789        7.0131761021047947E-005  -5.8948921465962201E-005   1.0000000000000000E-002   1.2000000000000000E-002   1.0018093136068404        0.0000000000000000        1.0018093136068404        1.0000000000000000        6.9400066739805622E-310
  0.88500129731064070        6.5589851350646974E-005  -5.5131489247628451E-005   1.0000000000000000E-002   1.2000000000000000E-002   1.0018098550627867        0.0000000000000000        1.0018098550627867        1.0000000000000000        6.9400066739805622E-310
  0.89500120235536096        6.0789070441714301E-005  -5.1096408131279247E-005   1.0000000000000000E-002   1.2000000000000000E-002   1.0018103592490466        0.0000000000000000        1.0018103592490466        1.0000000000000000        6.9400066739805622E-310
  0.90500110265457245        5.5748364664930450E-005  -4.6859600092652443E-005   1.0000000000000000E-002   1.2000000000000000E-002   1.0018108241750401        0.0000000000000000        1.0018108241750401        1.0000000000000000        6.9400066739805622E-310
  0.91500099860176409        5.0487628251024500E-005  -4.2437813108975320E-005   1.0000000000000000E-002   1.2000000000000000E-002   1.0018112480052770        0.0000000000000000        1.0018112480052770        1.0000000000000000        6.9400066739805622E-310
  0.92500089060760338        4.5027624128534385E-005  -3.7848469767176596E-005   1.0000000000000000E-002   1.2000000000000000E-002   1.0018116290664407        0.0000000000000000        1.0018116290664407        1.0000000000000000        6.9400066739805622E-310
  0.93500077909832013        3.9389901574607625E-005  -3.3109718767576624E-005   1.0000000000000000E-002   1.2000000000000000E-002   1.0018119658540428        0.0000000000000000        1.0018119658540428        1.0000000000000000        6.9400066739805622E-310
  0.94500066451401943        3.3596711460846361E-005  -2.8240247697652876E-005   1.0000000000000000E-002   1.2000000000000000E-002   1.0018122570384587        0.0000000000000000        1.0018122570384587        1.0000000000000000        6.9400066739805622E-310
  0.95500054730694628        2.7670918736940554E-005  -2.3259253581819905E-005   1.0000000000000000E-002   1.2000000000000000E-002   1.0018125014698649        0.0000000000000000        1.0018125014698649        1.0000000000000000        6.9400066739805622E-310
  0.96500042793970431        2.1635911455235761E-005  -1.8186467488412461E-005   1.0000000000000000E-002   1.2000000000000000E-002   1.0018126981832156        0.0000000000000000        1.0018126981832156        1.0000000000000000        6.9400066739805622E-310
  0.97500030688342065        1.5515509301813793E-005  -1.3041868953678204E-005   1.0000000000000000E-002   1.2000000000000000E-002   1.0018128464019560        0.0000000000000000        1.0018128464019560        1.0000000000000000        6.9400066739805622E-310
  0.98500018461589245        9.3338688815133695E-006  -7.8457671053300260E-006   1.0000000000000000E-002   1.2000000000000000E-002   1.0018129455407436        0.0000000000000000        1.0018129455407436        1.0000000000000000        6.9400066739805622E-310
  0.99500006161970067        3.1153883330883038E-006  -2.6187151149770216E-006   1.0000000000000000E-002   1.2000000000000000E-002   1.0018129952082253        0.0000000000000000        1.0018129952082253        1.0000000000000000        6.9400066739805622E-310
   1.0049999383802990       -3.1153876945366978E-006   2.3006358924604342E-006   1.0000000000000000E-002   1.2000000000000000E-002   1.0018129952082266        0.0000000000000000        1.0018129952082266        1.0000000000000000        6.9400066739805622E-310
   1.0149998153841071       -9.3338668055665383E-006   6.8928012852964571E-006   1.0000000000000000E-002   1.2000000000000000E-002   1.0018129455407427        0.0000000000000000        1.0018129455407427        1.0000000000000000        6.9400066739805622E-310
   1.0249996931165792       -1.5515505990353908E-005   1.1457764208522292E-005   1.0000000000000000E-002   1.2000000000000000E-002   1.0018128464019576        0.0000000000000000        1.0018128464019576        1.0000000000000000        6.9400066739805622E-310
   1.0349995720602954       -2.1635906777661203E-005   1.5977492386021197E-005   1.0000000000000000E-002   1.2000000000000000E-002   1.0018126981832276        0.0000000000000000        1.0018126981832276        1.0000000000000000        6.9400066739805622E-310
   1.0449994526930531       -2.7670912707147288E-005   2.0434130205693180E-005   1.0000000000000000E-002   1.2000000000000000E-002   1.0018125014698125        0.0000000000000000        1.0018125014698125        1.0000000000000000        6.9400066739805622E-310
  -4.9999383802993291E-003   3.1157700245230293E-006  -3.5767633061438002E+077   1.0000000000000000E-002   1.2000000000000000E-002   1.0018129952082253        0.0000000000000000        1.0018129952082253        1.0000000000000000        6.9400066739805622E-310
  -1.4999815384107551E-002   9.3350124487585356E-006   0.0000000000000000        1.0000000000000000E-002   1.2000000000000000E-002   1.0018129455407436        0.0000000000000000        1.0018129455407436        1.0000000000000000        6.9400066739805622E-310
  -2.4999693116579347E-002   1.5517410220915919E-005  -3.5767633061438002E+077   1.0000000000000000E-002   1.2000000000000000E-002   1.0018128464019560        0.0000000000000000        1.0018128464019560        1.0000000000000000        6.9400066739805622E-310
  -3.4999572060295692E-002   2.1638562225668784E-005   6.9400068546417920E-310   1.0000000000000000E-002   1.2000000000000000E-002   1.0018126981832156        0.0000000000000000        1.0018126981832156        1.0000000000000000        6.9400066739805622E-310
  -4.4999452693053721E-002   2.7674308901269018E-005   6.9400066883177543E-310   1.0000000000000000E-002   1.2000000000000000E-002   1.0018125014698649        0.0000000000000000        1.0018125014698649        1.0000000000000000        6.9400066739805622E-310
