 # x, v, a, m, h, rho, u, P, c, ke
   3.9000000000001180     
   5.0001379734886317E-003   3.0088132096761854E-006  -5.8585651494524882E-006   1.0000000000000000E-002   1.2000000000000000E-002   1.0017722363579282        0.0000000000000000        1.0017722363579282        1.0000000000000000        6.9400066739805622E-310
   1.5000413376352707E-002   9.0145737069828472E-006  -1.7552746370164130E-005   1.0000000000000000E-002   1.2000000000000000E-002   1.0017723474677549        0.0000000000000000        1.0017723474677549        1.0000000000000000        6.9400066739805622E-310
   2.5000687149002318E-002   1.4984781483315545E-005  -2.9177808187341725E-005   1.0000000000000000E-002   1.2000000000000000E-002   1.0017725692505086        0.0000000000000000        1.0017725692505086        1.0000000000000000        6.9400066739805622E-310
   3.5000958211759116E-002   2.0895891326928422E-005  -4.0688037901581708E-005   1.0000000000000000E-002   1.2000000000000000E-002   1.0017729008332672        0.0000000000000000        1.0017729008332672        1.0000000000000000        6.9400066739805622E-310
   4.5001225495609844E-002   2.6724589082539053E-005  -5.2038198941062319E-005   1.0000000000000000E-002   1.2000000000000000E-002   1.0017733409115404        0.0000000000000000        1.0017733409115404        1.0000000000000000        6.9400066739805622E-310
   5.5001487946407288E-002   3.2447886748703379E-005  -6.3183574637193374E-005   1.0000000000000000E-002   1.2000000000000000E-002   1.0017738877539242        0.0000000000000000        1.0017738877539242        1.0000000000000000        6.9400066739805622E-310
   6.5001744529025504E-002   3.8043209298544792E-005  -7.4080281580179985E-005   1.0000000000000000E-002   1.2000000000000000E-002   1.0017745392086108        0.0000000000000000        1.0017745392086108        1.0000000000000000        6.9400066739805622E-310
   7.5001994231432847E-002   4.3488486326362666E-005  -8.4685371053438985E-005   1.0000000000000000E-002   1.2000000000000000E-002   1.0017752927117267        0.0000000000000000        1.0017752927117267        1.0000000000000000        6.9400066739805622E-310
   8.5002236068685108E-002   4.8762238663985288E-005  -9.4957209294754819E-005   1.0000000000000000E-002   1.2000000000000000E-002   1.0017761452979752        0.0000000000000000        1.0017761452979752        1.0000000000000000        6.9400066739805622E-310
   9.5002469086787431E-002   5.3843661704225734E-005  -1.0485524369752142E-004   1.0000000000000000E-002   1.2000000000000000E-002   1.0017770936120640        0.0000000000000000        1.0017770936120640        1.0000000000000000        6.9400066739805622E-310
  0.10500269236646335        5.8712708073075219E-005  -1.1434041730051803E-004   1.0000000000000000E-002   1.2000000000000000E-002   1.0017781339208645        0.0000000000000000        1.0017781339208645        1.0000000000000000        6.9400066739805622E-310
  0.11500290502678429        6.3350166872040310E-005  -1.2337548098972917E-004   1.0000000000000000E-002   1.2000000000000000E-002   1.0017792621291399        0.0000000000000000        1.0017792621291399        1.0000000000000000        6.9400066739805622E-310
  0.12500310622862365        6.7737739321516692E-005  -1.3192469214562408E-004   1.0000000000000000E-002   1.2000000000000000E-002   1.0017804737952405        0.0000000000000000        1.0017804737952405        1.0000000000000000        6.9400066739805622E-310
  0.13500329517798121        7.1858110744165224E-005  -1.3995432988611611E-004   1.0000000000000000E-002   1.2000000000000000E-002   1.0017817641477966        0.0000000000000000        1.0017817641477966        1.0000000000000000        6.9400066739805622E-310
  0.14500347112911430        7.5695018972922205E-005  -1.4743277993645165E-004   1.0000000000000000E-002   1.2000000000000000E-002   1.0017831281054093        0.0000000000000000        1.0017831281054093        1.0000000000000000        6.9400066739805622E-310
  0.15500363338746961        7.9233318383423377E-005  -1.5433036940315503E-004   1.0000000000000000E-002   1.2000000000000000E-002   1.0017845602957396        0.0000000000000000        1.0017845602957396        1.0000000000000000        6.9400066739805622E-310
  0.16500378131244658        8.2459039243510261E-005  -1.6061996809124679E-004   1.0000000000000000E-002   1.2000000000000000E-002   1.0017860550768458        0.0000000000000000        1.0017860550768458        1.0000000000000000        6.9400066739805622E-310
  0.17500391431990889        8.5359445213423576E-005  -1.6627660594004112E-004   1.0000000000000000E-002   1.2000000000000000E-002   1.0017876065594946        0.0000000000000000        1.0017876065594946        1.0000000000000000        6.9400066739805622E-310
  0.18500403188450987        8.7923080854344601E-005  -1.7127792264748365E-004   1.0000000000000000E-002   1.2000000000000000E-002   1.0017892086297413        0.0000000000000000        1.0017892086297413        1.0000000000000000        6.9400066739805622E-310
  0.19500413354176532        9.0139817589416713E-005  -1.7560408098749036E-004   1.0000000000000000E-002   1.2000000000000000E-002   1.0017908549733716        0.0000000000000000        1.0017908549733716        1.0000000000000000        6.9400066739805622E-310
  0.20500421888989678        9.2000895916573920E-005  -1.7923789809159985E-004   1.0000000000000000E-002   1.2000000000000000E-002   1.0017925391003593        0.0000000000000000        1.0017925391003593        1.0000000000000000        6.9400066739805622E-310
  0.21500428759142895        9.3498957825843127E-005  -1.8216499156942234E-004   1.0000000000000000E-002   1.2000000000000000E-002   1.0017942543708329        0.0000000000000000        1.0017942543708329        1.0000000000000000        6.9400066739805622E-310
  0.22500433937452094        9.4628076877322856E-005  -1.8437356917999637E-004   1.0000000000000000E-002   1.2000000000000000E-002   1.0017959940206300        0.0000000000000000        1.0017959940206300        1.0000000000000000        6.9400066739805622E-310
  0.23500437403406665        9.5383781577810506E-005  -1.8585487043853988E-004   1.0000000000000000E-002   1.2000000000000000E-002   1.0017977511879472        0.0000000000000000        1.0017977511879472        1.0000000000000000        6.9400066739805622E-310
  0.24500439143250463        9.5763074540874989E-005  -1.8660293228656144E-004   1.0000000000000000E-002   1.2000000000000000E-002   1.0017995189410618        0.0000000000000000        1.0017995189410618        1.0000000000000000        6.9400066739805622E-310
  0.25500439150037146        9.5764442236745027E-005  -1.8661457712809693E-004   1.0000000000000000E-002   1.2000000000000000E-002   1.0018012903047531        0.0000000000000000        1.0018012903047531        1.0000000000000000        6.9400066739805622E-310
  0.26500437423660017        9.5387863142373195E-005  -1.8588969998400984E-004   1.0000000000000000E-002   1.2000000000000000E-002   1.0018030582881794        0.0000000000000000        1.0018030582881794        1.0000000000000000        6.9400066739805622E-310
  0.27500433970852506        9.4634807938237691E-005  -1.8443098246478939E-004   1.0000000000000000E-002   1.2000000000000000E-002   1.0018048159126365        0.0000000000000000        1.0018048159126365        1.0000000000000000        6.9400066739805622E-310
  0.28500428805163691        9.3508232146040807E-005  -1.8224409562783705E-004   1.0000000000000000E-002   1.2000000000000000E-002   1.0018065562389735        0.0000000000000000        1.0018065562389735        1.0000000000000000        6.9400066739805622E-310
  0.29500421946905214        9.2012567504118960E-005  -1.7933748014442585E-004   1.0000000000000000E-002   1.2000000000000000E-002   1.0018082723949695        0.0000000000000000        1.0018082723949695        1.0000000000000000        6.9400066739805622E-310
  0.30500413423073192        9.0153702104685713E-005  -1.7572252066688776E-004   1.0000000000000000E-002   1.2000000000000000E-002   1.0018099576024004        0.0000000000000000        1.0018099576024004        1.0000000000000000        6.9400066739805622E-310
  0.31500403267242300        8.7938959110675697E-005  -1.7141338051018806E-004   1.0000000000000000E-002   1.2000000000000000E-002   1.0018116052042698        0.0000000000000000        1.0018116052042698        1.0000000000000000        6.9400066739805622E-310
  0.32500391519434124        8.5377067195144759E-005  -1.6642690206936095E-004   1.0000000000000000E-002   1.2000000000000000E-002   1.0018132086906573        0.0000000000000000        1.0018132086906573        1.0000000000000000        6.9400066739805622E-310
  0.33500378225961053        8.2478127302641890E-005  -1.6078278036957272E-004   1.0000000000000000E-002   1.2000000000000000E-002   1.0018147617249904        0.0000000000000000        1.0018147617249904        1.0000000000000000        6.9400066739805622E-310
  0.34500363439242987        7.9253570600072856E-005  -1.5450317353060683E-004   1.0000000000000000E-002   1.2000000000000000E-002   1.0018162581693204        0.0000000000000000        1.0018162581693204        1.0000000000000000        6.9400066739805622E-310
  0.35500347217601641        7.5716116772021094E-005  -1.4761272676544479E-004   1.0000000000000000E-002   1.2000000000000000E-002   1.0018176921077719        0.0000000000000000        1.0018176921077719        1.0000000000000000        6.9400066739805622E-310
  0.36500329625031919        7.1879721293984414E-005  -1.4013869222573305E-004   1.0000000000000000E-002   1.2000000000000000E-002   1.0018190578708015        0.0000000000000000        1.0018190578708015        1.0000000000000000        6.9400066739805622E-310
  0.37500310730948277        6.7759521474108496E-005  -1.3211047616668026E-004   1.0000000000000000E-002   1.2000000000000000E-002   1.0018203500577236        0.0000000000000000        1.0018203500577236        1.0000000000000000        6.9400066739805622E-310
  0.38500290609912213        6.3371777277316824E-005  -1.2355983316769681E-004   1.0000000000000000E-002   1.2000000000000000E-002   1.0018215635581047        0.0000000000000000        1.0018215635581047        1.0000000000000000        6.9400066739805622E-310
  0.39500269341336797        5.8733805946949710E-005  -1.1452042324844314E-004   1.0000000000000000E-002   1.2000000000000000E-002   1.0018226935720385        0.0000000000000000        1.0018226935720385        1.0000000000000000        6.9400066739805622E-310
  0.40500247009174395        5.3863914006337158E-005  -1.0502795220190819E-004   1.0000000000000000E-002   1.2000000000000000E-002   1.0018237356288029        0.0000000000000000        1.0018237356288029        1.0000000000000000        6.9400066739805622E-310
  0.41500223701585137        4.8781326484414542E-005  -9.5120047088670390E-005   1.0000000000000000E-002   1.2000000000000000E-002   1.0018246856057809        0.0000000000000000        1.0018246856057809        1.0000000000000000        6.9400066739805622E-310
  0.42500199510586961        4.3506108512029582E-005  -8.4835733351162901E-005   1.0000000000000000E-002   1.2000000000000000E-002   1.0018255397441500        0.0000000000000000        1.0018255397441500        1.0000000000000000        6.9400066739805622E-310
  0.43500174531693875        3.8059087666839550E-005  -7.4215731649118766E-005   1.0000000000000000E-002   1.2000000000000000E-002   1.0018262946636480        0.0000000000000000        1.0018262946636480        1.0000000000000000        6.9400066739805622E-310
  0.44500148863537109        3.2461771173015420E-005  -6.3301979354335458E-005   1.0000000000000000E-002   1.2000000000000000E-002   1.0018269473763890        0.0000000000000000        1.0018269473763890        1.0000000000000000        6.9400066739805622E-310
  0.45500122607476223        2.6736260792058900E-005  -5.2137745655933543E-005   1.0000000000000000E-002   1.2000000000000000E-002   1.0018274952989086        0.0000000000000000        1.0018274952989086        1.0000000000000000        6.9400066739805622E-310
  0.46500095867196789        2.0905165775284427E-005  -4.0767176765932334E-005   1.0000000000000000E-002   1.2000000000000000E-002   1.0018279362626885        0.0000000000000000        1.0018279362626885        1.0000000000000000        6.9400066739805622E-310
  0.47500068748300744        1.4991512641347499E-005  -2.9235245325942572E-005   1.0000000000000000E-002   1.2000000000000000E-002   1.0018282685222715        0.0000000000000000        1.0018282685222715        1.0000000000000000        6.9400066739805622E-310
  0.48500041357888413        9.0186550379893269E-006  -1.7587532880725121E-005   1.0000000000000000E-002   1.2000000000000000E-002   1.0018284907620520        0.0000000000000000        1.0018284907620520        1.0000000000000000        6.9400066739805622E-310
  0.49500013804135701        3.0101808582519019E-006  -5.8702745926453304E-006   1.0000000000000000E-002   1.2000000000000000E-002   1.0018286021022975        0.0000000000000000        1.0018286021022975        1.0000000000000000        6.9400066739805622E-310
  0.50499986195863933       -3.0101810729675864E-006   5.8702876026828221E-006   1.0000000000000000E-002   1.2000000000000000E-002   1.0018286021022456        0.0000000000000000        1.0018286021022456        1.0000000000000000        6.9400066739805622E-310
  0.51499958642111310       -9.0186552250248319E-006   1.7587551761621967E-005   1.0000000000000000E-002   1.2000000000000000E-002   1.0018284907618475        0.0000000000000000        1.0018284907618475        1.0000000000000000        6.9400066739805622E-310
  0.52499931251699328       -1.4991512477753562E-005   2.9235210783795651E-005   1.0000000000000000E-002   1.2000000000000000E-002   1.0018282685221396        0.0000000000000000        1.0018282685221396        1.0000000000000000        6.9400066739805622E-310
  0.53499904132803211       -2.0905165670721628E-005   4.0767167805100257E-005   1.0000000000000000E-002   1.2000000000000000E-002   1.0018279362627476        0.0000000000000000        1.0018279362627476        1.0000000000000000        6.9400066739805622E-310
  0.54499877392523710       -2.6736260600351980E-005   5.2137742747149218E-005   1.0000000000000000E-002   1.2000000000000000E-002   1.0018274952990185        0.0000000000000000        1.0018274952990185        1.0000000000000000        6.9400066739805622E-310
  0.55499851136462641       -3.2461771003320744E-005   6.3302020949507209E-005   1.0000000000000000E-002   1.2000000000000000E-002   1.0018269473763368        0.0000000000000000        1.0018269473763368        1.0000000000000000        6.9400066739805622E-310
  0.56499825468306153       -3.8059087882460216E-005   7.4215728289139804E-005   1.0000000000000000E-002   1.2000000000000000E-002   1.0018262946634136        0.0000000000000000        1.0018262946634136        1.0000000000000000        6.9400066739805622E-310
  0.57499800489413322       -4.3506108542318938E-005   8.4835687701456663E-005   1.0000000000000000E-002   1.2000000000000000E-002   1.0018255397441473        0.0000000000000000        1.0018255397441473        1.0000000000000000        6.9400066739805622E-310
  0.58499776298414874       -4.8781326489595483E-005   9.5120063160258894E-005   1.0000000000000000E-002   1.2000000000000000E-002   1.0018246856059028        0.0000000000000000        1.0018246856059028        1.0000000000000000        6.9400066739805622E-310
  0.59499752990825616       -5.3863914198325313E-005   1.0502795380773478E-004   1.0000000000000000E-002   1.2000000000000000E-002   1.0018237356288482        0.0000000000000000        1.0018237356288482        1.0000000000000000        6.9400066739805622E-310
  0.60499730658663131       -5.8733805834663878E-005   1.1452043320492322E-004   1.0000000000000000E-002   1.2000000000000000E-002   1.0018226935720320        0.0000000000000000        1.0018226935720320        1.0000000000000000        6.9400066739805622E-310
  0.61499709390087831       -6.3371777024012312E-005   1.2355981058131960E-004   1.0000000000000000E-002   1.2000000000000000E-002   1.0018215635581575        0.0000000000000000        1.0018215635581575        1.0000000000000000        6.9400066739805622E-310
  0.62499689269051528       -6.7759521711871214E-005   1.3211050637451649E-004   1.0000000000000000E-002   1.2000000000000000E-002   1.0018203500577347        0.0000000000000000        1.0018203500577347        1.0000000000000000        6.9400066739805622E-310
  0.63499670374968098       -7.1879721130894535E-005   1.4013868496931536E-004   1.0000000000000000E-002   1.2000000000000000E-002   1.0018190578707198        0.0000000000000000        1.0018190578707198        1.0000000000000000        6.9400066739805622E-310
  0.64499652782398320       -7.5716116760436109E-005   1.4761275357066950E-004   1.0000000000000000E-002   1.2000000000000000E-002   1.0018176921075970        0.0000000000000000        1.0018176921075970        1.0000000000000000        6.9400066739805622E-310
  0.65499636560757424       -7.9253570639659991E-005   1.5450309994147204E-004   1.0000000000000000E-002   1.2000000000000000E-002   1.0018162581693510        0.0000000000000000        1.0018162581693510        1.0000000000000000        6.9400066739805622E-310
  0.66499621774038853       -8.2478127203705948E-005   1.6078280832143577E-004   1.0000000000000000E-002   1.2000000000000000E-002   1.0018147617252369        0.0000000000000000        1.0018147617252369        1.0000000000000000        6.9400066739805622E-310
  0.67499608480565720       -8.5377067492103980E-005   1.6642692648982660E-004   1.0000000000000000E-002   1.2000000000000000E-002   1.0018132086906559        0.0000000000000000        1.0018132086906559        1.0000000000000000        6.9400066739805622E-310
  0.68499596732757639       -8.7938959052286220E-005   1.7141337852333294E-004   1.0000000000000000E-002   1.2000000000000000E-002   1.0018116052041732        0.0000000000000000        1.0018116052041732        1.0000000000000000        6.9400066739805622E-310
  0.69499586576926875       -9.0153702093871026E-005   1.7572250339714657E-004   1.0000000000000000E-002   1.2000000000000000E-002   1.0018099576023989        0.0000000000000000        1.0018099576023989        1.0000000000000000        6.9400066739805622E-310
  0.70499578053094691       -9.2012567414521984E-005   1.7933751414123122E-004   1.0000000000000000E-002   1.2000000000000000E-002   1.0018082723948809        0.0000000000000000        1.0018082723948809        1.0000000000000000        6.9400066739805622E-310
  0.71499571194836575       -9.3508232335087041E-005   1.8224404901445723E-004   1.0000000000000000E-002   1.2000000000000000E-002   1.0018065562389427        0.0000000000000000        1.0018065562389427        1.0000000000000000        6.9400066739805622E-310
  0.72499566029147477       -9.4634807687625537E-005   1.8443099858700407E-004   1.0000000000000000E-002   1.2000000000000000E-002   1.0018048159127537        0.0000000000000000        1.0018048159127537        1.0000000000000000        6.9400066739805622E-310
  0.73499562576339972       -9.5387863371718167E-005   1.8588970346478106E-004   1.0000000000000000E-002   1.2000000000000000E-002   1.0018030582881907        0.0000000000000000        1.0018030582881907        1.0000000000000000        6.9400066739805622E-310
  0.74499560849962843       -9.5764442118017571E-005   1.8661457472202159E-004   1.0000000000000000E-002   1.2000000000000000E-002   1.0018012903047813        0.0000000000000000        1.0018012903047813        1.0000000000000000        6.9400066739805622E-310
  0.75499560856749448       -9.5763074458601527E-005   1.8660294849048853E-004   1.0000000000000000E-002   1.2000000000000000E-002   1.0017995189410094        0.0000000000000000        1.0017995189410094        1.0000000000000000        6.9400066739805622E-310
  0.76499562596593462       -9.5383781686883507E-005   1.8585483466093677E-004   1.0000000000000000E-002   1.2000000000000000E-002   1.0017977511879943        0.0000000000000000        1.0017977511879943        1.0000000000000000        6.9400066739805622E-310
  0.77499566062547698       -9.4628076783156767E-005   1.8437361294498800E-004   1.0000000000000000E-002   1.2000000000000000E-002   1.0017959940206369        0.0000000000000000        1.0017959940206369        1.0000000000000000        6.9400066739805622E-310
  0.78499571240857213       -9.3498957799205540E-005   1.8216496245937464E-004   1.0000000000000000E-002   1.2000000000000000E-002   1.0017942543707679        0.0000000000000000        1.0017942543707679        1.0000000000000000        6.9400066739805622E-310
  0.79499578111010272       -9.2000896112545970E-005   1.7923791102791853E-004   1.0000000000000000E-002   1.2000000000000000E-002   1.0017925391003792        0.0000000000000000        1.0017925391003792        1.0000000000000000        6.9400066739805622E-310
  0.80499586645823507       -9.0139817521767444E-005   1.7560408007533113E-004   1.0000000000000000E-002   1.2000000000000000E-002   1.0017908549733252        0.0000000000000000        1.0017908549733252        1.0000000000000000        6.9400066739805622E-310
  0.81499596811549069       -8.7923080719327156E-005   1.7127792311111278E-004   1.0000000000000000E-002   1.2000000000000000E-002   1.0017892086297007        0.0000000000000000        1.0017892086297007        1.0000000000000000        6.9400066739805622E-310
  0.82499608568009231       -8.5359445154813314E-005   1.6627660368317976E-004   1.0000000000000000E-002   1.2000000000000000E-002   1.0017876065594660        0.0000000000000000        1.0017876065594660        1.0000000000000000        6.9400066739805622E-310
  0.83499621868755436       -8.2459039566412976E-005   1.6061998676963896E-004   1.0000000000000000E-002   1.2000000000000000E-002   1.0017860550767415        0.0000000000000000        1.0017860550767415        1.0000000000000000        6.9400066739805622E-310
  0.84499636661253386       -7.9233318073045392E-005   1.5433033660894324E-004   1.0000000000000000E-002   1.2000000000000000E-002   1.0017845602956952        0.0000000000000000        1.0017845602956952        1.0000000000000000        6.9400066739805622E-310
  0.85499652887088773       -7.5695018858976839E-005   1.4743277700013380E-004   1.0000000000000000E-002   1.2000000000000000E-002   1.0017831281055367        0.0000000000000000        1.0017831281055367        1.0000000000000000        6.9400066739805622E-310
  0.86499670482201929       -7.1858111016764306E-005   1.3995434844016330E-004   1.0000000000000000E-002   1.2000000000000000E-002   1.0017817641478413        0.0000000000000000        1.0017817641478413        1.0000000000000000        6.9400066739805622E-310
  0.87499689377137768       -6.7737739399184680E-005   1.3192467667533236E-004   1.0000000000000000E-002   1.2000000000000000E-002   1.0017804737952800        0.0000000000000000        1.0017804737952800        1.0000000000000000        6.9400066739805622E-310
  0.88499709497321544       -6.3350166949245764E-005   1.2337549688812288E-004   1.0000000000000000E-002   1.2000000000000000E-002   1.0017792621291781        0.0000000000000000        1.0017792621291781        1.0000000000000000        6.9400066739805622E-310
  0.89499730763353713       -5.8712707920272542E-005   1.1434041098734582E-004   1.0000000000000000E-002   1.2000000000000000E-002   1.0017781339208536        0.0000000000000000        1.0017781339208536        1.0000000000000000        6.9400066739805622E-310
  0.90499753091321267       -5.3843661632610379E-005   1.0485524258641021E-004   1.0000000000000000E-002   1.2000000000000000E-002   1.0017770936120884        0.0000000000000000        1.0017770936120884        1.0000000000000000        6.9400066739805622E-310
  0.91499776393131482       -4.8762238704581246E-005   9.4957211919322049E-005   1.0000000000000000E-002   1.2000000000000000E-002   1.0017761452979892        0.0000000000000000        1.0017761452979892        1.0000000000000000        6.9400066739805622E-310
  0.92499800576856683       -4.3488486414440533E-005   8.4685391772865160E-005   1.0000000000000000E-002   1.2000000000000000E-002   1.0017752927116435        0.0000000000000000        1.0017752927116435        1.0000000000000000        6.9400066739805622E-310
  0.93499825547097604       -3.8043208979071320E-005   7.4080279777177793E-005   1.0000000000000000E-002   1.2000000000000000E-002   1.0017745392084365        0.0000000000000000        1.0017745392084365        1.0000000000000000        6.9400066739805622E-310
  0.94499851205359631       -3.2447886794672799E-005   6.3183533455024588E-005   1.0000000000000000E-002   1.2000000000000000E-002   1.0017738877539459        0.0000000000000000        1.0017738877539459        1.0000000000000000        6.9400066739805622E-310
  0.95499877450439119       -2.6724589359817941E-005   5.2038204061410909E-005   1.0000000000000000E-002   1.2000000000000000E-002   1.0017733409117220        0.0000000000000000        1.0017733409117220        1.0000000000000000        6.9400066739805622E-310
  0.96499904178824047       -2.0895891205418280E-005   4.0688057249660403E-005   1.0000000000000000E-002   1.2000000000000000E-002   1.0017729008333427        0.0000000000000000        1.0017729008333427        1.0000000000000000        6.9400066739805622E-310
  0.97499931285099717       -1.4984781623033067E-005   2.9177821526893410E-005   1.0000000000000000E-002   1.2000000000000000E-002   1.0017725692504362        0.0000000000000000        1.0017725692504362        1.0000000000000000        6.9400066739805622E-310
  0.98499958662364873       -9.0145734463295268E-006   1.7552711015333955E-005   1.0000000000000000E-002   1.2000000000000000E-002   1.0017723474677787        0.0000000000000000        1.0017723474677787        1.0000000000000000        6.9400066739805622E-310
  0.99499986202651036       -3.0088133475477759E-006   5.8585841991032339E-006   1.0000000000000000E-002   1.2000000000000000E-002   1.0017722363580315        0.0000000000000000        1.0017722363580315        1.0000000000000000        6.9400066739805622E-310
   1.0050001379734885        3.0088115880432245E-006  -5.5512208749775027E-006   1.0000000000000000E-002   1.2000000000000000E-002   1.0017722363579282        0.0000000000000000        1.0017722363579282        1.0000000000000000        6.9400066739805622E-310
   1.0150004133763526        9.0145688338420227E-006  -1.6631894777852096E-005   1.0000000000000000E-002   1.2000000000000000E-002   1.0017723474677549        0.0000000000000000        1.0017723474677549        1.0000000000000000        6.9400066739805622E-310
   1.0250006871490023        1.4984773382813942E-005  -2.7647100911742939E-005   1.0000000000000000E-002   1.2000000000000000E-002   1.0017725692505086        0.0000000000000000        1.0017725692505086        1.0000000000000000        6.9400066739805622E-310
   1.0350009582117592        2.0895880036629594E-005  -3.8553479499547905E-005   1.0000000000000000E-002   1.2000000000000000E-002   1.0017729008332672        0.0000000000000000        1.0017729008332672        1.0000000000000000        6.9400066739805622E-310
   1.0450012254956098        2.6724574636703591E-005  -4.9308213377230459E-005   1.0000000000000000E-002   1.2000000000000000E-002   1.0017733409115404        0.0000000000000000        1.0017733409115404        1.0000000000000000        6.9400066739805622E-310
  -5.0001379734896378E-003  -3.0091821689329420E-006  -3.5767633061438002E+077   1.0000000000000000E-002   1.2000000000000000E-002   1.0017722363580315        0.0000000000000000        1.0017722363580315        1.0000000000000000        6.9400066739805622E-310
  -1.5000413376351274E-002  -9.0156784472522907E-006   0.0000000000000000        1.0000000000000000E-002   1.2000000000000000E-002   1.0017723474677787        0.0000000000000000        1.0017723474677787        1.0000000000000000        6.9400066739805622E-310
  -2.5000687149002832E-002  -1.4986618484541830E-005  -3.5767633061438002E+077   1.0000000000000000E-002   1.2000000000000000E-002   1.0017725692504362        0.0000000000000000        1.0017725692504362        1.0000000000000000        6.9400066739805622E-310
  -3.5000958211759525E-002  -2.0898452664743460E-005   6.9400068546417920E-310   1.0000000000000000E-002   1.2000000000000000E-002   1.0017729008333427        0.0000000000000000        1.0017729008333427        1.0000000000000000        6.9400066739805622E-310
  -4.5001225495608810E-002  -2.6727865357747404E-005   6.9400066883177543E-310   1.0000000000000000E-002   1.2000000000000000E-002   1.0017733409117220        0.0000000000000000        1.0017733409117220        1.0000000000000000        6.9400066739805622E-310
