 # x, v, a, m, h, rho, u, P, c, ke
   3.6504000000000993     
   4.9995313129243728E-003   7.2954846623047694E-007   1.9913013657557599E-005   1.0000000000000000E-002   1.2000000000000000E-002   1.0018961326886762        0.0000000000000000        1.0018961326886762        1.0000000000000000        6.9400066739805622E-310
   1.4998595788100835E-002   2.1857585350140077E-006   5.9660495081104159E-005   1.0000000000000000E-002   1.2000000000000000E-002   1.0018957549592831        0.0000000000000000        1.0018957549592831        1.0000000000000000        6.9400066739805622E-310
   2.4997665803966986E-002   3.6333179126369995E-006   9.9172619034249010E-005   1.0000000000000000E-002   1.2000000000000000E-002   1.0018950009912724        0.0000000000000000        1.0018950009912724        1.0000000000000000        6.9400066739805622E-310
   3.4996745030027095E-002   5.0664987606625994E-006   1.3829370155349352E-004   1.0000000000000000E-002   1.2000000000000000E-002   1.0018938737594389        0.0000000000000000        1.0018938737594389        1.0000000000000000        6.9400066739805622E-310
   4.4995837099478041E-002   6.4796295742156577E-006   1.7686929551086195E-004   1.0000000000000000E-002   1.2000000000000000E-002   1.0018923777114286        0.0000000000000000        1.0018923777114286        1.0000000000000000        6.9400066739805622E-310
   5.4994945594858471E-002   7.8671194445785068E-006   2.1474736828963614E-004   1.0000000000000000E-002   1.2000000000000000E-002   1.0018905187503411        0.0000000000000000        1.0018905187503411        1.0000000000000000        6.9400066739805622E-310
   6.4994074033938296E-002   9.2234794359584490E-006   2.5177846182966590E-004   1.0000000000000000E-002   1.2000000000000000E-002   1.0018883042109339        0.0000000000000000        1.0018883042109339        1.0000000000000000        6.9400066739805622E-310
   7.4993225855836051E-002   1.0543344741872248E-005   2.8781647527953425E-004   1.0000000000000000E-002   1.2000000000000000E-002   1.0018857428314878        0.0000000000000000        1.0018857428314878        1.0000000000000000        6.9400066739805622E-310
   8.4992404407451844E-002   1.1821496404664032E-005   3.2271931226457440E-004   1.0000000000000000E-002   1.2000000000000000E-002   1.0018828447187220        0.0000000000000000        1.0018828447187220        1.0000000000000000        6.9400066739805622E-310
   9.4991612930273292E-002   1.3052881149203000E-005   3.5634927374594838E-004   1.0000000000000000E-002   1.2000000000000000E-002   1.0018796213078820        0.0000000000000000        1.0018796213078820        1.0000000000000000        6.9400066739805622E-310
  0.10499085454758675        1.4232632365038709E-005   3.8857366844791130E-004   1.0000000000000000E-002   1.2000000000000000E-002   1.0018760853179747        0.0000000000000000        1.0018760853179747        1.0000000000000000        6.9400066739805622E-310
  0.11499013225215560        1.5356089985878585E-005   4.1926533835390245E-004   1.0000000000000000E-002   1.2000000000000000E-002   1.0018722507016238        0.0000000000000000        1.0018722507016238        1.0000000000000000        6.9400066739805622E-310
  0.12498944889441037        1.6418815926725470E-005   4.4830321769584458E-004   1.0000000000000000E-002   1.2000000000000000E-002   1.0018681325898220        0.0000000000000000        1.0018681325898220        1.0000000000000000        6.9400066739805622E-310
  0.13498880717120595        1.7416615374193755E-005   4.7557270506448646E-004   1.0000000000000000E-002   1.2000000000000000E-002   1.0018637472321736        0.0000000000000000        1.0018637472321736        1.0000000000000000        6.9400066739805622E-310
  0.14498820961517944        1.8345552303446173E-005   5.0096611116945411E-004   1.0000000000000000E-002   1.2000000000000000E-002   1.0018591119333498        0.0000000000000000        1.0018591119333498        1.0000000000000000        6.9400066739805622E-310
  0.15498765858474428        1.9201962797129733E-005   5.2438331059700971E-004   1.0000000000000000E-002   1.2000000000000000E-002   1.0018542449842036        0.0000000000000000        1.0018542449842036        1.0000000000000000        6.9400066739805622E-310
  0.16498715625479754        1.9982472239604696E-005   5.4573172981875473E-004   1.0000000000000000E-002   1.2000000000000000E-002   1.0018491655899588        0.0000000000000000        1.0018491655899588        1.0000000000000000        6.9400066739805622E-310
  0.17498670460811400        2.0684007025429369E-005   5.6492717551126503E-004   1.0000000000000000E-002   1.2000000000000000E-002   1.0018438937944958        0.0000000000000000        1.0018438937944958        1.0000000000000000        6.9400066739805622E-310
  0.18498630542753178        2.1303807493017052E-005   5.8189379564232979E-004   1.0000000000000000E-002   1.2000000000000000E-002   1.0018384504008198        0.0000000000000000        1.0018384504008198        1.0000000000000000        6.9400066739805622E-310
  0.19498596028890366        2.1839437500892511E-005   5.9656453105105811E-004   1.0000000000000000E-002   1.2000000000000000E-002   1.0018328568897255        0.0000000000000000        1.0018328568897255        1.0000000000000000        6.9400066739805622E-310
  0.20498567055486683        2.2288794986351276E-005   6.0888147211723975E-004   1.0000000000000000E-002   1.2000000000000000E-002   1.0018271353344714        0.0000000000000000        1.0018271353344714        1.0000000000000000        6.9400066739805622E-310
  0.21498543736946585        2.2650119925207384E-005   6.1879587131574709E-004   1.0000000000000000E-002   1.2000000000000000E-002   1.0018213083138554        0.0000000000000000        1.0018213083138554        1.0000000000000000        6.9400066739805622E-310
  0.22498526165361965        2.2921999837392231E-005   6.2626854510661190E-004   1.0000000000000000E-002   1.2000000000000000E-002   1.0018153988232319        0.0000000000000000        1.0018153988232319        1.0000000000000000        6.9400066739805622E-310
  0.23498514410148416        2.3103377281243850E-005   6.3126984814232401E-004   1.0000000000000000E-002   1.2000000000000000E-002   1.0018094301837899        0.0000000000000000        1.0018094301837899        1.0000000000000000        6.9400066739805622E-310
  0.24498508517769327        2.3193552360731911E-005   6.3377999506819549E-004   1.0000000000000000E-002   1.2000000000000000E-002   1.0018034259504769        0.0000000000000000        1.0018034259504769        1.0000000000000000        6.9400066739805622E-310
  0.25498508511552170        2.3192184542404955E-005   6.3378896139898444E-004   1.0000000000000000E-002   1.2000000000000000E-002   1.0017974098188012        0.0000000000000000        1.0017974098188012        1.0000000000000000        6.9400066739805622E-310
  0.26498514391595090        2.3099295597963438E-005   6.3129658656801979E-004   1.0000000000000000E-002   1.2000000000000000E-002   1.0017914055317445        0.0000000000000000        1.0017914055317445        1.0000000000000000        6.9400066739805622E-310
  0.27498526134764989        2.2915268389551215E-005   6.2631265563073413E-004   1.0000000000000000E-002   1.2000000000000000E-002   1.0017854367856480        0.0000000000000000        1.0017854367856480        1.0000000000000000        6.9400066739805622E-310
  0.28498543694788658        2.2640844947562238E-005   6.1885661005867121E-004   1.0000000000000000E-002   1.2000000000000000E-002   1.0017795271372507        0.0000000000000000        1.0017795271372507        1.0000000000000000        6.9400066739805622E-310
  0.29498567002432413        2.2277123149750167E-005   6.0895792524107151E-004   1.0000000000000000E-002   1.2000000000000000E-002   1.0017736999102731        0.0000000000000000        1.0017736999102731        1.0000000000000000        6.9400066739805622E-310
  0.30498595965776287        2.1825552163992194E-005   5.9665552809562428E-004   1.0000000000000000E-002   1.2000000000000000E-002   1.0017679781029425        0.0000000000000000        1.0017679781029425        1.0000000000000000        6.9400066739805622E-310
  0.31498630470574990        2.1287928077962728E-005   5.8199782550349966E-004   1.0000000000000000E-002   1.2000000000000000E-002   1.0017623842982220        0.0000000000000000        1.0017623842982220        1.0000000000000000        6.9400066739805622E-310
  0.32498670380707373        2.0666383860628872E-005   5.6504262082679446E-004   1.0000000000000000E-002   1.2000000000000000E-002   1.0017569405742639        0.0000000000000000        1.0017569405742639        1.0000000000000000        6.9400066739805622E-310
  0.33498715538713020        1.9963383432655976E-005   5.4585681659258256E-004   1.0000000000000000E-002   1.2000000000000000E-002   1.0017516684167087        0.0000000000000000        1.0017516684167087        1.0000000000000000        6.9400066739805622E-310
  0.34498765766413780        1.9181709246591939E-005   5.2451596096236841E-004   1.0000000000000000E-002   1.2000000000000000E-002   1.0017465886345778        0.0000000000000000        1.0017465886345778        1.0000000000000000        6.9400066739805622E-310
  0.35498820865614739        1.8324453334232034E-005   5.0110433790973019E-004   1.0000000000000000E-002   1.2000000000000000E-002   1.0017417212778568        0.0000000000000000        1.0017417212778568        1.0000000000000000        6.9400066739805622E-310
  0.36498880618887414        1.7395004252468703E-005   4.7571428070281030E-004   1.0000000000000000E-002   1.2000000000000000E-002   1.0017370855579242        0.0000000000000000        1.0017370855579242        1.0000000000000000        6.9400066739805622E-310
  0.37498944790426936        1.6397032495001670E-005   4.4844593597570537E-004   1.0000000000000000E-002   1.2000000000000000E-002   1.0017326997723983        0.0000000000000000        1.0017326997723983        1.0000000000000000        6.9400066739805622E-310
  0.38499013126982179        1.5334478166194380E-005   4.1940692957975756E-004   1.0000000000000000E-002   1.2000000000000000E-002   1.0017285812326413        0.0000000000000000        1.0017285812326413        1.0000000000000000        6.9400066739805622E-310
  0.39499085358855252        1.4211533694509477E-005   3.8871190134059930E-004   1.0000000000000000E-002   1.2000000000000000E-002   1.0017247461950904        0.0000000000000000        1.0017247461950904        1.0000000000000000        6.9400066739805622E-310
  0.40499161200966433        1.3032627556306129E-005   3.5648194592852178E-004   1.0000000000000000E-002   1.2000000000000000E-002   1.0017212097974730        0.0000000000000000        1.0017212097974730        1.0000000000000000        6.9400066739805622E-310
  0.41499240353978478        1.1802407622134849E-005   3.2284438097462953E-004   1.0000000000000000E-002   1.2000000000000000E-002   1.0017179859987340        0.0000000000000000        1.0017179859987340        1.0000000000000000        6.9400066739805622E-310
  0.42499322505479575        1.0525721631146796E-005   2.8793194254461696E-004   1.0000000000000000E-002   1.2000000000000000E-002   1.0017150875238632        0.0000000000000000        1.0017150875238632        1.0000000000000000        6.9400066739805622E-310
  0.43499407331215950        9.2076001607430396E-006   2.5188245725704661E-004   1.0000000000000000E-002   1.2000000000000000E-002   1.0017125258141799        0.0000000000000000        1.0017125258141799        1.0000000000000000        6.9400066739805622E-310
  0.44499494496372000        7.8532342736123614E-006   2.1483833674373898E-004   1.0000000000000000E-002   1.2000000000000000E-002   1.0017103109814409        0.0000000000000000        1.0017103109814409        1.0000000000000000        6.9400066739805622E-310
  0.45499583656893400        6.4679574946065831E-006   1.7694577828208935E-004   1.0000000000000000E-002   1.2000000000000000E-002   1.0017084517682651        0.0000000000000000        1.0017084517682651        1.0000000000000000        6.9400066739805622E-310
  0.46499674460844614        5.0572238019767703E-006   1.3835446230192616E-004   1.0000000000000000E-002   1.2000000000000000E-002   1.0017069555136642        0.0000000000000000        1.0017069555136642        1.0000000000000000        6.9400066739805622E-310
  0.47499766549799693        3.6265866269012148E-006   9.9216731793028146E-005   1.0000000000000000E-002   1.2000000000000000E-002   1.0017058281239557        0.0000000000000000        1.0017058281239557        1.0000000000000000        6.9400066739805622E-310
  0.48499859560256897        2.1816767119627200E-006   5.9687212246473109E-005   1.0000000000000000E-002   1.2000000000000000E-002   1.0017050740493632        0.0000000000000000        1.0017050740493632        1.0000000000000000        6.9400066739805622E-310
  0.49499953125075413        7.2818074375332844E-007   1.9921961315283454E-005   1.0000000000000000E-002   1.2000000000000000E-002   1.0017046962664140        0.0000000000000000        1.0017046962664140        1.0000000000000000        6.9400066739805622E-310
  0.50500046874924576       -7.2818094439813967E-007  -1.9921956897483994E-005   1.0000000000000000E-002   1.2000000000000000E-002   1.0017046962663914        0.0000000000000000        1.0017046962663914        1.0000000000000000        6.9400066739805622E-310
  0.51500140439743147       -2.1816765102297301E-006  -5.9687217591530839E-005   1.0000000000000000E-002   1.2000000000000000E-002   1.0017050740493487        0.0000000000000000        1.0017050740493487        1.0000000000000000        6.9400066739805622E-310
  0.52500233450200318       -3.6265863726427225E-006  -9.9216721237027627E-005   1.0000000000000000E-002   1.2000000000000000E-002   1.0017058281239188        0.0000000000000000        1.0017058281239188        1.0000000000000000        6.9400066739805622E-310
  0.53500325539155502       -5.0572240781312917E-006  -1.3835447231613784E-004   1.0000000000000000E-002   1.2000000000000000E-002   1.0017069555136171        0.0000000000000000        1.0017069555136171        1.0000000000000000        6.9400066739805622E-310
  0.54500416343106728       -6.4679574671075365E-006  -1.7694579017391021E-004   1.0000000000000000E-002   1.2000000000000000E-002   1.0017084517683266        0.0000000000000000        1.0017084517683266        1.0000000000000000        6.9400066739805622E-310
  0.55500505503627962       -7.8532343826184899E-006  -2.1483830848101348E-004   1.0000000000000000E-002   1.2000000000000000E-002   1.0017103109814232        0.0000000000000000        1.0017103109814232        1.0000000000000000        6.9400066739805622E-310
  0.56500592668784222       -9.2076001135563656E-006  -2.5188248087903986E-004   1.0000000000000000E-002   1.2000000000000000E-002   1.0017125258141357        0.0000000000000000        1.0017125258141357        1.0000000000000000        6.9400066739805622E-310
  0.57500677494520502       -1.0525721637062106E-005  -2.8793194310772208E-004   1.0000000000000000E-002   1.2000000000000000E-002   1.0017150875239449        0.0000000000000000        1.0017150875239449        1.0000000000000000        6.9400066739805622E-310
  0.58500759646021483       -1.1802407723452239E-005  -3.2284435495366637E-004   1.0000000000000000E-002   1.2000000000000000E-002   1.0017179859986829        0.0000000000000000        1.0017179859986829        1.0000000000000000        6.9400066739805622E-310
  0.59500838799033784       -1.3032627371952123E-005  -3.5648198316362567E-004   1.0000000000000000E-002   1.2000000000000000E-002   1.0017212097974830        0.0000000000000000        1.0017212097974830        1.0000000000000000        6.9400066739805622E-310
  0.60500914641144687       -1.4211533780767781E-005  -3.8871187490308046E-004   1.0000000000000000E-002   1.2000000000000000E-002   1.0017247461951511        0.0000000000000000        1.0017247461951511        1.0000000000000000        6.9400066739805622E-310
  0.61500986873017893       -1.5334478212682092E-005  -4.1940694059494632E-004   1.0000000000000000E-002   1.2000000000000000E-002   1.0017285812326207        0.0000000000000000        1.0017285812326207        1.0000000000000000        6.9400066739805622E-310
  0.62501055209573075       -1.6397032554429244E-005  -4.4844594051074438E-004   1.0000000000000000E-002   1.2000000000000000E-002   1.0017326997724543        0.0000000000000000        1.0017326997724543        1.0000000000000000        6.9400066739805622E-310
  0.63501119381112525       -1.7395004022641929E-005  -4.7571426272075001E-004   1.0000000000000000E-002   1.2000000000000000E-002   1.0017370855579246        0.0000000000000000        1.0017370855579246        1.0000000000000000        6.9400066739805622E-310
  0.64501179134385245       -1.8324453442984840E-005  -5.0110431628525021E-004   1.0000000000000000E-002   1.2000000000000000E-002   1.0017417212776685        0.0000000000000000        1.0017417212776685        1.0000000000000000        6.9400066739805622E-310
  0.65501234233586592       -1.9181709154358132E-005  -5.2451601603209497E-004   1.0000000000000000E-002   1.2000000000000000E-002   1.0017465886345540        0.0000000000000000        1.0017465886345540        1.0000000000000000        6.9400066739805622E-310
  0.66501284461287002       -1.9963383378824369E-005  -5.4585679547347610E-004   1.0000000000000000E-002   1.2000000000000000E-002   1.0017516684168277        0.0000000000000000        1.0017516684168277        1.0000000000000000        6.9400066739805622E-310
  0.67501329619292749       -2.0666384028702296E-005  -5.6504264928758374E-004   1.0000000000000000E-002   1.2000000000000000E-002   1.0017569405744122        0.0000000000000000        1.0017569405744122        1.0000000000000000        6.9400066739805622E-310
  0.68501369529424727       -2.1287928126958180E-005  -5.8199777806500208E-004   1.0000000000000000E-002   1.2000000000000000E-002   1.0017623842982935        0.0000000000000000        1.0017623842982935        1.0000000000000000        6.9400066739805622E-310
  0.69501404034223668       -2.1825552364927085E-005  -5.9665552717547143E-004   1.0000000000000000E-002   1.2000000000000000E-002   1.0017679781027951        0.0000000000000000        1.0017679781027951        1.0000000000000000        6.9400066739805622E-310
  0.70501432997567626       -2.2277122864135041E-005  -6.0895792216886235E-004   1.0000000000000000E-002   1.2000000000000000E-002   1.0017736999101066        0.0000000000000000        1.0017736999101066        1.0000000000000000        6.9400066739805622E-310
  0.71501456305211664       -2.2640844646799728E-005  -6.1885666211036749E-004   1.0000000000000000E-002   1.2000000000000000E-002   1.0017795271373036        0.0000000000000000        1.0017795271373036        1.0000000000000000        6.9400066739805622E-310
  0.72501473865234922       -2.2915268536939640E-005  -6.2631262018708611E-004   1.0000000000000000E-002   1.2000000000000000E-002   1.0017854367857792        0.0000000000000000        1.0017854367857792        1.0000000000000000        6.9400066739805622E-310
  0.73501485608404937       -2.3099295890431209E-005  -6.3129659642147118E-004   1.0000000000000000E-002   1.2000000000000000E-002   1.0017914055317509        0.0000000000000000        1.0017914055317509        1.0000000000000000        6.9400066739805622E-310
  0.74501491488447769       -2.3192184404813638E-005  -6.3378896490728920E-004   1.0000000000000000E-002   1.2000000000000000E-002   1.0017974098188864        0.0000000000000000        1.0017974098188864        1.0000000000000000        6.9400066739805622E-310
  0.75501491482230509       -2.3193552437827518E-005  -6.3377998799296620E-004   1.0000000000000000E-002   1.2000000000000000E-002   1.0018034259505280        0.0000000000000000        1.0018034259505280        1.0000000000000000        6.9400066739805622E-310
  0.76501485589851437       -2.3103377321196649E-005  -6.3126985840789018E-004   1.0000000000000000E-002   1.2000000000000000E-002   1.0018094301838636        0.0000000000000000        1.0018094301838636        1.0000000000000000        6.9400066739805622E-310
  0.77501473834637702       -2.2922000081599717E-005  -6.2626850990454841E-004   1.0000000000000000E-002   1.2000000000000000E-002   1.0018153988231904        0.0000000000000000        1.0018153988231904        1.0000000000000000        6.9400066739805622E-310
  0.78501456263053349       -2.2650119622341707E-005  -6.1879588082280890E-004   1.0000000000000000E-002   1.2000000000000000E-002   1.0018213083136953        0.0000000000000000        1.0018213083136953        1.0000000000000000        6.9400066739805622E-310
  0.79501432944513328       -2.2288795050960777E-005  -6.0888147441939822E-004   1.0000000000000000E-002   1.2000000000000000E-002   1.0018271353343693        0.0000000000000000        1.0018271353343693        1.0000000000000000        6.9400066739805622E-310
  0.80501403971109764       -2.1839437487385530E-005  -5.9656454319245711E-004   1.0000000000000000E-002   1.2000000000000000E-002   1.0018328568896817        0.0000000000000000        1.0018328568896817        1.0000000000000000        6.9400066739805622E-310
  0.81501369457246919       -2.1303807372802666E-005  -5.8189379399831154E-004   1.0000000000000000E-002   1.2000000000000000E-002   1.0018384504008320        0.0000000000000000        1.0018384504008320        1.0000000000000000        6.9400066739805622E-310
  0.82501329539188695       -2.0684006944770785E-005  -5.6492717802125725E-004   1.0000000000000000E-002   1.2000000000000000E-002   1.0018438937945049        0.0000000000000000        1.0018438937945049        1.0000000000000000        6.9400066739805622E-310
  0.83501284374520346       -1.9982472361132342E-005  -5.4573174685934589E-004   1.0000000000000000E-002   1.2000000000000000E-002   1.0018491655900632        0.0000000000000000        1.0018491655900632        1.0000000000000000        6.9400066739805622E-310
  0.84501234141525439       -1.9201962587896461E-005  -5.2438328613124696E-004   1.0000000000000000E-002   1.2000000000000000E-002   1.0018542449842722        0.0000000000000000        1.0018542449842722        1.0000000000000000        6.9400066739805622E-310
  0.85501179038482011       -1.8345552459468409E-005  -5.0096611592209683E-004   1.0000000000000000E-002   1.2000000000000000E-002   1.0018591119333224        0.0000000000000000        1.0018591119333224        1.0000000000000000        6.9400066739805622E-310
  0.86501119282879346       -1.7416615622687363E-005  -4.7557270074705116E-004   1.0000000000000000E-002   1.2000000000000000E-002   1.0018637472321588        0.0000000000000000        1.0018637472321588        1.0000000000000000        6.9400066739805622E-310
  0.87501055110558923       -1.6418815765791846E-005  -4.4830320080091468E-004   1.0000000000000000E-002   1.2000000000000000E-002   1.0018681325897021        0.0000000000000000        1.0018681325897021        1.0000000000000000        6.9400066739805622E-310
  0.88500986774784640       -1.5356089876561217E-005  -4.1926535997127701E-004   1.0000000000000000E-002   1.2000000000000000E-002   1.0018722507015283        0.0000000000000000        1.0018722507015283        1.0000000000000000        6.9400066739805622E-310
  0.89500914545241483       -1.4232632368930907E-005  -3.8857366712363728E-004   1.0000000000000000E-002   1.2000000000000000E-002   1.0018760853179747        0.0000000000000000        1.0018760853179747        1.0000000000000000        6.9400066739805622E-310
  0.90500838706972853       -1.3052881367291941E-005  -3.5634927689898177E-004   1.0000000000000000E-002   1.2000000000000000E-002   1.0018796213078884        0.0000000000000000        1.0018796213078884        1.0000000000000000        6.9400066739805622E-310
  0.91500759559254974       -1.1821496296607668E-005  -3.2271932730854047E-004   1.0000000000000000E-002   1.2000000000000000E-002   1.0018828447188073        0.0000000000000000        1.0018828447188073        1.0000000000000000        6.9400066739805622E-310
  0.92500677414416421       -1.0543344593036743E-005  -2.8781648657716374E-004   1.0000000000000000E-002   1.2000000000000000E-002   1.0018857428316963        0.0000000000000000        1.0018857428316963        1.0000000000000000        6.9400066739805622E-310
  0.93500592596605869       -9.2234794722430247E-006  -2.5177841269385937E-004   1.0000000000000000E-002   1.2000000000000000E-002   1.0018883042109736        0.0000000000000000        1.0018883042109736        1.0000000000000000        6.9400066739805622E-310
  0.94500505440514093       -7.8671195212359203E-006  -2.1474737266480304E-004   1.0000000000000000E-002   1.2000000000000000E-002   1.0018905187501714        0.0000000000000000        1.0018905187501714        1.0000000000000000        6.9400066739805622E-310
  0.95500416290052292       -6.4796295732136922E-006  -1.7686932191107729E-004   1.0000000000000000E-002   1.2000000000000000E-002   1.0018923777114113        0.0000000000000000        1.0018923777114113        1.0000000000000000        6.9400066739805622E-310
  0.96500325496997241       -5.0664986170165672E-006  -1.3829368997253511E-004   1.0000000000000000E-002   1.2000000000000000E-002   1.0018938737594723        0.0000000000000000        1.0018938737594723        1.0000000000000000        6.9400066739805622E-310
  0.97500233419603333       -3.6333180197246327E-006  -9.9172636131683589E-005   1.0000000000000000E-002   1.2000000000000000E-002   1.0018950009913354        0.0000000000000000        1.0018950009913354        1.0000000000000000        6.9400066739805622E-310
  0.98500140421189730       -2.1857585353135542E-006  -5.9660465470123825E-005   1.0000000000000000E-002   1.2000000000000000E-002   1.0018957549592966        0.0000000000000000        1.0018957549592966        1.0000000000000000        6.9400066739805622E-310
  0.99500046868707559       -7.2954843553716924E-007  -1.9913027912821235E-005   1.0000000000000000E-002   1.2000000000000000E-002   1.0018961326886080        0.0000000000000000        1.0018961326886080        1.0000000000000000        6.9400066739805622E-310
   1.0049995313129243        7.2955433345824717E-007   1.9985188418836231E-005   1.0000000000000000E-002   1.2000000000000000E-002   1.0018961326886762        0.0000000000000000        1.0018961326886762        1.0000000000000000        6.9400066739805622E-310
   1.0149985957881009        2.1857761162848467E-006   5.9876756978383128E-005   1.0000000000000000E-002   1.2000000000000000E-002   1.0018957549592831        0.0000000000000000        1.0018957549592831        1.0000000000000000        6.9400066739805622E-310
   1.0249976658039670        3.6333471263383241E-006   9.9532086313303125E-005   1.0000000000000000E-002   1.2000000000000000E-002   1.0018950009912724        0.0000000000000000        1.0018950009912724        1.0000000000000000        6.9400066739805622E-310
   1.0349967450300270        5.0665395075063647E-006   1.3879494707325080E-004   1.0000000000000000E-002   1.2000000000000000E-002   1.0018938737594389        0.0000000000000000        1.0018938737594389        1.0000000000000000        6.9400066739805622E-310
   1.0449958370994781        6.4796816818224206E-006   1.7751031554436025E-004   1.0000000000000000E-002   1.2000000000000000E-002   1.0018923777114286        0.0000000000000000        1.0018923777114286        1.0000000000000000        6.9400066739805622E-310
  -4.9995313129244101E-003  -7.2963504306365308E-007  -3.5767633061438002E+077   1.0000000000000000E-002   1.2000000000000000E-002   1.0018961326886080        0.0000000000000000        1.0018961326886080        1.0000000000000000        6.9400066739805622E-310
  -1.4998595788102698E-002  -2.1860180510056902E-006   0.0000000000000000        1.0000000000000000E-002   1.2000000000000000E-002   1.0018957549592966        0.0000000000000000        1.0018957549592966        1.0000000000000000        6.9400066739805622E-310
  -2.4997665803966673E-002  -3.6337493875269110E-006  -3.5767633061438002E+077   1.0000000000000000E-002   1.2000000000000000E-002   1.0018950009913354        0.0000000000000000        1.0018950009913354        1.0000000000000000        6.9400066739805622E-310
  -3.4996745030027587E-002  -5.0671001026469366E-006   6.9400068546417920E-310   1.0000000000000000E-002   1.2000000000000000E-002   1.0018938737594723        0.0000000000000000        1.0018938737594723        1.0000000000000000        6.9400066739805622E-310
  -4.4995837099477076E-002  -6.4803987972784041E-006   6.9400066883177543E-310   1.0000000000000000E-002   1.2000000000000000E-002   1.0018923777114113        0.0000000000000000        1.0018923777114113        1.0000000000000000        6.9400066739805622E-310
