 # x, v, a, m, h, rho, u, P, c, ke
  0.10079999999999999     
   5.0002943350513961E-003   2.4870254112056469E-006  -1.2507048156251699E-005   1.0000000000000000E-002   1.2000000000000000E-002   1.0017403082192431        0.0000000000000000        1.0017403082192431        1.0000000000000000        6.9400066739805622E-310
   1.5000881843545345E-002   7.4512610196300751E-006  -3.7471792710519480E-005   1.0000000000000000E-002   1.2000000000000000E-002   1.0017405454058923        0.0000000000000000        1.0017405454058923        1.0000000000000000        6.9400066739805622E-310
   2.5001465871795886E-002   1.2386089540530025E-005  -6.2288660626741432E-005   1.0000000000000000E-002   1.2000000000000000E-002   1.0017410188434646        0.0000000000000000        1.0017410188434646        1.0000000000000000        6.9400066739805622E-310
   3.5002044114904055E-002   1.7272035216754084E-005  -8.6859718937404296E-005   1.0000000000000000E-002   1.2000000000000000E-002   1.0017417266641599        0.0000000000000000        1.0017417266641599        1.0000000000000000        6.9400066739805622E-310
   4.5002614290802434E-002   2.2089815227099824E-005  -1.1108800281700582E-004   1.0000000000000000E-002   1.2000000000000000E-002   1.0017426660754976        0.0000000000000000        1.0017426660754976        1.0000000000000000        6.9400066739805622E-310
   5.5003174149261626E-002   2.6820415791979549E-005  -1.3487790091293306E-004   1.0000000000000000E-002   1.2000000000000000E-002   1.0017438333713164        0.0000000000000000        1.0017438333713164        1.0000000000000000        6.9400066739805622E-310
   6.5003721480770785E-002   3.1445167202107182E-005  -1.5813552921262186E-004   1.0000000000000000E-002   1.2000000000000000E-002   1.0017452239463773        0.0000000000000000        1.0017452239463773        1.0000000000000000        6.9400066739805622E-310
   7.5004254125257852E-002   3.5945817487142746E-005  -1.8076910810016500E-004   1.0000000000000000E-002   1.2000000000000000E-002   1.0017468323145216        0.0000000000000000        1.0017468323145216        1.0000000000000000        6.9400066739805622E-310
   8.5004769980614042E-002   4.0304604479819219E-005  -2.0268931298250692E-004   1.0000000000000000E-002   1.2000000000000000E-002   1.0017486521302810        0.0000000000000000        1.0017486521302810        1.0000000000000000        6.9400066739805622E-310
   9.5005267010990505E-002   4.4504325912633408E-005  -2.2380963996493364E-004   1.0000000000000000E-002   1.2000000000000000E-002   1.0017506762138824        0.0000000000000000        1.0017506762138824        1.0000000000000000        6.9400066739805622E-310
  0.10500574325483268        4.8528407322056719E-005  -2.4404674007616478E-004   1.0000000000000000E-002   1.2000000000000000E-002   1.0017528965795708        0.0000000000000000        1.0017528965795708        1.0000000000000000        6.9400066739805622E-310
  0.11500619683262171        5.2360967378810277E-005  -2.6332074879498180E-004   1.0000000000000000E-002   1.2000000000000000E-002   1.0017553044670795        0.0000000000000000        1.0017553044670795        1.0000000000000000        6.9400066739805622E-310
  0.12500662595429202        5.5986880718774903E-005  -2.8155560061104978E-004   1.0000000000000000E-002   1.2000000000000000E-002   1.0017578903761584        0.0000000000000000        1.0017578903761584        1.0000000000000000        6.9400066739805622E-310
  0.13500702892629599        5.9391837471115501E-005  -2.9867933090432786E-004   1.0000000000000000E-002   1.2000000000000000E-002   1.0017606441040208        0.0000000000000000        1.0017606441040208        1.0000000000000000        6.9400066739805622E-310
  0.14500740415828775        6.2562399840577628E-005  -3.1462436252915893E-004   1.0000000000000000E-002   1.2000000000000000E-002   1.0017635547855874        0.0000000000000000        1.0017635547855874        1.0000000000000000        6.9400066739805622E-310
  0.15500775016939916        6.5486055146146455E-005  -3.2932776335226066E-004   1.0000000000000000E-002   1.2000000000000000E-002   1.0017666109363137        0.0000000000000000        1.0017666109363137        1.0000000000000000        6.9400066739805622E-310
  0.16500806559408443        6.8151265098743269E-005  -3.4273150306418643E-004   1.0000000000000000E-002   1.2000000000000000E-002   1.0017698004974511        0.0000000000000000        1.0017698004974511        1.0000000000000000        6.9400066739805622E-310
  0.17500834918750949        7.0547511448182227E-005  -3.5478268719657535E-004   1.0000000000000000E-002   1.2000000000000000E-002   1.0017731108836498        0.0000000000000000        1.0017731108836498        1.0000000000000000        6.9400066739805622E-310
  0.18500859983046378        7.2665337442069427E-005  -3.6543374349662372E-004   1.0000000000000000E-002   1.2000000000000000E-002   1.0017765290325515        0.0000000000000000        1.0017765290325515        1.0000000000000000        6.9400066739805622E-310
  0.19500881653377838        7.4496385127942205E-005  -3.7464263713715695E-004   1.0000000000000000E-002   1.2000000000000000E-002   1.0017800414562941        0.0000000000000000        1.0017800414562941        1.0000000000000000        6.9400066739805622E-310
  0.20500899844222906        7.6033428374059595E-005  -3.8237301958954362E-004   1.0000000000000000E-002   1.2000000000000000E-002   1.0017836342947468        0.0000000000000000        1.0017836342947468        1.0000000000000000        6.9400066739805622E-310
  0.21500914483791161        7.7270401406291558E-005  -3.8859437958027598E-004   1.0000000000000000E-002   1.2000000000000000E-002   1.0017872933701713        0.0000000000000000        1.0017872933701713        1.0000000000000000        6.9400066739805622E-310
  0.22500925514307465        7.8202422623844064E-005  -3.9328215370915132E-004   1.0000000000000000E-002   1.2000000000000000E-002   1.0017910042431295        0.0000000000000000        1.0017910042431295        1.0000000000000000        6.9400066739805622E-310
  0.23500932892240037        7.8825814010287891E-005  -3.9641784066990482E-004   1.0000000000000000E-002   1.2000000000000000E-002   1.0017947522694670        0.0000000000000000        1.0017947522694670        1.0000000000000000        6.9400066739805622E-310
  0.24500936588472155        7.9138115543101942E-005  -3.9798905359766934E-004   1.0000000000000000E-002   1.2000000000000000E-002   1.0017985226580850        0.0000000000000000        1.0017985226580850        1.0000000000000000        6.9400066739805622E-310
  0.25500936588417161        7.9138095010237959E-005  -3.9798959339165663E-004   1.0000000000000000E-002   1.2000000000000000E-002   1.0018023005293157        0.0000000000000000        1.0018023005293157        1.0000000000000000        6.9400066739805622E-310
  0.26500932892075896        7.8825752679790976E-005  -3.9641944628332482E-004   1.0000000000000000E-002   1.2000000000000000E-002   1.0018060709736503        0.0000000000000000        1.0018060709736503        1.0000000000000000        6.9400066739805622E-310
  0.27500925514036750        7.8202321446874294E-005  -3.9328479751699064E-004   1.0000000000000000E-002   1.2000000000000000E-002   1.0018098191105056        0.0000000000000000        1.0018098191105056        1.0000000000000000        6.9400066739805622E-310
  0.28500914483418160        7.7270262020554570E-005  -3.8859802451352010E-004   1.0000000000000000E-002   1.2000000000000000E-002   1.0018135301470541        0.0000000000000000        1.0018135301470541        1.0000000000000000        6.9400066739805622E-310
  0.29500899843753492        7.6033252978014156E-005  -3.8237760500958728E-004   1.0000000000000000E-002   1.2000000000000000E-002   1.0018171894365651        0.0000000000000000        1.0018171894365651        1.0000000000000000        6.9400066739805622E-310
  0.30500881652819434        7.4496176449152693E-005  -3.7464809529286214E-004   1.0000000000000000E-002   1.2000000000000000E-002   1.0018207825362304        0.0000000000000000        1.0018207825362304        1.0000000000000000        6.9400066739805622E-310
  0.31500859982407770        7.2665098808343245E-005  -3.6543998401761257E-004   1.0000000000000000E-002   1.2000000000000000E-002   1.0018242952641974        0.0000000000000000        1.0018242952641974        1.0000000000000000        6.9400066739805622E-310
  0.32500834918042198        7.0547246618131055E-005  -3.5478960896373479E-004   1.0000000000000000E-002   1.2000000000000000E-002   1.0018277137555009        0.0000000000000000        1.0018277137555009        1.0000000000000000        6.9400066739805622E-310
  0.33500806558640772        6.8150978208985497E-005  -3.4273900701364823E-004   1.0000000000000000E-002   1.2000000000000000E-002   1.0018310245169155        0.0000000000000000        1.0018310245169155        1.0000000000000000        6.9400066739805622E-310
  0.34500775016125396        6.5485750775261785E-005  -3.2933572256510502E-004   1.0000000000000000E-002   1.2000000000000000E-002   1.0018342144801720        0.0000000000000000        1.0018342144801720        1.0000000000000000        6.9400066739805622E-310
  0.35500740414980253        6.2562082766149120E-005  -3.1463265275544217E-004   1.0000000000000000E-002   1.2000000000000000E-002   1.0018372710535433        0.0000000000000000        1.0018372710535433        1.0000000000000000        6.9400066739805622E-310
  0.36500702891760467        5.9391512679663067E-005  -2.9868782331821109E-004   1.0000000000000000E-002   1.2000000000000000E-002   1.0018401821716347        0.0000000000000000        1.0018401821716347        1.0000000000000000        6.9400066739805622E-310
  0.37500662594553164        5.5986553366214893E-005  -2.8156415956548386E-004   1.0000000000000000E-002   1.2000000000000000E-002   1.0018429363430139        0.0000000000000000        1.0018429363430139        1.0000000000000000        6.9400066739805622E-310
  0.38500619682393061        5.2360642604683732E-005  -2.6332924355010334E-004   1.0000000000000000E-002   1.2000000000000000E-002   1.0018455226956207        0.0000000000000000        1.0018455226956207        1.0000000000000000        6.9400066739805622E-310
  0.39500574324634763        4.8528090234845800E-005  -2.4405503047209010E-004   1.0000000000000000E-002   1.2000000000000000E-002   1.0018479310196642        0.0000000000000000        1.0018479310196642        1.0000000000000000        6.9400066739805622E-310
  0.40500526700284550        4.4504021524178672E-005  -2.2381760113532323E-004   1.0000000000000000E-002   1.2000000000000000E-002   1.0018501518080085        0.0000000000000000        1.0018501518080085        1.0000000000000000        6.9400066739805622E-310
  0.41500476997293723        4.0304317646129559E-005  -2.0269681174678311E-004   1.0000000000000000E-002   1.2000000000000000E-002   1.0018521762937143        0.0000000000000000        1.0018521762937143        1.0000000000000000        6.9400066739805622E-310
  0.42500425411817061        3.5945552629008434E-005  -1.8077603273614073E-004   1.0000000000000000E-002   1.2000000000000000E-002   1.0018539964846778        0.0000000000000000        1.0018539964846778        1.0000000000000000        6.9400066739805622E-310
  0.43500372147438493        3.1444928537568394E-005  -1.5814177082162928E-004   1.0000000000000000E-002   1.2000000000000000E-002   1.0018556051952436        0.0000000000000000        1.0018556051952436        1.0000000000000000        6.9400066739805622E-310
  0.44500317414367768        2.6820207145194336E-005  -1.3488335655154060E-004   1.0000000000000000E-002   1.2000000000000000E-002   1.0018569960745203        0.0000000000000000        1.0018569960745203        1.0000000000000000        6.9400066739805622E-310
  0.45500261428610861        2.2089639829198837E-005  -1.1109259158104123E-004   1.0000000000000000E-002   1.2000000000000000E-002   1.0018581636315567        0.0000000000000000        1.0018581636315567        1.0000000000000000        6.9400066739805622E-310
  0.46500204411117413        1.7271895818679105E-005  -8.6863363519817938E-005   1.0000000000000000E-002   1.2000000000000000E-002   1.0018591032569952        0.0000000000000000        1.0018591032569952        1.0000000000000000        6.9400066739805622E-310
  0.47500146586908870        1.2385988362112938E-005  -6.2291303870587456E-005   1.0000000000000000E-002   1.2000000000000000E-002   1.0018598112412753        0.0000000000000000        1.0018598112412753        1.0000000000000000        6.9400066739805622E-310
  0.48500088184190382        7.4511996648240423E-006  -3.7473397193288349E-005   1.0000000000000000E-002   1.2000000000000000E-002   1.0018602847893587        0.0000000000000000        1.0018602847893587        1.0000000000000000        6.9400066739805622E-310
  0.49500029433450132        2.4870048849870492E-006  -1.2507585106291685E-005   1.0000000000000000E-002   1.2000000000000000E-002   1.0018605220317067        0.0000000000000000        1.0018605220317067        1.0000000000000000        6.9400066739805622E-310
  0.50499970566549846       -2.4870048338855011E-006   1.2507589395305274E-005   1.0000000000000000E-002   1.2000000000000000E-002   1.0018605220316872        0.0000000000000000        1.0018605220316872        1.0000000000000000        6.9400066739805622E-310
  0.51499911815809640       -7.4511997020678261E-006   3.7473393731168869E-005   1.0000000000000000E-002   1.2000000000000000E-002   1.0018602847893359        0.0000000000000000        1.0018602847893359        1.0000000000000000        6.9400066739805622E-310
  0.52499853413091158       -1.2385988409684465E-005   6.2291301155426027E-005   1.0000000000000000E-002   1.2000000000000000E-002   1.0018598112412809        0.0000000000000000        1.0018598112412809        1.0000000000000000        6.9400066739805622E-310
  0.53499795588882593       -1.7271895837024978E-005   8.6863366010270227E-005   1.0000000000000000E-002   1.2000000000000000E-002   1.0018591032570006        0.0000000000000000        1.0018591032570006        1.0000000000000000        6.9400066739805622E-310
  0.54499738571389156       -2.2089639797293685E-005   1.1109259011288231E-004   1.0000000000000000E-002   1.2000000000000000E-002   1.0018581636315578        0.0000000000000000        1.0018581636315578        1.0000000000000000        6.9400066739805622E-310
  0.55499682585632237       -2.6820207113802905E-005   1.3488335731803858E-004   1.0000000000000000E-002   1.2000000000000000E-002   1.0018569960745267        0.0000000000000000        1.0018569960745267        1.0000000000000000        6.9400066739805622E-310
  0.56499627852561507       -3.1444928551883332E-005   1.5814177226758375E-004   1.0000000000000000E-002   1.2000000000000000E-002   1.0018556051952361        0.0000000000000000        1.0018556051952361        1.0000000000000000        6.9400066739805622E-310
  0.57499574588182967       -3.5945552654540026E-005   1.8077602775079527E-004   1.0000000000000000E-002   1.2000000000000000E-002   1.0018539964846900        0.0000000000000000        1.0018539964846900        1.0000000000000000        6.9400066739805622E-310
  0.58499523002706244       -4.0304317591567322E-005   2.0269682373630360E-004   1.0000000000000000E-002   1.2000000000000000E-002   1.0018521762936934        0.0000000000000000        1.0018521762936934        1.0000000000000000        6.9400066739805622E-310
  0.59499473299715522       -4.4504021554252747E-005   2.2381759166734128E-004   1.0000000000000000E-002   1.2000000000000000E-002   1.0018501518079748        0.0000000000000000        1.0018501518079748        1.0000000000000000        6.9400066739805622E-310
  0.60499425675365281       -4.8528090247231617E-005   2.4405502941604595E-004   1.0000000000000000E-002   1.2000000000000000E-002   1.0018479310196808        0.0000000000000000        1.0018479310196808        1.0000000000000000        6.9400066739805622E-310
  0.61499380317606966       -5.2360642603736255E-005   2.6332924575989125E-004   1.0000000000000000E-002   1.2000000000000000E-002   1.0018455226956295        0.0000000000000000        1.0018455226956295        1.0000000000000000        6.9400066739805622E-310
  0.62499337405446864       -5.5986553329448567E-005   2.8156415914626365E-004   1.0000000000000000E-002   1.2000000000000000E-002   1.0018429363430159        0.0000000000000000        1.0018429363430159        1.0000000000000000        6.9400066739805622E-310
  0.63499297108239561       -5.9391512694419276E-005   2.9868782095565649E-004   1.0000000000000000E-002   1.2000000000000000E-002   1.0018401821716496        0.0000000000000000        1.0018401821716496        1.0000000000000000        6.9400066739805622E-310
  0.64499259585019741       -6.2562082802154525E-005   3.1463265684816832E-004   1.0000000000000000E-002   1.2000000000000000E-002   1.0018372710535506        0.0000000000000000        1.0018372710535506        1.0000000000000000        6.9400066739805622E-310
  0.65499224983874615       -6.5485750730776780E-005   3.2933572234927766E-004   1.0000000000000000E-002   1.2000000000000000E-002   1.0018342144801609        0.0000000000000000        1.0018342144801609        1.0000000000000000        6.9400066739805622E-310
  0.66499193441359250       -6.8150978230410375E-005   3.4273900411729841E-004   1.0000000000000000E-002   1.2000000000000000E-002   1.0018310245169200        0.0000000000000000        1.0018310245169200        1.0000000000000000        6.9400066739805622E-310
  0.67499165081957802       -7.0547246575715901E-005   3.5478961007484600E-004   1.0000000000000000E-002   1.2000000000000000E-002   1.0018277137555118        0.0000000000000000        1.0018277137555118        1.0000000000000000        6.9400066739805622E-310
  0.68499140017592230       -7.2665098829894094E-005   3.6543998324756188E-004   1.0000000000000000E-002   1.2000000000000000E-002   1.0018242952642076        0.0000000000000000        1.0018242952642076        1.0000000000000000        6.9400066739805622E-310
  0.69499118347180544       -7.4496176477209161E-005   3.7464809783926967E-004   1.0000000000000000E-002   1.2000000000000000E-002   1.0018207825362322        0.0000000000000000        1.0018207825362322        1.0000000000000000        6.9400066739805622E-310
  0.70499100156246508       -7.6033252968745827E-005   3.8237760032622248E-004   1.0000000000000000E-002   1.2000000000000000E-002   1.0018171894365757        0.0000000000000000        1.0018171894365757        1.0000000000000000        6.9400066739805622E-310
  0.71499085516581795       -7.7270262029184412E-005   3.8859802975022006E-004   1.0000000000000000E-002   1.2000000000000000E-002   1.0018135301470639        0.0000000000000000        1.0018135301470639        1.0000000000000000        6.9400066739805622E-310
  0.72499074485963222       -7.8202321465062422E-005   3.9328480124378729E-004   1.0000000000000000E-002   1.2000000000000000E-002   1.0018098191104736        0.0000000000000000        1.0018098191104736        1.0000000000000000        6.9400066739805622E-310
  0.73499067107924132       -7.8825752640933442E-005   3.9641944001456153E-004   1.0000000000000000E-002   1.2000000000000000E-002   1.0018060709736303        0.0000000000000000        1.0018060709736303        1.0000000000000000        6.9400066739805622E-310
  0.74499063411582855       -7.9138095001312820E-005   3.9798959083992003E-004   1.0000000000000000E-002   1.2000000000000000E-002   1.0018023005293364        0.0000000000000000        1.0018023005293364        1.0000000000000000        6.9400066739805622E-310
  0.75499063411527823       -7.9138115575917299E-005   3.9798905865673362E-004   1.0000000000000000E-002   1.2000000000000000E-002   1.0017985226580921        0.0000000000000000        1.0017985226580921        1.0000000000000000        6.9400066739805622E-310
  0.76499067107759966       -7.8825813997780562E-005   3.9641783978261458E-004   1.0000000000000000E-002   1.2000000000000000E-002   1.0017947522694577        0.0000000000000000        1.0017947522694577        1.0000000000000000        6.9400066739805622E-310
  0.77499074485692532       -7.8202422629343666E-005   3.9328215612322026E-004   1.0000000000000000E-002   1.2000000000000000E-002   1.0017910042431128        0.0000000000000000        1.0017910042431128        1.0000000000000000        6.9400066739805622E-310
  0.78499085516208877       -7.7270401405053128E-005   3.8859437323335300E-004   1.0000000000000000E-002   1.2000000000000000E-002   1.0017872933701715        0.0000000000000000        1.0017872933701715        1.0000000000000000        6.9400066739805622E-310
  0.79499100155777092       -7.6033428333966856E-005   3.8237302197785539E-004   1.0000000000000000E-002   1.2000000000000000E-002   1.0017836342947659        0.0000000000000000        1.0017836342947659        1.0000000000000000        6.9400066739805622E-310
  0.80499118346622156       -7.4496385170464913E-005   3.7464263834863232E-004   1.0000000000000000E-002   1.2000000000000000E-002   1.0017800414562956        0.0000000000000000        1.0017800414562956        1.0000000000000000        6.9400066739805622E-310
  0.81499140016953620       -7.2665337436869255E-005   3.6543374320263666E-004   1.0000000000000000E-002   1.2000000000000000E-002   1.0017765290325502        0.0000000000000000        1.0017765290325502        1.0000000000000000        6.9400066739805622E-310
  0.82499165081249048       -7.0547511436872996E-005   3.5478268757938025E-004   1.0000000000000000E-002   1.2000000000000000E-002   1.0017731108836478        0.0000000000000000        1.0017731108836478        1.0000000000000000        6.9400066739805622E-310
  0.83499193440591557       -6.8151265115119533E-005   3.4273150335728531E-004   1.0000000000000000E-002   1.2000000000000000E-002   1.0017698004974451        0.0000000000000000        1.0017698004974451        1.0000000000000000        6.9400066739805622E-310
  0.84499224983060095       -6.5486055137100943E-005   3.2932776128280494E-004   1.0000000000000000E-002   1.2000000000000000E-002   1.0017666109363168        0.0000000000000000        1.0017666109363168        1.0000000000000000        6.9400066739805622E-310
  0.85499259584171217       -6.2562399839606738E-005   3.1462436500895308E-004   1.0000000000000000E-002   1.2000000000000000E-002   1.0017635547855885        0.0000000000000000        1.0017635547855885        1.0000000000000000        6.9400066739805622E-310
  0.86499297107370410       -5.9391837489871602E-005   2.9867932940863540E-004   1.0000000000000000E-002   1.2000000000000000E-002   1.0017606441040172        0.0000000000000000        1.0017606441040172        1.0000000000000000        6.9400066739805622E-310
  0.87499337404570798       -5.5986880710694967E-005   2.8155560226217347E-004   1.0000000000000000E-002   1.2000000000000000E-002   1.0017578903761555        0.0000000000000000        1.0017578903761555        1.0000000000000000        6.9400066739805622E-310
  0.88499380316737841       -5.2360967339589399E-005   2.6332074755952561E-004   1.0000000000000000E-002   1.2000000000000000E-002   1.0017553044670724        0.0000000000000000        1.0017553044670724        1.0000000000000000        6.9400066739805622E-310
  0.89499425674516753       -4.8528407348033763E-005   2.4404673565125989E-004   1.0000000000000000E-002   1.2000000000000000E-002   1.0017528965795914        0.0000000000000000        1.0017528965795914        1.0000000000000000        6.9400066739805622E-310
  0.90499473298900912       -4.4504325915384320E-005   2.2380964927393165E-004   1.0000000000000000E-002   1.2000000000000000E-002   1.0017506762138806        0.0000000000000000        1.0017506762138806        1.0000000000000000        6.9400066739805622E-310
  0.91499523001938621       -4.0304604514019042E-005   2.0268930776534688E-004   1.0000000000000000E-002   1.2000000000000000E-002   1.0017486521302592        0.0000000000000000        1.0017486521302592        1.0000000000000000        6.9400066739805622E-310
  0.92499574587474231       -3.5945817474699446E-005   1.8076910446040984E-004   1.0000000000000000E-002   1.2000000000000000E-002   1.0017468323145429        0.0000000000000000        1.0017468323145429        1.0000000000000000        6.9400066739805622E-310
  0.93499627851922895       -3.1445167160770599E-005   1.5813553407806324E-004   1.0000000000000000E-002   1.2000000000000000E-002   1.0017452239463898        0.0000000000000000        1.0017452239463898        1.0000000000000000        6.9400066739805622E-310
  0.94499682585073830       -2.6820415804646730E-005   1.3487789940391792E-004   1.0000000000000000E-002   1.2000000000000000E-002   1.0017438333713149        0.0000000000000000        1.0017438333713149        1.0000000000000000        6.9400066739805622E-310
  0.95499738570919734       -2.2089815202328132E-005   1.1108800666281837E-004   1.0000000000000000E-002   1.2000000000000000E-002   1.0017426660754867        0.0000000000000000        1.0017426660754867        1.0000000000000000        6.9400066739805622E-310
  0.96499795588509607       -1.7272035219943061E-005   8.6859718190446245E-005   1.0000000000000000E-002   1.2000000000000000E-002   1.0017417266641340        0.0000000000000000        1.0017417266641340        1.0000000000000000        6.9400066739805622E-310
  0.97499853412820447       -1.2386089576149561E-005   6.2288655826137074E-005   1.0000000000000000E-002   1.2000000000000000E-002   1.0017410188434639        0.0000000000000000        1.0017410188434639        1.0000000000000000        6.9400066739805622E-310
  0.98499911815645480       -7.4512610363229049E-006   3.7471790610865696E-005   1.0000000000000000E-002   1.2000000000000000E-002   1.0017405454059218        0.0000000000000000        1.0017405454059218        1.0000000000000000        6.9400066739805622E-310
  0.99499970566494833       -2.4870253947814579E-006   1.2507052304044919E-005   1.0000000000000000E-002   1.2000000000000000E-002   1.0017403082192642        0.0000000000000000        1.0017403082192642        1.0000000000000000        6.9400066739805622E-310
   1.0050002943350513        2.4870218119237077E-006  -1.2251890802339460E-005   1.0000000000000000E-002   1.2000000000000000E-002   1.0017403082192431        0.0000000000000000        1.0017403082192431        1.0000000000000000        6.9400066739805622E-310
   1.0150008818435454        7.4512502380613703E-006  -3.6707323455509311E-005   1.0000000000000000E-002   1.2000000000000000E-002   1.0017405454058923        0.0000000000000000        1.0017405454058923        1.0000000000000000        6.9400066739805622E-310
   1.0250014658717959        1.2386071619139787E-005  -6.1017896864967724E-005   1.0000000000000000E-002   1.2000000000000000E-002   1.0017410188434646        0.0000000000000000        1.0017410188434646        1.0000000000000000        6.9400066739805622E-310
   1.0350020441149042        1.7272010225922278E-005  -8.5087675882000724E-005   1.0000000000000000E-002   1.2000000000000000E-002   1.0017417266641599        0.0000000000000000        1.0017417266641599        1.0000000000000000        6.9400066739805622E-310
   1.0450026142908024        2.2089783265029501E-005  -1.0882167346970562E-004   1.0000000000000000E-002   1.2000000000000000E-002   1.0017426660754976        0.0000000000000000        1.0017426660754976        1.0000000000000000        6.9400066739805622E-310
  -5.0002943350516693E-003  -2.4873315830252837E-006  -3.5767633061438002E+077   1.0000000000000000E-002   1.2000000000000000E-002   1.0017403082192642        0.0000000000000000        1.0017403082192642        1.0000000000000000        6.9400066739805622E-310
  -1.5000881843545200E-002  -7.4521783984526317E-006   0.0000000000000000        1.0000000000000000E-002   1.2000000000000000E-002   1.0017405454059218        0.0000000000000000        1.0017405454059218        1.0000000000000000        6.9400066739805622E-310
  -2.5001465871795525E-002  -1.2387614495261079E-005  -3.5767633061438002E+077   1.0000000000000000E-002   1.2000000000000000E-002   1.0017410188434639        0.0000000000000000        1.0017410188434639        1.0000000000000000        6.9400066739805622E-310
  -3.5002044114903930E-002  -1.7274161670578903E-005   6.9400068546417920E-310   1.0000000000000000E-002   1.2000000000000000E-002   1.0017417266641340        0.0000000000000000        1.0017417266641340        1.0000000000000000        6.9400066739805622E-310
  -4.5002614290802656E-002  -2.2092534796038896E-005   6.9400066883177543E-310   1.0000000000000000E-002   1.2000000000000000E-002   1.0017426660754867        0.0000000000000000        1.0017426660754867        1.0000000000000000        6.9400066739805622E-310
