 # x, v, a, m, h, rho, u, P, c, ke
   3.3000000000000731     
   5.0002222223602911E-003  -2.7876838530349416E-006  -9.4485837376367954E-006   1.0000000000000000E-002   1.2000000000000000E-002   1.0017550330106664        0.0000000000000000        1.0017550330106664        1.0000000000000000        6.9400066739805622E-310
   1.5000665789534393E-002  -8.3520455396684538E-006  -2.8308353337003211E-005   1.0000000000000000E-002   1.2000000000000000E-002   1.0017552121993478        0.0000000000000000        1.0017552121993478        1.0000000000000000        6.9400066739805622E-310
   2.5001106727548208E-002  -1.3883431002684410E-005  -4.7056095016095867E-005   1.0000000000000000E-002   1.2000000000000000E-002   1.0017555698677312        0.0000000000000000        1.0017555698677312        1.0000000000000000        6.9400066739805622E-310
   3.5001543295193109E-002  -1.9360000510189663E-005  -6.5617747836199669E-005   1.0000000000000000E-002   1.2000000000000000E-002   1.0017561046013019        0.0000000000000000        1.0017561046013019        1.0000000000000000        6.9400066739805622E-310
   4.5001973768542036E-002  -2.4760132362718584E-005  -8.3919822865929916E-005   1.0000000000000000E-002   1.2000000000000000E-002   1.0017568142854489        0.0000000000000000        1.0017568142854489        1.0000000000000000        6.9400066739805622E-310
   5.5002396447779552E-002  -3.0062505553511856E-005  -1.0188996033555497E-004   1.0000000000000000E-002   1.2000000000000000E-002   1.0017576961135004        0.0000000000000000        1.0017576961135004        1.0000000000000000        6.9400066739805622E-310
   6.5002809663920150E-002  -3.5246185933607358E-005  -1.1945708550431533E-004   1.0000000000000000E-002   1.2000000000000000E-002   1.0017587465982363        0.0000000000000000        1.0017587465982363        1.0000000000000000        6.9400066739805622E-310
   7.5003211785409765E-002  -4.0290709823658228E-005  -1.3655169960458124E-004   1.0000000000000000E-002   1.2000000000000000E-002   1.0017599615853876        0.0000000000000000        1.0017599615853876        1.0000000000000000        6.9400066739805622E-310
   8.5003601224582712E-002  -4.5176161847247067E-005  -1.5310630791010027E-004   1.0000000000000000E-002   1.2000000000000000E-002   1.0017613362706130        0.0000000000000000        1.0017613362706130        1.0000000000000000        6.9400066739805622E-310
   9.5003976443928315E-002  -4.9883256115403980E-005  -1.6905545317857928E-004   1.0000000000000000E-002   1.2000000000000000E-002   1.0017628652187069        0.0000000000000000        1.0017628652187069        1.0000000000000000        6.9400066739805622E-310
  0.10500433596217024       -5.4393411757444139E-005  -1.8433603782774810E-004   1.0000000000000000E-002   1.2000000000000000E-002   1.0017645423843848        0.0000000000000000        1.0017645423843848        1.0000000000000000        6.9400066739805622E-310
  0.11500467836013099       -5.8688826795281915E-005  -1.9888784256050229E-004   1.0000000000000000E-002   1.2000000000000000E-002   1.0017663611371799        0.0000000000000000        1.0017663611371799        1.0000000000000000        6.9400066739805622E-310
  0.12500500228631811       -6.2752546730835611E-005  -2.1265329169573022E-004   1.0000000000000000E-002   1.2000000000000000E-002   1.0017683142875917        0.0000000000000000        1.0017683142875917        1.0000000000000000        6.9400066739805622E-310
  0.13500530646227796       -6.6568533369066907E-005  -2.2557809160161924E-004   1.0000000000000000E-002   1.2000000000000000E-002   1.0017703941151674        0.0000000000000000        1.0017703941151674        1.0000000000000000        6.9400066739805622E-310
  0.14500558968763447       -7.0121728014965168E-005  -2.3761125113352932E-004   1.0000000000000000E-002   1.2000000000000000E-002   1.0017725923997991        0.0000000000000000        1.0017725923997991        1.0000000000000000        6.9400066739805622E-310
  0.15500585084482543       -7.3398108960452847E-005  -2.4870527772957729E-004   1.0000000000000000E-002   1.2000000000000000E-002   1.0017749004538898        0.0000000000000000        1.0017749004538898        1.0000000000000000        6.9400066739805622E-310
  0.16500608890351506       -7.6384749305368247E-005  -2.5881650427717062E-004   1.0000000000000000E-002   1.2000000000000000E-002   1.0017773091571400        0.0000000000000000        1.0017773091571400        1.0000000000000000        6.9400066739805622E-310
  0.17500630292464658       -7.9069865950056424E-005  -2.6790505473339721E-004   1.0000000000000000E-002   1.2000000000000000E-002   1.0017798089926688        0.0000000000000000        1.0017798089926688        1.0000000000000000        6.9400066739805622E-310
  0.18500649206414754       -8.1442867576817459E-005  -2.7593515222257281E-004   1.0000000000000000E-002   1.2000000000000000E-002   1.0017823900844156        0.0000000000000000        1.0017823900844156        1.0000000000000000        6.9400066739805622E-310
  0.19500665557625196       -8.3494395049738159E-005  -2.8287525237136180E-004   1.0000000000000000E-002   1.2000000000000000E-002   1.0017850422367012        0.0000000000000000        1.0017850422367012        1.0000000000000000        6.9400066739805622E-310
  0.20500679281642825       -8.5216358846159675E-005  -2.8869805999676146E-004   1.0000000000000000E-002   1.2000000000000000E-002   1.0017877549744147        0.0000000000000000        1.0017877549744147        1.0000000000000000        6.9400066739805622E-310
  0.21500690324391628       -8.6601971410596581E-005  -2.9338077114893224E-004   1.0000000000000000E-002   1.2000000000000000E-002   1.0017905175845221        0.0000000000000000        1.0017905175845221        1.0000000000000000        6.9400066739805622E-310
  0.22500698642384176       -8.7645772574886869E-005  -2.9690501250811963E-004   1.0000000000000000E-002   1.2000000000000000E-002   1.0017933191583774        0.0000000000000000        1.0017933191583774        1.0000000000000000        6.9400066739805622E-310
  0.23500704202892581       -8.8343652306907089E-005  -2.9925711536016308E-004   1.0000000000000000E-002   1.2000000000000000E-002   1.0017961486350422        0.0000000000000000        1.0017961486350422        1.0000000000000000        6.9400066739805622E-310
  0.24500706984075074       -8.8692865479277652E-005  -3.0042792264239893E-004   1.0000000000000000E-002   1.2000000000000000E-002   1.0017989948450807        0.0000000000000000        1.0017989948450807        1.0000000000000000        6.9400066739805622E-310
  0.25500706975061088       -8.8692043793206905E-005  -3.0041292540339271E-004   1.0000000000000000E-002   1.2000000000000000E-002   1.0018018465539766        0.0000000000000000        1.0018018465539766        1.0000000000000000        6.9400066739805622E-310
  0.26500704175993317       -8.8341200119128462E-005  -2.9921248438657955E-004   1.0000000000000000E-002   1.2000000000000000E-002   1.0018046925073114        0.0000000000000000        1.0018046925073114        1.0000000000000000        6.9400066739805622E-310
  0.27500698598023965       -8.7641728649896113E-005  -2.9683147118397812E-004   1.0000000000000000E-002   1.2000000000000000E-002   1.0018075214753068        0.0000000000000000        1.0018075214753068        1.0000000000000000        6.9400066739805622E-310
  0.28500690263269546       -8.6596399433327176E-005  -2.9327936572531854E-004   1.0000000000000000E-002   1.2000000000000000E-002   1.0018103222960668        0.0000000000000000        1.0018103222960668        1.0000000000000000        6.9400066739805622E-310
  0.29500679204723113       -8.5209346685375818E-005  -2.8857046737673642E-004   1.0000000000000000E-002   1.2000000000000000E-002   1.0018130839204136        0.0000000000000000        1.0018130839204136        1.0000000000000000        6.9400066739805622E-310
  0.30500665466120797       -8.3486053026796678E-005  -2.8272344538127214E-004   1.0000000000000000E-002   1.2000000000000000E-002   1.0018157954554021        0.0000000000000000        1.0018157954554021        1.0000000000000000        6.9400066739805622E-310
  0.31500649101769101       -8.1433327942007362E-005  -2.7576160559039664E-004   1.0000000000000000E-002   1.2000000000000000E-002   1.0018184462071471        0.0000000000000000        1.0018184462071471        1.0000000000000000        6.9400066739805622E-310
  0.32500630176327588       -7.9059278744478078E-005  -2.6771239633749389E-004   1.0000000000000000E-002   1.2000000000000000E-002   1.0018210257225146        0.0000000000000000        1.0018210257225146        1.0000000000000000        6.9400066739805622E-310
  0.33500608764554796       -7.6373281318900380E-005  -2.5860782935982485E-004   1.0000000000000000E-002   1.2000000000000000E-002   1.0018235238304196        0.0000000000000000        1.0018235238304196        1.0000000000000000        6.9400066739805622E-310
  0.34500584951010133       -7.3385941452940118E-005  -2.4848388419762557E-004   1.0000000000000000E-002   1.2000000000000000E-002   1.0018259306823820        0.0000000000000000        1.0018259306823820        1.0000000000000000        6.9400066739805622E-310
  0.35500558829720169       -7.0109052495727372E-005  -2.3738059898192887E-004   1.0000000000000000E-002   1.2000000000000000E-002   1.0018282367905589        0.0000000000000000        1.0018282367905589        1.0000000000000000        6.9400066739805622E-310
  0.36500530503806633       -6.6555549972132182E-005  -2.2534186780465149E-004   1.0000000000000000E-002   1.2000000000000000E-002   1.0018304330654433        0.0000000000000000        1.0018304330654433        1.0000000000000000        6.9400066739805622E-310
  0.37500500085078570       -6.2739460084814712E-005  -2.1241516143266637E-004   1.0000000000000000E-002   1.2000000000000000E-002   1.0018325108510968        0.0000000000000000        1.0018325108510968        1.0000000000000000        6.9400066739805622E-310
  0.38500467693591794       -5.8675843301737533E-005  -1.9865158707332853E-004   1.0000000000000000E-002   1.2000000000000000E-002   1.0018344619594177        0.0000000000000000        1.0018344619594177        1.0000000000000000        6.9400066739805622E-310
  0.39500433457173911       -5.4380736191480984E-005  -1.8410543331448537E-004   1.0000000000000000E-002   1.2000000000000000E-002   1.0018362787025488        0.0000000000000000        1.0018362787025488        1.0000000000000000        6.9400066739805622E-310
  0.40500397510920227       -4.9871088402551939E-005  -1.6883402426604022E-004   1.0000000000000000E-002   1.2000000000000000E-002   1.0018379539223763        0.0000000000000000        1.0018379539223763        1.0000000000000000        6.9400066739805622E-310
  0.41500359996661507       -4.5164693985242133E-005  -1.5289763433123937E-004   1.0000000000000000E-002   1.2000000000000000E-002   1.0018394810190052        0.0000000000000000        1.0018394810190052        1.0000000000000000        6.9400066739805622E-310
  0.42500321062403951       -4.0280122582202453E-005  -1.3635906611586535E-004   1.0000000000000000E-002   1.2000000000000000E-002   1.0018408539767463        0.0000000000000000        1.0018408539767463        1.0000000000000000        6.9400066739805622E-310
  0.43500280861746166       -3.5236646454625832E-005  -1.1928349694212415E-004   1.0000000000000000E-002   1.2000000000000000E-002   1.0018420673874291        0.0000000000000000        1.0018420673874291        1.0000000000000000        6.9400066739805622E-310
  0.44500239553273668       -3.0054163538670880E-005  -1.0173816301595195E-004   1.0000000000000000E-002   1.2000000000000000E-002   1.0018431164714861        0.0000000000000000        1.0018431164714861        1.0000000000000000        6.9400066739805622E-310
  0.45500197299934675       -2.4753120223637000E-005  -8.3792233658286364E-005   1.0000000000000000E-002   1.2000000000000000E-002   1.0018439970968707        0.0000000000000000        1.0018439970968707        1.0000000000000000        6.9400066739805622E-310
  0.46500154268397603       -1.9354428577744591E-005  -6.5516388030317785E-005   1.0000000000000000E-002   1.2000000000000000E-002   1.0018447057954747        0.0000000000000000        1.0018447057954747        1.0000000000000000        6.9400066739805622E-310
  0.47500110628394576       -1.3879386844897121E-005  -4.6982519145366552E-005   1.0000000000000000E-002   1.2000000000000000E-002   1.0018452397760127        0.0000000000000000        1.0018452397760127        1.0000000000000000        6.9400066739805622E-310
  0.48500066552054194       -8.3495933187695669E-006  -2.8263726500554753E-005   1.0000000000000000E-002   1.2000000000000000E-002   1.0018455969355666        0.0000000000000000        1.0018455969355666        1.0000000000000000        6.9400066739805622E-310
  0.49500022213222078       -2.7868623723605305E-006  -9.4336176008624761E-006   1.0000000000000000E-002   1.2000000000000000E-002   1.0018457758677257        0.0000000000000000        1.0018457758677257        1.0000000000000000        6.9400066739805622E-310
  0.50499977786777805        2.7868621913970443E-006   9.4336371745384895E-006   1.0000000000000000E-002   1.2000000000000000E-002   1.0018457758676320        0.0000000000000000        1.0018457758676320        1.0000000000000000        6.9400066739805622E-310
  0.51499933447945911        8.3495933749667132E-006   2.8263703577557919E-005   1.0000000000000000E-002   1.2000000000000000E-002   1.0018455969354925        0.0000000000000000        1.0018455969354925        1.0000000000000000        6.9400066739805622E-310
  0.52499889371605457        1.3879387047466831E-005   4.6982531896055946E-005   1.0000000000000000E-002   1.2000000000000000E-002   1.0018452397759907        0.0000000000000000        1.0018452397759907        1.0000000000000000        6.9400066739805622E-310
  0.53499845731602513        1.9354428533871445E-005   6.5516395934217542E-005   1.0000000000000000E-002   1.2000000000000000E-002   1.0018447057953455        0.0000000000000000        1.0018447057953455        1.0000000000000000        6.9400066739805622E-310
  0.54499802700065658        2.4753119956751846E-005   8.3792198828369635E-005   1.0000000000000000E-002   1.2000000000000000E-002   1.0018439970968762        0.0000000000000000        1.0018439970968762        1.0000000000000000        6.9400066739805622E-310
  0.55499760446726421        3.0054163866557968E-005   1.0173818530567758E-004   1.0000000000000000E-002   1.2000000000000000E-002   1.0018431164715469        0.0000000000000000        1.0018431164715469        1.0000000000000000        6.9400066739805622E-310
  0.56499719138254034        3.5236646458881488E-005   1.1928347683376472E-004   1.0000000000000000E-002   1.2000000000000000E-002   1.0018420673874697        0.0000000000000000        1.0018420673874697        1.0000000000000000        6.9400066739805622E-310
  0.57499678937596088        4.0280122544942619E-005   1.3635906451803237E-004   1.0000000000000000E-002   1.2000000000000000E-002   1.0018408539769021        0.0000000000000000        1.0018408539769021        1.0000000000000000        6.9400066739805622E-310
  0.58499640003338338        4.5164693881189814E-005   1.5289766577719632E-004   1.0000000000000000E-002   1.2000000000000000E-002   1.0018394810190132        0.0000000000000000        1.0018394810190132        1.0000000000000000        6.9400066739805622E-310
  0.59499602489079817        4.9871088303731932E-005   1.6883400362033285E-004   1.0000000000000000E-002   1.2000000000000000E-002   1.0018379539223394        0.0000000000000000        1.0018379539223394        1.0000000000000000        6.9400066739805622E-310
  0.60499566542826022        5.4380736483914982E-005   1.8410544397973183E-004   1.0000000000000000E-002   1.2000000000000000E-002   1.0018362787025619        0.0000000000000000        1.0018362787025619        1.0000000000000000        6.9400066739805622E-310
  0.61499532306408200        5.8675843145347353E-005   1.9865158940035599E-004   1.0000000000000000E-002   1.2000000000000000E-002   1.0018344619593611        0.0000000000000000        1.0018344619593611        1.0000000000000000        6.9400066739805622E-310
  0.62499499914921497        6.2739460001377454E-005   2.1241515060665961E-004   1.0000000000000000E-002   1.2000000000000000E-002   1.0018325108510886        0.0000000000000000        1.0018325108510886        1.0000000000000000        6.9400066739805622E-310
  0.63499469496193373        6.6555550224667222E-005   2.2534187017431151E-004   1.0000000000000000E-002   1.2000000000000000E-002   1.0018304330654650        0.0000000000000000        1.0018304330654650        1.0000000000000000        6.9400066739805622E-310
  0.64499441170279859        7.0109052535675994E-005   2.3738058975197873E-004   1.0000000000000000E-002   1.2000000000000000E-002   1.0018282367906173        0.0000000000000000        1.0018282367906173        1.0000000000000000        6.9400066739805622E-310
  0.65499415048989740        7.3385941273701320E-005   2.4848390687637334E-004   1.0000000000000000E-002   1.2000000000000000E-002   1.0018259306823722        0.0000000000000000        1.0018259306823722        1.0000000000000000        6.9400066739805622E-310
  0.66499391235445260        7.6373281393434292E-005   2.5860781797160115E-004   1.0000000000000000E-002   1.2000000000000000E-002   1.0018235238303741        0.0000000000000000        1.0018235238303741        1.0000000000000000        6.9400066739805622E-310
  0.67499369823672362        7.9059278658668368E-005   2.6771242074818957E-004   1.0000000000000000E-002   1.2000000000000000E-002   1.0018210257223965        0.0000000000000000        1.0018210257223965        1.0000000000000000        6.9400066739805622E-310
  0.68499350898231237        8.1433327911740354E-005   2.7576153544828230E-004   1.0000000000000000E-002   1.2000000000000000E-002   1.0018184462072379        0.0000000000000000        1.0018184462072379        1.0000000000000000        6.9400066739805622E-310
  0.69499334533878954        8.3486053132152357E-005   2.8272350040836614E-004   1.0000000000000000E-002   1.2000000000000000E-002   1.0018157954555662        0.0000000000000000        1.0018157954555662        1.0000000000000000        6.9400066739805622E-310
  0.70499320795276843        8.5209346790654180E-005   2.8857047062214036E-004   1.0000000000000000E-002   1.2000000000000000E-002   1.0018130839203059        0.0000000000000000        1.0018130839203059        1.0000000000000000        6.9400066739805622E-310
  0.71499309736730465        8.6596399287390934E-005   2.9327936692080669E-004   1.0000000000000000E-002   1.2000000000000000E-002   1.0018103222959529        0.0000000000000000        1.0018103222959529        1.0000000000000000        6.9400066739805622E-310
  0.72499301401976235        8.7641728517841522E-005   2.9683143563108416E-004   1.0000000000000000E-002   1.2000000000000000E-002   1.0018075214753326        0.0000000000000000        1.0018075214753326        1.0000000000000000        6.9400066739805622E-310
  0.73499295824006639        8.8341200233526740E-005   2.9921250056386128E-004   1.0000000000000000E-002   1.2000000000000000E-002   1.0018046925074331        0.0000000000000000        1.0018046925074331        1.0000000000000000        6.9400066739805622E-310
  0.74499293024938817        8.8692043664796724E-005   3.0041295685023783E-004   1.0000000000000000E-002   1.2000000000000000E-002   1.0018018465538816        0.0000000000000000        1.0018018465538816        1.0000000000000000        6.9400066739805622E-310
  0.75499293015925095        8.8692865669225861E-005   3.0042790442408318E-004   1.0000000000000000E-002   1.2000000000000000E-002   1.0017989948449268        0.0000000000000000        1.0017989948449268        1.0000000000000000        6.9400066739805622E-310
  0.76499295797107680        8.8343652241563457E-005   2.9925707824940417E-004   1.0000000000000000E-002   1.2000000000000000E-002   1.0017961486351403        0.0000000000000000        1.0017961486351403        1.0000000000000000        6.9400066739805622E-310
  0.77499301357615769        8.7645772780771752E-005   2.9690503225143772E-004   1.0000000000000000E-002   1.2000000000000000E-002   1.0017933191585466        0.0000000000000000        1.0017933191585466        1.0000000000000000        6.9400066739805622E-310
  0.78499309675608264        8.6601971176287793E-005   2.9338078842577886E-004   1.0000000000000000E-002   1.2000000000000000E-002   1.0017905175845279        0.0000000000000000        1.0017905175845279        1.0000000000000000        6.9400066739805622E-310
  0.79499320718357114        8.5216358921386121E-005   2.8869807414810822E-004   1.0000000000000000E-002   1.2000000000000000E-002   1.0017877549742840        0.0000000000000000        1.0017877549742840        1.0000000000000000        6.9400066739805622E-310
  0.80499334442374981        8.3494394857739100E-005   2.8287522665504383E-004   1.0000000000000000E-002   1.2000000000000000E-002   1.0017850422366175        0.0000000000000000        1.0017850422366175        1.0000000000000000        6.9400066739805622E-310
  0.81499350793585368        8.1442867729990005E-005   2.7593514322710178E-004   1.0000000000000000E-002   1.2000000000000000E-002   1.0017823900844909        0.0000000000000000        1.0017823900844909        1.0000000000000000        6.9400066739805622E-310
  0.82499369707535342        7.9069865926383588E-005   2.6790506521301438E-004   1.0000000000000000E-002   1.2000000000000000E-002   1.0017798089927361        0.0000000000000000        1.0017798089927361        1.0000000000000000        6.9400066739805622E-310
  0.83499391109648480        7.6384749273048302E-005   2.5881650218551044E-004   1.0000000000000000E-002   1.2000000000000000E-002   1.0017773091571682        0.0000000000000000        1.0017773091571682        1.0000000000000000        6.9400066739805622E-310
  0.84499414915517423        7.3398109051388055E-005   2.4870526451792330E-004   1.0000000000000000E-002   1.2000000000000000E-002   1.0017749004539898        0.0000000000000000        1.0017749004539898        1.0000000000000000        6.9400066739805622E-310
  0.85499441031236323        7.0121728095241367E-005   2.3761127589416731E-004   1.0000000000000000E-002   1.2000000000000000E-002   1.0017725923998495        0.0000000000000000        1.0017725923998495        1.0000000000000000        6.9400066739805622E-310
  0.86499469353772052        6.6568533457763915E-005   2.2557809851164734E-004   1.0000000000000000E-002   1.2000000000000000E-002   1.0017703941150646        0.0000000000000000        1.0017703941150646        1.0000000000000000        6.9400066739805622E-310
  0.87499499771368205        6.2752546663525114E-005   2.1265326620678593E-004   1.0000000000000000E-002   1.2000000000000000E-002   1.0017683142875815        0.0000000000000000        1.0017683142875815        1.0000000000000000        6.9400066739805622E-310
  0.88499532163986749        5.8688826745323966E-005   1.9888786668964542E-004   1.0000000000000000E-002   1.2000000000000000E-002   1.0017663611371714        0.0000000000000000        1.0017663611371714        1.0000000000000000        6.9400066739805622E-310
  0.89499566403782993        5.4393411803235926E-005   1.8433603315859415E-004   1.0000000000000000E-002   1.2000000000000000E-002   1.0017645423842871        0.0000000000000000        1.0017645423842871        1.0000000000000000        6.9400066739805622E-310
  0.90499602355607234        4.9883255957772314E-005   1.6905544665757333E-004   1.0000000000000000E-002   1.2000000000000000E-002   1.0017628652186623        0.0000000000000000        1.0017628652186623        1.0000000000000000        6.9400066739805622E-310
  0.91499639877541838        4.5176161629944491E-005   1.5310629350029359E-004   1.0000000000000000E-002   1.2000000000000000E-002   1.0017613362706606        0.0000000000000000        1.0017613362706606        1.0000000000000000        6.9400066739805622E-310
  0.92499678821458975        4.0290709893757773E-005   1.3655172141113781E-004   1.0000000000000000E-002   1.2000000000000000E-002   1.0017599615854078        0.0000000000000000        1.0017599615854078        1.0000000000000000        6.9400066739805622E-310
  0.93499719033608042        3.5246186323499206E-005   1.1945708181837489E-004   1.0000000000000000E-002   1.2000000000000000E-002   1.0017587465981679        0.0000000000000000        1.0017587465981679        1.0000000000000000        6.9400066739805622E-310
  0.94499760355222173        3.0062505375726806E-005   1.0188993515836131E-004   1.0000000000000000E-002   1.2000000000000000E-002   1.0017576961135726        0.0000000000000000        1.0017576961135726        1.0000000000000000        6.9400066739805622E-310
  0.95499802623145691        2.4760132171348556E-005   8.3919838068879926E-005   1.0000000000000000E-002   1.2000000000000000E-002   1.0017568142855546        0.0000000000000000        1.0017568142855546        1.0000000000000000        6.9400066739805622E-310
  0.96499845670480600        1.9360000616149585E-005   6.5617743654655669E-005   1.0000000000000000E-002   1.2000000000000000E-002   1.0017561046013592        0.0000000000000000        1.0017561046013592        1.0000000000000000        6.9400066739805622E-310
  0.97499889327244949        1.3883430877319105E-005   4.7056130183520395E-005   1.0000000000000000E-002   1.2000000000000000E-002   1.0017555698676548        0.0000000000000000        1.0017555698676548        1.0000000000000000        6.9400066739805622E-310
  0.98499933421046615        8.3520456611072473E-006   2.8308349700800761E-005   1.0000000000000000E-002   1.2000000000000000E-002   1.0017552121991242        0.0000000000000000        1.0017552121991242        1.0000000000000000        6.9400066739805622E-310
  0.99499977777764226        2.7876838622840674E-006   9.4485595809601364E-006   1.0000000000000000E-002   1.2000000000000000E-002   1.0017550330105733        0.0000000000000000        1.0017550330105733        1.0000000000000000        6.9400066739805622E-310
   1.0050002222223602       -2.7876867165395749E-006  -9.7318292038295340E-006   1.0000000000000000E-002   1.2000000000000000E-002   1.0017550330106664        0.0000000000000000        1.0017550330106664        1.0000000000000000        6.9400066739805622E-310
   1.0150006657895343       -8.3520541261887476E-006  -2.9157000480672934E-005   1.0000000000000000E-002   1.2000000000000000E-002   1.0017552121993478        0.0000000000000000        1.0017552121993478        1.0000000000000000        6.9400066739805622E-310
   1.0250011067275482       -1.3883445271046902E-005  -4.8466791469081727E-005   1.0000000000000000E-002   1.2000000000000000E-002   1.0017555698677312        0.0000000000000000        1.0017555698677312        1.0000000000000000        6.9400066739805622E-310
   1.0350015432951931       -1.9360020407167595E-005  -6.7584888752136862E-005   1.0000000000000000E-002   1.2000000000000000E-002   1.0017561046013019        0.0000000000000000        1.0017561046013019        1.0000000000000000        6.9400066739805622E-310
   1.0450019737685421       -2.4760157809912805E-005  -8.6435662120187828E-005   1.0000000000000000E-002   1.2000000000000000E-002   1.0017568142854489        0.0000000000000000        1.0017568142854489        1.0000000000000000        6.9400066739805622E-310
  -5.0002222223577419E-003   2.7880237587502402E-006  -3.5767633061438002E+077   1.0000000000000000E-002   1.2000000000000000E-002   1.0017550330105733        0.0000000000000000        1.0017550330105733        1.0000000000000000        6.9400066739805622E-310
  -1.5000665789533851E-002   8.3530640447438662E-006   0.0000000000000000        1.0000000000000000E-002   1.2000000000000000E-002   1.0017552121991242        0.0000000000000000        1.0017552121991242        1.0000000000000000        6.9400066739805622E-310
  -2.5001106727550515E-002   1.3885123702035775E-005  -3.5767633061438002E+077   1.0000000000000000E-002   1.2000000000000000E-002   1.0017555698676548        0.0000000000000000        1.0017555698676548        1.0000000000000000        6.9400066739805622E-310
  -3.5001543295194004E-002   1.9362361197035547E-005   6.9400068546417920E-310   1.0000000000000000E-002   1.2000000000000000E-002   1.0017561046013592        0.0000000000000000        1.0017561046013592        1.0000000000000000        6.9400066739805622E-310
  -4.5001973768543091E-002   2.4763151169320703E-005   6.9400066883177543E-310   1.0000000000000000E-002   1.2000000000000000E-002   1.0017568142855546        0.0000000000000000        1.0017568142855546        1.0000000000000000        6.9400066739805622E-310
