 # x, v, a, m, h, rho, u, P, c, ke
   4.3008000000000921     
   5.0001138268520031E-003  -3.0530476799813830E-006  -4.8410352118111177E-006   1.0000000000000000E-002   1.2000000000000000E-002   1.0017771672043621        0.0000000000000000        1.0017771672043621        1.0000000000000000        6.9400066739805622E-310
   1.5000341030944414E-002  -9.1470844695824185E-006  -1.4503929183895536E-005   1.0000000000000000E-002   1.2000000000000000E-002   1.0017772590158300        0.0000000000000000        1.0017772590158300        1.0000000000000000        6.9400066739805622E-310
   2.5000566887985857E-002  -1.5204993589777835E-005  -2.4109371145719649E-005   1.0000000000000000E-002   1.2000000000000000E-002   1.0017774422751371        0.0000000000000000        1.0017774422751371        1.0000000000000000        6.9400066739805622E-310
   3.5000790505872605E-002  -2.1202847870980864E-005  -3.3619373345672443E-005   1.0000000000000000E-002   1.2000000000000000E-002   1.0017777162567167        0.0000000000000000        1.0017777162567167        1.0000000000000000        6.9400066739805622E-310
   4.5001011001364992E-002  -2.7116959068548736E-005  -4.2996260668282105E-005   1.0000000000000000E-002   1.2000000000000000E-002   1.0017780798759934        0.0000000000000000        1.0017780798759934        1.0000000000000000        6.9400066739805622E-310
   5.5001227503584910E-002  -3.2923969638962143E-005  -5.2202828535463652E-005   1.0000000000000000E-002   1.2000000000000000E-002   1.0017785316930068        0.0000000000000000        1.0017785316930068        1.0000000000000000        6.9400066739805622E-310
   6.5001439157477220E-002  -3.8600947039907321E-005  -6.1202820579531192E-005   1.0000000000000000E-002   1.2000000000000000E-002   1.0017790699192042        0.0000000000000000        1.0017790699192042        1.0000000000000000        6.9400066739805622E-310
   7.5001645127167879E-002  -4.4125472627841549E-005  -6.9960450835182542E-005   1.0000000000000000E-002   1.2000000000000000E-002   1.0017796924241493        0.0000000000000000        1.0017796924241493        1.0000000000000000        6.9400066739805622E-310
   8.5001844599296633E-002  -4.9475730808241996E-005  -7.8441138541052169E-005   1.0000000000000000E-002   1.2000000000000000E-002   1.0017803967434442        0.0000000000000000        1.0017803967434442        1.0000000000000000        6.9400066739805622E-310
   9.5002036786223251E-002  -5.4630597034890842E-005  -8.6611359719768188E-005   1.0000000000000000E-002   1.2000000000000000E-002   1.0017811800895422        0.0000000000000000        1.0017811800895422        1.0000000000000000        6.9400066739805622E-310
  0.10500222092914233       -5.9569718778776101E-005  -9.4438779964178821E-005   1.0000000000000000E-002   1.2000000000000000E-002   1.0017820393622825        0.0000000000000000        1.0017820393622825        1.0000000000000000        6.9400066739805622E-310
  0.11500239630108834       -6.4273597696714441E-005  -1.0189252483705502E-004   1.0000000000000000E-002   1.2000000000000000E-002   1.0017829711615569        0.0000000000000000        1.0017829711615569        1.0000000000000000        6.9400066739805622E-310
  0.12500256220979930       -6.8723666064526788E-005  -1.0894306840558698E-004   1.0000000000000000E-002   1.2000000000000000E-002   1.0017839718006063        0.0000000000000000        1.0017839718006063        1.0000000000000000        6.9400066739805622E-310
  0.13500271800046312       -7.2902360773820839E-005  -1.1556264736611865E-004   1.0000000000000000E-002   1.2000000000000000E-002   1.0017850373207344        0.0000000000000000        1.0017850373207344        1.0000000000000000        6.9400066739805622E-310
  0.14500286305829391       -7.6793191205242159E-005  -1.2172516086117469E-004   1.0000000000000000E-002   1.2000000000000000E-002   1.0017861635076424        0.0000000000000000        1.0017861635076424        1.0000000000000000        6.9400066739805622E-310
  0.15500299681095420       -8.0380805825500158E-005  -1.2740618849615970E-004   1.0000000000000000E-002   1.2000000000000000E-002   1.0017873459072035        0.0000000000000000        1.0017873459072035        1.0000000000000000        6.9400066739805622E-310
  0.16500311873082879       -8.3651052300226327E-005  -1.3258349572087269E-004   1.0000000000000000E-002   1.2000000000000000E-002   1.0017885798438626        0.0000000000000000        1.0017885798438626        1.0000000000000000        6.9400066739805622E-310
  0.17500322833708254       -8.6591031731596054E-005  -1.3723662266151848E-004   1.0000000000000000E-002   1.2000000000000000E-002   1.0017898604394218        0.0000000000000000        1.0017898604394218        1.0000000000000000        6.9400066739805622E-310
  0.18500332519756568       -8.9189152002246608E-005  -1.4134728774450878E-004   1.0000000000000000E-002   1.2000000000000000E-002   1.0017911826317312        0.0000000000000000        1.0017911826317312        1.0000000000000000        6.9400066739805622E-310
  0.19500340893051032       -9.1435172703601929E-005  -1.4489940122164313E-004   1.0000000000000000E-002   1.2000000000000000E-002   1.0017925411955317        0.0000000000000000        1.0017925411955317        1.0000000000000000        6.9400066739805622E-310
  0.20500347920602219       -9.3320242976216452E-005  -1.4787895225332193E-004   1.0000000000000000E-002   1.2000000000000000E-002   1.0017939307626191        0.0000000000000000        1.0017939307626191        1.0000000000000000        6.9400066739805622E-310
  0.21500353574738684       -9.4836938831619865E-005  -1.5027437444903313E-004   1.0000000000000000E-002   1.2000000000000000E-002   1.0017953458433797        0.0000000000000000        1.0017953458433797        1.0000000000000000        6.9400066739805622E-310
  0.22500357833213752       -9.5979291705182454E-005  -1.5207624197532965E-004   1.0000000000000000E-002   1.2000000000000000E-002   1.0017967808485189        0.0000000000000000        1.0017967808485189        1.0000000000000000        6.9400066739805622E-310
  0.23500360679293678       -9.6742811287464918E-005  -1.5327765675188232E-004   1.0000000000000000E-002   1.2000000000000000E-002   1.0017982301111850        0.0000000000000000        1.0017982301111850        1.0000000000000000        6.9400066739805622E-310
  0.24500362101821180       -9.7124502379202529E-005  -1.5387395300958673E-004   1.0000000000000000E-002   1.2000000000000000E-002   1.0017996879096267        0.0000000000000000        1.0017996879096267        1.0000000000000000        6.9400066739805622E-310
  0.25500362095259033       -9.7122878307440269E-005  -1.5386288105823098E-004   1.0000000000000000E-002   1.2000000000000000E-002   1.0018011484891809        0.0000000000000000        1.0018011484891809        1.0000000000000000        6.9400066739805622E-310
  0.26500360659710986       -9.6737964395380386E-005  -1.5324467592137125E-004   1.0000000000000000E-002   1.2000000000000000E-002   1.0018026060856062        0.0000000000000000        1.0018026060856062        1.0000000000000000        6.9400066739805622E-310
  0.27500357800919289       -9.5971298462528190E-005  -1.5202185569584969E-004   1.0000000000000000E-002   1.2000000000000000E-002   1.0018040549476384        0.0000000000000000        1.0018040549476384        1.0000000000000000        6.9400066739805622E-310
  0.28500353530241690       -9.4825925456765029E-005  -1.5019942824423538E-004   1.0000000000000000E-002   1.2000000000000000E-002   1.0018054893596877        0.0000000000000000        1.0018054893596877        1.0000000000000000        6.9400066739805622E-310
  0.29500347864604470       -9.3306382829548651E-005  -1.4778464013520676E-004   1.0000000000000000E-002   1.2000000000000000E-002   1.0018069036642814        0.0000000000000000        1.0018069036642814        1.0000000000000000        6.9400066739805622E-310
  0.30500340826435568       -9.1418684444778263E-005  -1.4478718891108855E-004   1.0000000000000000E-002   1.2000000000000000E-002   1.0018082922843075        0.0000000000000000        1.0018082922843075        1.0000000000000000        6.9400066739805622E-310
  0.31500332443574131       -8.9170296348323107E-005  -1.4121898391739052E-004   1.0000000000000000E-002   1.2000000000000000E-002   1.0018096497451705        0.0000000000000000        1.0018096497451705        1.0000000000000000        6.9400066739805622E-310
  0.32500322749160154       -8.6570105286380545E-005  -1.3709421981911163E-004   1.0000000000000000E-002   1.2000000000000000E-002   1.0018109706961036        0.0000000000000000        1.0018109706961036        1.0000000000000000        6.9400066739805622E-310
  0.33500311781502512       -8.3628384825806847E-005  -1.3242926013390388E-004   1.0000000000000000E-002   1.2000000000000000E-002   1.0018122499313440        0.0000000000000000        1.0018122499313440        1.0000000000000000        6.9400066739805622E-310
  0.34500299583927013       -8.0356755632493793E-005  -1.2724254914964206E-004   1.0000000000000000E-002   1.2000000000000000E-002   1.0018134824103329        0.0000000000000000        1.0018134824103329        1.0000000000000000        6.9400066739805622E-310
  0.35500286204604992       -7.6768137391602185E-005  -1.2155459850760053E-004   1.0000000000000000E-002   1.2000000000000000E-002   1.0018146632773384        0.0000000000000000        1.0018146632773384        1.0000000000000000        6.9400066739805622E-310
  0.36500271696363201       -7.2876698085407905E-005  -1.1538804474220399E-004   1.0000000000000000E-002   1.2000000000000000E-002   1.0018157878814167        0.0000000000000000        1.0018157878814167        1.0000000000000000        6.9400066739805622E-310
  0.37500256116472797       -6.8697799546501526E-005  -1.0876706232565425E-004   1.0000000000000000E-002   1.2000000000000000E-002   1.0018168517937656        0.0000000000000000        1.0018168517937656        1.0000000000000000        6.9400066739805622E-310
  0.38500239526425761       -6.4247934887255105E-005  -1.0171789227264583E-004   1.0000000000000000E-002   1.2000000000000000E-002   1.0018178508248663        0.0000000000000000        1.0018178508248663        1.0000000000000000        6.9400066739805622E-310
  0.39500221991690393       -5.9544664687891049E-005  -9.4268299080546569E-005   1.0000000000000000E-002   1.2000000000000000E-002   1.0018187810415600        0.0000000000000000        1.0018187810415600        1.0000000000000000        6.9400066739805622E-310
  0.40500203581453947       -5.4606546897888025E-005  -8.6447691464819343E-005   1.0000000000000000E-002   1.2000000000000000E-002   1.0018196387819864        0.0000000000000000        1.0018196387819864        1.0000000000000000        6.9400066739805622E-310
  0.41500184368349308       -4.9453063562522130E-005  -7.8286905631941295E-005   1.0000000000000000E-002   1.2000000000000000E-002   1.0018204206702748        0.0000000000000000        1.0018204206702748        1.0000000000000000        6.9400066739805622E-310
  0.42500164428168541       -4.4104545929459981E-005  -6.9818033270330204E-005   1.0000000000000000E-002   1.2000000000000000E-002   1.0018211236292283        0.0000000000000000        1.0018211236292283        1.0000000000000000        6.9400066739805622E-310
  0.43500143839565086       -3.8582091143137116E-005  -6.1074484435152954E-005   1.0000000000000000E-002   1.2000000000000000E-002   1.0018217448925610        0.0000000000000000        1.0018217448925610        1.0000000000000000        6.9400066739805622E-310
  0.44500122683743243       -3.2907481901559695E-005  -5.2090671083249163E-005   1.0000000000000000E-002   1.2000000000000000E-002   1.0018222820159317        0.0000000000000000        1.0018222820159317        1.0000000000000000        6.9400066739805622E-310
  0.45500101044138630       -2.7103098836863286E-005  -4.2901913809956227E-005   1.0000000000000000E-002   1.2000000000000000E-002   1.0018227328859792        0.0000000000000000        1.0018227328859792        1.0000000000000000        6.9400066739805622E-310
  0.46500079006090334       -2.1191834520937696E-005  -3.3544439404842308E-005   1.0000000000000000E-002   1.2000000000000000E-002   1.0018230957289664        0.0000000000000000        1.0018230957289664        1.0000000000000000        6.9400066739805622E-310
  0.47500056656504197       -1.5197000137429868E-005  -2.4055005651391070E-005   1.0000000000000000E-002   1.2000000000000000E-002   1.0018233691176326        0.0000000000000000        1.0018233691176326        1.0000000000000000        6.9400066739805622E-310
  0.48500034083511556       -9.1422377968467346E-006  -1.4470915527198258E-005   1.0000000000000000E-002   1.2000000000000000E-002   1.0018235519762304        0.0000000000000000        1.0018235519762304        1.0000000000000000        6.9400066739805622E-310
  0.49500011376123082       -3.0514234916572865E-006  -4.8299948272045867E-006   1.0000000000000000E-002   1.2000000000000000E-002   1.0018236435856818        0.0000000000000000        1.0018236435856818        1.0000000000000000        6.9400066739805622E-310
  0.50499988623876801        3.0514236380149045E-006   4.8299939594542707E-006   1.0000000000000000E-002   1.2000000000000000E-002   1.0018236435856889        0.0000000000000000        1.0018236435856889        1.0000000000000000        6.9400066739805622E-310
  0.51499965916488288        9.1422377331738940E-006   1.4470940974398161E-005   1.0000000000000000E-002   1.2000000000000000E-002   1.0018235519761225        0.0000000000000000        1.0018235519761225        1.0000000000000000        6.9400066739805622E-310
  0.52499943343495903        1.5197000351433609E-005   2.4054996925926275E-005   1.0000000000000000E-002   1.2000000000000000E-002   1.0018233691174481        0.0000000000000000        1.0018233691174481        1.0000000000000000        6.9400066739805622E-310
  0.53499920993909911        2.1191834230006734E-005   3.3544417105346724E-005   1.0000000000000000E-002   1.2000000000000000E-002   1.0018230957289234        0.0000000000000000        1.0018230957289234        1.0000000000000000        6.9400066739805622E-310
  0.54499898955861548        2.7103098777772418E-005   4.2901910671133692E-005   1.0000000000000000E-002   1.2000000000000000E-002   1.0018227328860483        0.0000000000000000        1.0018227328860483        1.0000000000000000        6.9400066739805622E-310
  0.55499877316256840        3.2907481954826927E-005   5.2090684739880544E-005   1.0000000000000000E-002   1.2000000000000000E-002   1.0018222820159584        0.0000000000000000        1.0018222820159584        1.0000000000000000        6.9400066739805622E-310
  0.56499856160435036        3.8582091004068496E-005   6.1074483470591190E-005   1.0000000000000000E-002   1.2000000000000000E-002   1.0018217448925288        0.0000000000000000        1.0018217448925288        1.0000000000000000        6.9400066739805622E-310
  0.57499835571831637        4.4104545857194511E-005   6.9818009334809972E-005   1.0000000000000000E-002   1.2000000000000000E-002   1.0018211236293095        0.0000000000000000        1.0018211236293095        1.0000000000000000        6.9400066739805622E-310
  0.58499815631650642        4.9453063753795268E-005   7.8286922253312241E-005   1.0000000000000000E-002   1.2000000000000000E-002   1.0018204206703902        0.0000000000000000        1.0018204206703902        1.0000000000000000        6.9400066739805622E-310
  0.59499796418545969        5.4606546986165291E-005   8.6447708193659878E-005   1.0000000000000000E-002   1.2000000000000000E-002   1.0018196387819431        0.0000000000000000        1.0018196387819431        1.0000000000000000        6.9400066739805622E-310
  0.60499778008309668        5.9544664557384333E-005   9.4268290395937981E-005   1.0000000000000000E-002   1.2000000000000000E-002   1.0018187810414938        0.0000000000000000        1.0018187810414938        1.0000000000000000        6.9400066739805622E-310
  0.61499760473574283        6.4247935080799382E-005   1.0171790260926628E-004   1.0000000000000000E-002   1.2000000000000000E-002   1.0018178508247892        0.0000000000000000        1.0018178508247892        1.0000000000000000        6.9400066739805622E-310
  0.62499743883527437        6.8697799300011876E-005   1.0876702275464112E-004   1.0000000000000000E-002   1.2000000000000000E-002   1.0018168517938066        0.0000000000000000        1.0018168517938066        1.0000000000000000        6.9400066739805622E-310
  0.63499728303636782        7.2876698471856171E-005   1.1538804334598751E-004   1.0000000000000000E-002   1.2000000000000000E-002   1.0018157878816560        0.0000000000000000        1.0018157878816560        1.0000000000000000        6.9400066739805622E-310
  0.64499713795394686        7.6768137081992358E-005   1.2155466201146936E-004   1.0000000000000000E-002   1.2000000000000000E-002   1.0018146632772937        0.0000000000000000        1.0018146632772937        1.0000000000000000        6.9400066739805622E-310
  0.65499700416073070        8.0356755748772416E-005   1.2724253267126784E-004   1.0000000000000000E-002   1.2000000000000000E-002   1.0018134824100757        0.0000000000000000        1.0018134824100757        1.0000000000000000        6.9400066739805622E-310
  0.66499688218497754        8.3628384898679409E-005   1.3242921691780651E-004   1.0000000000000000E-002   1.2000000000000000E-002   1.0018122499313600        0.0000000000000000        1.0018122499313600        1.0000000000000000        6.9400066739805622E-310
  0.67499677250839873        8.6570105133971359E-005   1.3709422975693997E-004   1.0000000000000000E-002   1.2000000000000000E-002   1.0018109706962677        0.0000000000000000        1.0018109706962677        1.0000000000000000        6.9400066739805622E-310
  0.68499667556425758        8.9170296111433064E-005   1.4121900918340202E-004   1.0000000000000000E-002   1.2000000000000000E-002   1.0018096497451647        0.0000000000000000        1.0018096497451647        1.0000000000000000        6.9400066739805622E-310
  0.69499659173564510        9.1418684880919878E-005   1.4478716479082721E-004   1.0000000000000000E-002   1.2000000000000000E-002   1.0018082922843168        0.0000000000000000        1.0018082922843168        1.0000000000000000        6.9400066739805622E-310
  0.70499652135395385        9.3306382827338478E-005   1.4778467098963688E-004   1.0000000000000000E-002   1.2000000000000000E-002   1.0018069036642483        0.0000000000000000        1.0018069036642483        1.0000000000000000        6.9400066739805622E-310
  0.71499646469758471        9.4825925360005474E-005   1.5019938491711571E-004   1.0000000000000000E-002   1.2000000000000000E-002   1.0018054893597073        0.0000000000000000        1.0018054893597073        1.0000000000000000        6.9400066739805622E-310
  0.72499642199080527        9.5971298571939152E-005   1.5202189410956635E-004   1.0000000000000000E-002   1.2000000000000000E-002   1.0018040549476919        0.0000000000000000        1.0018040549476919        1.0000000000000000        6.9400066739805622E-310
  0.73499639340289025        9.6737964118689796E-005   1.5324467791710816E-004   1.0000000000000000E-002   1.2000000000000000E-002   1.0018026060854606        0.0000000000000000        1.0018026060854606        1.0000000000000000        6.9400066739805622E-310
  0.74499637904741123        9.7122878303683278E-005   1.5386286464469379E-004   1.0000000000000000E-002   1.2000000000000000E-002   1.0018011484891194        0.0000000000000000        1.0018011484891194        1.0000000000000000        6.9400066739805622E-310
  0.75499637898178940        9.7124502477012351E-005   1.5387395646015989E-004   1.0000000000000000E-002   1.2000000000000000E-002   1.0017996879096120        0.0000000000000000        1.0017996879096120        1.0000000000000000        6.9400066739805622E-310
  0.76499639320706514        9.6742811196178267E-005   1.5327763500394553E-004   1.0000000000000000E-002   1.2000000000000000E-002   1.0017982301112531        0.0000000000000000        1.0017982301112531        1.0000000000000000        6.9400066739805622E-310
  0.77499642166786231        9.5979291817957545E-005   1.5207625326141283E-004   1.0000000000000000E-002   1.2000000000000000E-002   1.0017967808486410        0.0000000000000000        1.0017967808486410        1.0000000000000000        6.9400066739805622E-310
  0.78499646425261238        9.4836939056431774E-005   1.5027438653714142E-004   1.0000000000000000E-002   1.2000000000000000E-002   1.0017953458433899        0.0000000000000000        1.0017953458433899        1.0000000000000000        6.9400066739805622E-310
  0.79499652079397765        9.3320242603647506E-005   1.4787894390888567E-004   1.0000000000000000E-002   1.2000000000000000E-002   1.0017939307626178        0.0000000000000000        1.0017939307626178        1.0000000000000000        6.9400066739805622E-310
  0.80499659106948895        9.1435172676717713E-005   1.4489940614303976E-004   1.0000000000000000E-002   1.2000000000000000E-002   1.0017925411955424        0.0000000000000000        1.0017925411955424        1.0000000000000000        6.9400066739805622E-310
  0.81499667480243387        8.9189152114090112E-005   1.4134728900661031E-004   1.0000000000000000E-002   1.2000000000000000E-002   1.0017911826317132        0.0000000000000000        1.0017911826317132        1.0000000000000000        6.9400066739805622E-310
  0.82499677166291707        8.6591032021963353E-005   1.3723662963283090E-004   1.0000000000000000E-002   1.2000000000000000E-002   1.0017898604393662        0.0000000000000000        1.0017898604393662        1.0000000000000000        6.9400066739805622E-310
  0.83499688126917193        8.3651051839024747E-005   1.3258348741373993E-004   1.0000000000000000E-002   1.2000000000000000E-002   1.0017885798438146        0.0000000000000000        1.0017885798438146        1.0000000000000000        6.9400066739805622E-310
  0.84499700318904636        8.0380805913146439E-005   1.2740619326301328E-004   1.0000000000000000E-002   1.2000000000000000E-002   1.0017873459071729        0.0000000000000000        1.0017873459071729        1.0000000000000000        6.9400066739805622E-310
  0.85499713694170743        7.6793191353471393E-005   1.2172514905639531E-004   1.0000000000000000E-002   1.2000000000000000E-002   1.0017861635076433        0.0000000000000000        1.0017861635076433        1.0000000000000000        6.9400066739805622E-310
  0.86499728199953752        7.2902360795518584E-005   1.1556263975442960E-004   1.0000000000000000E-002   1.2000000000000000E-002   1.0017850373208241        0.0000000000000000        1.0017850373208241        1.0000000000000000        6.9400066739805622E-310
  0.87499743779020023        6.8723666366786429E-005   1.0894306259956466E-004   1.0000000000000000E-002   1.2000000000000000E-002   1.0017839718007546        0.0000000000000000        1.0017839718007546        1.0000000000000000        6.9400066739805622E-310
  0.88499760369890923        6.4273597643794736E-005   1.0189253968562184E-004   1.0000000000000000E-002   1.2000000000000000E-002   1.0017829711616639        0.0000000000000000        1.0017829711616639        1.0000000000000000        6.9400066739805622E-310
  0.89499777907085498        5.9569718686487267E-005   9.4438791101048025E-005   1.0000000000000000E-002   1.2000000000000000E-002   1.0017820393622712        0.0000000000000000        1.0017820393622712        1.0000000000000000        6.9400066739805622E-310
  0.90499796321377457        5.4630596878462458E-005   8.6611373579792428E-005   1.0000000000000000E-002   1.2000000000000000E-002   1.0017811800894230        0.0000000000000000        1.0017811800894230        1.0000000000000000        6.9400066739805622E-310
  0.91499815540070306        4.9475730631295397E-005   7.8441137453921783E-005   1.0000000000000000E-002   1.2000000000000000E-002   1.0017803967432655        0.0000000000000000        1.0017803967432655        1.0000000000000000        6.9400066739805622E-310
  0.92499835487283377        4.4125472544402115E-005   6.9960418448644646E-005   1.0000000000000000E-002   1.2000000000000000E-002   1.0017796924241142        0.0000000000000000        1.0017796924241142        1.0000000000000000        6.9400066739805622E-310
  0.93499856084252331        3.8600947212244149E-005   6.1202806818982936E-005   1.0000000000000000E-002   1.2000000000000000E-002   1.0017790699193829        0.0000000000000000        1.0017790699193829        1.0000000000000000        6.9400066739805622E-310
  0.94499877249641262        3.2923969762746014E-005   5.2202874301521263E-005   1.0000000000000000E-002   1.2000000000000000E-002   1.0017785316930419        0.0000000000000000        1.0017785316930419        1.0000000000000000        6.9400066739805622E-310
  0.95499898899863478        2.7116958948764142E-005   4.2996253799110207E-005   1.0000000000000000E-002   1.2000000000000000E-002   1.0017780798758478        0.0000000000000000        1.0017780798758478        1.0000000000000000        6.9400066739805622E-310
  0.96499920949412843        2.1202848006107891E-005   3.3619344733892831E-005   1.0000000000000000E-002   1.2000000000000000E-002   1.0017777162567414        0.0000000000000000        1.0017777162567414        1.0000000000000000        6.9400066739805622E-310
  0.97499943311201309        1.5204993210479134E-005   2.4109398203187027E-005   1.0000000000000000E-002   1.2000000000000000E-002   1.0017774422751609        0.0000000000000000        1.0017774422751609        1.0000000000000000        6.9400066739805622E-310
  0.98499965896905595        9.1470846822676990E-006   1.4503928745135397E-005   1.0000000000000000E-002   1.2000000000000000E-002   1.0017772590157330        0.0000000000000000        1.0017772590157330        1.0000000000000000        6.9400066739805622E-310
  0.99499988617314916        3.0530477189805782E-006   4.8410258974840303E-006   1.0000000000000000E-002   1.2000000000000000E-002   1.0017771672043190        0.0000000000000000        1.0017771672043190        1.0000000000000000        6.9400066739805622E-310
   1.0050001138268521       -3.0530492003545434E-006  -5.1520467465593356E-006   1.0000000000000000E-002   1.2000000000000000E-002   1.0017771672043621        0.0000000000000000        1.0017771672043621        1.0000000000000000        6.9400066739805622E-310
   1.0150003410309445       -9.1470890198050169E-006  -1.5435723996759521E-005   1.0000000000000000E-002   1.2000000000000000E-002   1.0017772590158300        0.0000000000000000        1.0017772590158300        1.0000000000000000        6.9400066739805622E-310
   1.0250005668879858       -1.5205001152466444E-005  -2.5658282614138272E-005   1.0000000000000000E-002   1.2000000000000000E-002   1.0017774422751371        0.0000000000000000        1.0017774422751371        1.0000000000000000        6.9400066739805622E-310
   1.0350007905058727       -2.1202858417399003E-005  -3.5779249720313544E-005   1.0000000000000000E-002   1.2000000000000000E-002   1.0017777162567167        0.0000000000000000        1.0017777162567167        1.0000000000000000        6.9400066739805622E-310
   1.0450010110013650       -2.7116972560375061E-005  -4.5758561094899619E-005   1.0000000000000000E-002   1.2000000000000000E-002   1.0017780798759934        0.0000000000000000        1.0017780798759934        1.0000000000000000        6.9400066739805622E-310
  -5.0001138268508383E-003   3.0534209304167336E-006  -3.5767633061438002E+077   1.0000000000000000E-002   1.2000000000000000E-002   1.0017771672043190        0.0000000000000000        1.0017771672043190        1.0000000000000000        6.9400066739805622E-310
  -1.5000341030944053E-002   9.1482028497516371E-006   0.0000000000000000        1.0000000000000000E-002   1.2000000000000000E-002   1.0017772590157330        0.0000000000000000        1.0017772590157330        1.0000000000000000        6.9400066739805622E-310
  -2.5000566887986908E-002   1.5206851879293726E-005  -3.5767633061438002E+077   1.0000000000000000E-002   1.2000000000000000E-002   1.0017774422751609        0.0000000000000000        1.0017774422751609        1.0000000000000000        6.9400066739805622E-310
  -3.5000790505871571E-002   2.1205439874275447E-005   6.9400068546417920E-310   1.0000000000000000E-002   1.2000000000000000E-002   1.0017777162567414        0.0000000000000000        1.0017777162567414        1.0000000000000000        6.9400066739805622E-310
  -4.5001011001365221E-002   2.7120273700365877E-005   6.9400066883177543E-310   1.0000000000000000E-002   1.2000000000000000E-002   1.0017780798758478        0.0000000000000000        1.0017780798758478        1.0000000000000000        6.9400066739805622E-310
