 # x, v, a, m, h, rho, u, P, c, ke
   3.0000000000000506     
   5.0003128671157922E-003   2.3886105781557570E-006  -1.3288602347394374E-005   1.0000000000000000E-002   1.2000000000000000E-002   1.0017365241748091        0.0000000000000000        1.0017365241748091        1.0000000000000000        6.9400066739805622E-310
   1.5000937367147920E-002   7.1564063278859325E-006  -3.9813497848761870E-005   1.0000000000000000E-002   1.2000000000000000E-002   1.0017367761823017        0.0000000000000000        1.0017367761823017        1.0000000000000000        6.9400066739805622E-310
   2.5001558169441052E-002   1.1895962299509959E-005  -6.6181546690025073E-005   1.0000000000000000E-002   1.2000000000000000E-002   1.0017372792049917        0.0000000000000000        1.0017372792049917        1.0000000000000000        6.9400066739805622E-310
   3.5002172825023492E-002   1.6588575061403350E-005  -9.2288843607235549E-005   1.0000000000000000E-002   1.2000000000000000E-002   1.0017380312616810        0.0000000000000000        1.0017380312616810        1.0000000000000000        6.9400066739805622E-310
   4.5002778909144441E-002   2.1215727574278717E-005  -1.1803262545662108E-004   1.0000000000000000E-002   1.2000000000000000E-002   1.0017390293906407        0.0000000000000000        1.0017390293906407        1.0000000000000000        6.9400066739805622E-310
   5.5003374030816940E-002   2.5759160105286893E-005  -1.4331142355494819E-004   1.0000000000000000E-002   1.2000000000000000E-002   1.0017402696612090        0.0000000000000000        1.0017402696612090        1.0000000000000000        6.9400066739805622E-310
   6.5003955842242236E-002   3.0200943330925210E-005  -1.6802553197603487E-004   1.0000000000000000E-002   1.2000000000000000E-002   1.0017417471882326        0.0000000000000000        1.0017417471882326        1.0000000000000000        6.9400066739805622E-310
   7.5004522048075048E-002   3.4523549634901599E-005  -1.9207771060170131E-004   1.0000000000000000E-002   1.2000000000000000E-002   1.0017434561521394        0.0000000000000000        1.0017434561521394        1.0000000000000000        6.9400066739805622E-310
   8.5005070414449074E-002   3.8709920238708482E-005  -2.1537308006003286E-004   1.0000000000000000E-002   1.2000000000000000E-002   1.0017453898217910        0.0000000000000000        1.0017453898217910        1.0000000000000000        6.9400066739805622E-310
   9.5005598777794353E-002   4.2743535201078843E-005  -2.3781979942416598E-004   1.0000000000000000E-002   1.2000000000000000E-002   1.0017475405800467        0.0000000000000000        1.0017475405800467        1.0000000000000000        6.9400066739805622E-310
  0.10500610505336584        4.6608476213017206E-005  -2.5932939081041440E-004   1.0000000000000000E-002   1.2000000000000000E-002   1.0017498999541885        0.0000000000000000        1.0017498999541885        1.0000000000000000        6.9400066739805622E-310
  0.11500658724345997        5.0289490847141523E-005  -2.7981699456436360E-004   1.0000000000000000E-002   1.2000000000000000E-002   1.0017524586489097        0.0000000000000000        1.0017524586489097        1.0000000000000000        6.9400066739805622E-310
  0.12500704344529931        5.3772051874335928E-005  -2.9920186554477368E-004   1.0000000000000000E-002   1.2000000000000000E-002   1.0017552065830146        0.0000000000000000        1.0017552065830146        1.0000000000000000        6.9400066739805622E-310
  0.13500747185852779        5.7042415855480585E-005  -3.1740742837094160E-004   1.0000000000000000E-002   1.2000000000000000E-002   1.0017581329286991        0.0000000000000000        1.0017581329286991        1.0000000000000000        6.9400066739805622E-310
  0.14500787079232630        6.0087676022347241E-005  -3.3436183987145540E-004   1.0000000000000000E-002   1.2000000000000000E-002   1.0017612261537234        0.0000000000000000        1.0017612261537234        1.0000000000000000        6.9400066739805622E-310
  0.15500823867208324        6.2895813080654996E-005  -3.4999818589032117E-004   1.0000000000000000E-002   1.2000000000000000E-002   1.0017644740672509        0.0000000000000000        1.0017644740672509        1.0000000000000000        6.9400066739805622E-310
  0.16500857404560851        6.5455744614202467E-005  -3.6425466524292460E-004   1.0000000000000000E-002   1.2000000000000000E-002   1.0017678638674123        0.0000000000000000        1.0017678638674123        1.0000000000000000        6.9400066739805622E-310
  0.17500887558887440        6.7757366509440969E-005  -3.7707495820527015E-004   1.0000000000000000E-002   1.2000000000000000E-002   1.0017713821915673        0.0000000000000000        1.0017713821915673        1.0000000000000000        6.9400066739805622E-310
  0.18500914211124445        6.9791594093353298E-005  -3.8840835252695882E-004   1.0000000000000000E-002   1.2000000000000000E-002   1.0017750151689007        0.0000000000000000        1.0017750151689007        1.0000000000000000        6.9400066739805622E-310
  0.19500937256018311        7.1550397984529898E-005  -3.9820998042827682E-004   1.0000000000000000E-002   1.2000000000000000E-002   1.0017787484747058        0.0000000000000000        1.0017787484747058        1.0000000000000000        6.9400066739805622E-310
  0.20500956602542295        7.3026835666637155E-005  -4.0644104937204162E-004   1.0000000000000000E-002   1.2000000000000000E-002   1.0017825673869456        0.0000000000000000        1.0017825673869456        1.0000000000000000        6.9400066739805622E-310
  0.21500972174256497        7.4215078672552881E-005  -4.1306888892567173E-004   1.0000000000000000E-002   1.2000000000000000E-002   1.0017864568440891        0.0000000000000000        1.0017864568440891        1.0000000000000000        6.9400066739805622E-310
  0.22500983909611399        7.5110435219440894E-005  -4.1806720201176262E-004   1.0000000000000000E-002   1.2000000000000000E-002   1.0017904015043841        0.0000000000000000        1.0017904015043841        1.0000000000000000        6.9400066739805622E-310
  0.23500991762191853        7.5709370273436400E-005  -4.2141607032508688E-004   1.0000000000000000E-002   1.2000000000000000E-002   1.0017943858063885        0.0000000000000000        1.0017943858063885        1.0000000000000000        6.9400066739805622E-310
  0.24500995700901998        7.6009518039035141E-005  -4.2310207940410294E-004   1.0000000000000000E-002   1.2000000000000000E-002   1.0017983940300346        0.0000000000000000        1.0017983940300346        1.0000000000000000        6.9400066739805622E-310
  0.25500995710089924        7.6009691852242160E-005  -4.2311842864961591E-004   1.0000000000000000E-002   1.2000000000000000E-002   1.0018024103589576        0.0000000000000000        1.0018024103589576        1.0000000000000000        6.9400066739805622E-310
  0.26500991789610273        7.5709888958097336E-005  -4.2146474192783501E-004   1.0000000000000000E-002   1.2000000000000000E-002   1.0018064189423153        0.0000000000000000        1.0018064189423153        1.0000000000000000        6.9400066739805622E-310
  0.27500983954828312        7.5111290517564100E-005  -4.1814751085311741E-004   1.0000000000000000E-002   1.2000000000000000E-002   1.0018104039578639        0.0000000000000000        1.0018104039578639        1.0000000000000000        6.9400066739805622E-310
  0.28500972236558875        7.4216257089676149E-005  -4.1317958053177506E-004   1.0000000000000000E-002   1.2000000000000000E-002   1.0018143496747691        0.0000000000000000        1.0018143496747691        1.0000000000000000        6.9400066739805622E-310
  0.29500956680947277        7.3028319020690201E-005  -4.0658030509277410E-004   1.0000000000000000E-002   1.2000000000000000E-002   1.0018182405146019        0.0000000000000000        1.0018182405146019        1.0000000000000000        6.9400066739805622E-310
  0.30500937349289603        7.1552162171255424E-005  -3.9837565518840989E-004   1.0000000000000000E-002   1.2000000000000000E-002   1.0018220611137323        0.0000000000000000        1.0018220611137323        1.0000000000000000        6.9400066739805622E-310
  0.31500914317791034        6.9793611699378989E-005  -3.8859781602784693E-004   1.0000000000000000E-002   1.2000000000000000E-002   1.0018257963841730        0.0000000000000000        1.0018257963841730        1.0000000000000000        6.9400066739805622E-310
  0.32500887677267237        6.7759605443932632E-005  -3.7728525176117245E-004   1.0000000000000000E-002   1.2000000000000000E-002   1.0018294315729444        0.0000000000000000        1.0018294315729444        1.0000000000000000        6.9400066739805622E-310
  0.33500857532786699        6.5458169997674299E-005  -3.6448242252884455E-004   1.0000000000000000E-002   1.2000000000000000E-002   1.0018329523203935        0.0000000000000000        1.0018329523203935        1.0000000000000000        6.9400066739805622E-310
  0.34500824003258085        6.2898386644644354E-005  -3.5023982984050406E-004   1.0000000000000000E-002   1.2000000000000000E-002   1.0018363447172989        0.0000000000000000        1.0018363447172989        1.0000000000000000        6.9400066739805622E-310
  0.35500787220960933        6.0090356734236344E-005  -3.3461360602871082E-004   1.0000000000000000E-002   1.2000000000000000E-002   1.0018395953603763        0.0000000000000000        1.0018395953603763        1.0000000000000000        6.9400066739805622E-310
  0.36500747331024208        5.7045161870467293E-005  -3.1766526857435196E-004   1.0000000000000000E-002   1.2000000000000000E-002   1.0018426914045575        0.0000000000000000        1.0018426914045575        1.0000000000000000        6.9400066739805622E-310
  0.37500704490855319        5.3774819926089823E-005  -2.9946177446138478E-004   1.0000000000000000E-002   1.2000000000000000E-002   1.0018456206144473        0.0000000000000000        1.0018456206144473        1.0000000000000000        6.9400066739805622E-310
  0.38500658869517773        5.0292236707360295E-005  -2.8007489520565088E-004   1.0000000000000000E-002   1.2000000000000000E-002   1.0018483714130539        0.0000000000000000        1.0018483714130539        1.0000000000000000        6.9400066739805622E-310
  0.39500610647064849        4.6611156859607217E-005  -2.5958111749613266E-004   1.0000000000000000E-002   1.2000000000000000E-002   1.0018509329270167        0.0000000000000000        1.0018509329270167        1.0000000000000000        6.9400066739805622E-310
  0.40500560013829345        4.2746108660088313E-005  -2.3806145712157445E-004   1.0000000000000000E-002   1.2000000000000000E-002   1.0018532950305838        0.0000000000000000        1.0018532950305838        1.0000000000000000        6.9400066739805622E-310
  0.41500507169670847        3.8712345744372353E-005  -2.1560084553051695E-004   1.0000000000000000E-002   1.2000000000000000E-002   1.0018554483857034        0.0000000000000000        1.0018554483857034        1.0000000000000000        6.9400066739805622E-310
  0.42500452323187266        3.4525788553754519E-005  -1.9228798974779693E-004   1.0000000000000000E-002   1.2000000000000000E-002   1.0018573844786043        0.0000000000000000        1.0018573844786043        1.0000000000000000        6.9400066739805622E-310
  0.43500395690890853        3.0202961078449337E-005  -1.6821500723995797E-004   1.0000000000000000E-002   1.2000000000000000E-002   1.0018590956539466        0.0000000000000000        1.0018590956539466        1.0000000000000000        6.9400066739805622E-310
  0.44500337496352882        2.5760924282250275E-005  -1.4347707860551395E-004   1.0000000000000000E-002   1.2000000000000000E-002   1.0018605751455634        0.0000000000000000        1.0018605751455634        1.0000000000000000        6.9400066739805622E-310
  0.45500277969319497        2.1217210806348083E-005  -1.1817189774276926E-004   1.0000000000000000E-002   1.2000000000000000E-002   1.0018618171030114        0.0000000000000000        1.0018618171030114        1.0000000000000000        6.9400066739805622E-310
  0.46500217344804662        1.6589753519650630E-005  -9.2399506159246414E-005   1.0000000000000000E-002   1.2000000000000000E-002   1.0018628166146091        0.0000000000000000        1.0018628166146091        1.0000000000000000        6.9400066739805622E-310
  0.47500155862161236        1.1896817411800233E-005  -6.6261882072815581E-005   1.0000000000000000E-002   1.2000000000000000E-002   1.0018635697278846        0.0000000000000000        1.0018635697278846        1.0000000000000000        6.9400066739805622E-310
  0.48500093764133384        7.1569250648497285E-006  -3.9862183923489170E-005   1.0000000000000000E-002   1.2000000000000000E-002   1.0018640734643247        0.0000000000000000        1.0018640734643247        1.0000000000000000        6.9400066739805622E-310
  0.49500031295899466        2.3887844947744568E-006  -1.3304933935032182E-005   1.0000000000000000E-002   1.2000000000000000E-002   1.0018643258314919        0.0000000000000000        1.0018643258314919        1.0000000000000000        6.9400066739805622E-310
  0.50499968704100595       -2.3887844197954756E-006   1.3304921656853708E-005   1.0000000000000000E-002   1.2000000000000000E-002   1.0018643258315538        0.0000000000000000        1.0018643258315538        1.0000000000000000        6.9400066739805622E-310
  0.51499906235866522       -7.1569251601548535E-006   3.9862204332052897E-005   1.0000000000000000E-002   1.2000000000000000E-002   1.0018640734643407        0.0000000000000000        1.0018640734643407        1.0000000000000000        6.9400066739805622E-310
  0.52499844137838803       -1.1896817488011261E-005   6.6261861928929022E-005   1.0000000000000000E-002   1.2000000000000000E-002   1.0018635697278993        0.0000000000000000        1.0018635697278993        1.0000000000000000        6.9400066739805622E-310
  0.53499782655195227       -1.6589753460627965E-005   9.2399516892882616E-005   1.0000000000000000E-002   1.2000000000000000E-002   1.0018628166146768        0.0000000000000000        1.0018628166146768        1.0000000000000000        6.9400066739805622E-310
  0.54499722030680375       -2.1217210409011514E-005   1.1817190994545257E-004   1.0000000000000000E-002   1.2000000000000000E-002   1.0018618171029616        0.0000000000000000        1.0018618171029616        1.0000000000000000        6.9400066739805622E-310
  0.55499662503647140       -2.5760924437437008E-005   1.4347705305794989E-004   1.0000000000000000E-002   1.2000000000000000E-002   1.0018605751455809        0.0000000000000000        1.0018605751455809        1.0000000000000000        6.9400066739805622E-310
  0.56499604309108975       -3.0202961130412173E-005   1.6821503071717814E-004   1.0000000000000000E-002   1.2000000000000000E-002   1.0018590956539779        0.0000000000000000        1.0018590956539779        1.0000000000000000        6.9400066739805622E-310
  0.57499547676812668       -3.4525788783453497E-005   1.9228799140602604E-004   1.0000000000000000E-002   1.2000000000000000E-002   1.0018573844785095        0.0000000000000000        1.0018573844785095        1.0000000000000000        6.9400066739805622E-310
  0.58499492830329214       -3.8712345701615166E-005   2.1560081857519009E-004   1.0000000000000000E-002   1.2000000000000000E-002   1.0018554483857316        0.0000000000000000        1.0018554483857316        1.0000000000000000        6.9400066739805622E-310
  0.59499439986170510       -4.2746108483177940E-005   2.3806148312655040E-004   1.0000000000000000E-002   1.2000000000000000E-002   1.0018532950306169        0.0000000000000000        1.0018532950306169        1.0000000000000000        6.9400066739805622E-310
  0.60499389352935118       -4.6611157153502056E-005   2.5958112407487022E-004   1.0000000000000000E-002   1.2000000000000000E-002   1.0018509329268959        0.0000000000000000        1.0018509329268959        1.0000000000000000        6.9400066739805622E-310
  0.61499341130482366       -5.0292236727030996E-005   2.8007486948311566E-004   1.0000000000000000E-002   1.2000000000000000E-002   1.0018483714130295        0.0000000000000000        1.0018483714130295        1.0000000000000000        6.9400066739805622E-310
  0.62499295509144692       -5.3774819682680235E-005   2.9946177852480105E-004   1.0000000000000000E-002   1.2000000000000000E-002   1.0018456206145154        0.0000000000000000        1.0018456206145154        1.0000000000000000        6.9400066739805622E-310
  0.63499252668975781       -5.7045161984934716E-005   3.1766526466814327E-004   1.0000000000000000E-002   1.2000000000000000E-002   1.0018426914046230        0.0000000000000000        1.0018426914046230        1.0000000000000000        6.9400066739805622E-310
  0.64499212779038950       -6.0090356762700209E-005   3.3461361153008795E-004   1.0000000000000000E-002   1.2000000000000000E-002   1.0018395953604335        0.0000000000000000        1.0018395953604335        1.0000000000000000        6.9400066739805622E-310
  0.65499175996741787       -6.2898386609225028E-005   3.5023983515447554E-004   1.0000000000000000E-002   1.2000000000000000E-002   1.0018363447173138        0.0000000000000000        1.0018363447173138        1.0000000000000000        6.9400066739805622E-310
  0.66499142467213135       -6.5458169805945654E-005   3.6448244747600000E-004   1.0000000000000000E-002   1.2000000000000000E-002   1.0018329523202638        0.0000000000000000        1.0018329523202638        1.0000000000000000        6.9400066739805622E-310
  0.67499112322732924       -6.7759605649457790E-005   3.7728521760982403E-004   1.0000000000000000E-002   1.2000000000000000E-002   1.0018294315728629        0.0000000000000000        1.0018294315728629        1.0000000000000000        6.9400066739805622E-310
  0.68499085682208960       -6.9793611684606816E-005   3.8859783324696195E-004   1.0000000000000000E-002   1.2000000000000000E-002   1.0018257963841652        0.0000000000000000        1.0018257963841652        1.0000000000000000        6.9400066739805622E-310
  0.69499062650710564       -7.1552162407004995E-005   3.9837563152111954E-004   1.0000000000000000E-002   1.2000000000000000E-002   1.0018220611137492        0.0000000000000000        1.0018220611137492        1.0000000000000000        6.9400066739805622E-310
  0.70499043319052690       -7.3028318700125921E-005   4.0658032230744823E-004   1.0000000000000000E-002   1.2000000000000000E-002   1.0018182405146596        0.0000000000000000        1.0018182405146596        1.0000000000000000        6.9400066739805622E-310
  0.71499027763441159       -7.4216257094032867E-005   4.1317957240227798E-004   1.0000000000000000E-002   1.2000000000000000E-002   1.0018143496747705        0.0000000000000000        1.0018143496747705        1.0000000000000000        6.9400066739805622E-310
  0.72499016045171683       -7.5111290495801479E-005   4.1814750358071251E-004   1.0000000000000000E-002   1.2000000000000000E-002   1.0018104039579501        0.0000000000000000        1.0018104039579501        1.0000000000000000        6.9400066739805622E-310
  0.73499008210389549       -7.5709888986116413E-005   4.2146477698512541E-004   1.0000000000000000E-002   1.2000000000000000E-002   1.0018064189422633        0.0000000000000000        1.0018064189422633        1.0000000000000000        6.9400066739805622E-310
  0.74499004289910187       -7.6009691670574016E-005   4.2311841025277630E-004   1.0000000000000000E-002   1.2000000000000000E-002   1.0018024103588385        0.0000000000000000        1.0018024103588385        1.0000000000000000        6.9400066739805622E-310
  0.75499004299098071       -7.6009518134155884E-005   4.2310209080831385E-004   1.0000000000000000E-002   1.2000000000000000E-002   1.0017983940299453        0.0000000000000000        1.0017983940299453        1.0000000000000000        6.9400066739805622E-310
  0.76499008237808441       -7.5709370416454484E-005   4.2141603944756412E-004   1.0000000000000000E-002   1.2000000000000000E-002   1.0017943858063858        0.0000000000000000        1.0017943858063858        1.0000000000000000        6.9400066739805622E-310
  0.77499016090388673       -7.5110435242182739E-005   4.1806721696691085E-004   1.0000000000000000E-002   1.2000000000000000E-002   1.0017904015044534        0.0000000000000000        1.0017904015044534        1.0000000000000000        6.9400066739805622E-310
  0.78499027825743650       -7.4215078400617074E-005   4.1306887272529735E-004   1.0000000000000000E-002   1.2000000000000000E-002   1.0017864568441637        0.0000000000000000        1.0017864568441637        1.0000000000000000        6.9400066739805622E-310
  0.79499043397457625       -7.3026835930228807E-005   4.0644107497733728E-004   1.0000000000000000E-002   1.2000000000000000E-002   1.0017825673869805        0.0000000000000000        1.0017825673869805        1.0000000000000000        6.9400066739805622E-310
  0.80499062743981764       -7.1550398096885011E-005   3.9820996823891619E-004   1.0000000000000000E-002   1.2000000000000000E-002   1.0017787484746792        0.0000000000000000        1.0017787484746792        1.0000000000000000        6.9400066739805622E-310
  0.81499085788875536       -6.9791594153341432E-005   3.8840836771125709E-004   1.0000000000000000E-002   1.2000000000000000E-002   1.0017750151688642        0.0000000000000000        1.0017750151688642        1.0000000000000000        6.9400066739805622E-310
  0.82499112441112710       -6.7757366304844132E-005   3.7707493551852878E-004   1.0000000000000000E-002   1.2000000000000000E-002   1.0017713821915555        0.0000000000000000        1.0017713821915555        1.0000000000000000        6.9400066739805622E-310
  0.83499142595439169       -6.5455744481682522E-005   3.6425466764100634E-004   1.0000000000000000E-002   1.2000000000000000E-002   1.0017678638674992        0.0000000000000000        1.0017678638674992        1.0000000000000000        6.9400066739805622E-310
  0.84499176132791620       -6.2895813084823456E-005   3.4999820348513566E-004   1.0000000000000000E-002   1.2000000000000000E-002   1.0017644740672429        0.0000000000000000        1.0017644740672429        1.0000000000000000        6.9400066739805622E-310
  0.85499212920767409       -6.0087675965588255E-005   3.3436184172508376E-004   1.0000000000000000E-002   1.2000000000000000E-002   1.0017612261536324        0.0000000000000000        1.0017612261536324        1.0000000000000000        6.9400066739805622E-310
  0.86499252814147365       -5.7042415960843867E-005   3.1740741551633533E-004   1.0000000000000000E-002   1.2000000000000000E-002   1.0017581329286569        0.0000000000000000        1.0017581329286569        1.0000000000000000        6.9400066739805622E-310
  0.87499295655470199       -5.3772051962695207E-005   2.9920185386611564E-004   1.0000000000000000E-002   1.2000000000000000E-002   1.0017552065830786        0.0000000000000000        1.0017552065830786        1.0000000000000000        6.9400066739805622E-310
  0.88499341275654009       -5.0289490940598537E-005   2.7981700231460849E-004   1.0000000000000000E-002   1.2000000000000000E-002   1.0017524586489963        0.0000000000000000        1.0017524586489963        1.0000000000000000        6.9400066739805622E-310
  0.89499389494663351       -4.6608476086376023E-005   2.5932940982276165E-004   1.0000000000000000E-002   1.2000000000000000E-002   1.0017498999541521        0.0000000000000000        1.0017498999541521        1.0000000000000000        6.9400066739805622E-310
  0.90499440122220665       -4.2743535259283945E-005   2.3781978042514140E-004   1.0000000000000000E-002   1.2000000000000000E-002   1.0017475405800129        0.0000000000000000        1.0017475405800129        1.0000000000000000        6.9400066739805622E-310
  0.91499492958555106       -3.8709920251693389E-005   2.1537308154595536E-004   1.0000000000000000E-002   1.2000000000000000E-002   1.0017453898218336        0.0000000000000000        1.0017453898218336        1.0000000000000000        6.9400066739805622E-310
  0.92499547795192494       -3.4523549590284579E-005   1.9207771482321334E-004   1.0000000000000000E-002   1.2000000000000000E-002   1.0017434561521543        0.0000000000000000        1.0017434561521543        1.0000000000000000        6.9400066739805622E-310
  0.93499604415775750       -3.0200943406774967E-005   1.6802555148576204E-004   1.0000000000000000E-002   1.2000000000000000E-002   1.0017417471881496        0.0000000000000000        1.0017417471881496        1.0000000000000000        6.9400066739805622E-310
  0.94499662596918477       -2.5759159919290411E-005   1.4331140555423616E-004   1.0000000000000000E-002   1.2000000000000000E-002   1.0017402696611062        0.0000000000000000        1.0017402696611062        1.0000000000000000        6.9400066739805622E-310
  0.95499722109085783       -2.1215727691454247E-005   1.1803258822418172E-004   1.0000000000000000E-002   1.2000000000000000E-002   1.0017390293907953        0.0000000000000000        1.0017390293907953        1.0000000000000000        6.9400066739805622E-310
  0.96499782717497462       -1.6588575043428522E-005   9.2288892705738590E-005   1.0000000000000000E-002   1.2000000000000000E-002   1.0017380312617807        0.0000000000000000        1.0017380312617807        1.0000000000000000        6.9400066739805622E-310
  0.97499844183055895       -1.1895962206249072E-005   6.6181547770938209E-005   1.0000000000000000E-002   1.2000000000000000E-002   1.0017372792048591        0.0000000000000000        1.0017372792048591        1.0000000000000000        6.9400066739805622E-310
  0.98499906263285342       -7.1564065166086357E-006   3.9813475188665848E-005   1.0000000000000000E-002   1.2000000000000000E-002   1.0017367761822775        0.0000000000000000        1.0017367761822775        1.0000000000000000        6.9400066739805622E-310
  0.99499968713288456       -2.3886104811400367E-006   1.3288611665274175E-005   1.0000000000000000E-002   1.2000000000000000E-002   1.0017365241748424        0.0000000000000000        1.0017365241748424        1.0000000000000000        6.9400066739805622E-310
   1.0050003128671159        2.3886067554759842E-006  -1.3043425879821768E-005   1.0000000000000000E-002   1.2000000000000000E-002   1.0017365241748091        0.0000000000000000        1.0017365241748091        1.0000000000000000        6.9400066739805622E-310
   1.0150009373671480        7.1563948695348646E-006  -3.9078915542667403E-005   1.0000000000000000E-002   1.2000000000000000E-002   1.0017367761823017        0.0000000000000000        1.0017367761823017        1.0000000000000000        6.9400066739805622E-310
   1.0250015581694409        1.1895943253843582E-005  -6.4960446995776522E-005   1.0000000000000000E-002   1.2000000000000000E-002   1.0017372792049917        0.0000000000000000        1.0017372792049917        1.0000000000000000        6.9400066739805622E-310
   1.0350021728250236        1.6588548504714770E-005  -9.0586068822950949E-005   1.0000000000000000E-002   1.2000000000000000E-002   1.0017380312616810        0.0000000000000000        1.0017380312616810        1.0000000000000000        6.9400066739805622E-310
   1.0450027789091445        2.1215693606773643E-005  -1.1585487149545770E-004   1.0000000000000000E-002   1.2000000000000000E-002   1.0017390293906407        0.0000000000000000        1.0017390293906407        1.0000000000000000        6.9400066739805622E-310
  -5.0003128671154418E-003  -2.3889046889352296E-006  -3.5767633061438002E+077   1.0000000000000000E-002   1.2000000000000000E-002   1.0017365241748424        0.0000000000000000        1.0017365241748424        1.0000000000000000        6.9400066739805622E-310
  -1.5000937367146583E-002  -7.1572880253178628E-006   0.0000000000000000        1.0000000000000000E-002   1.2000000000000000E-002   1.0017367761822775        0.0000000000000000        1.0017367761822775        1.0000000000000000        6.9400066739805622E-310
  -2.5001558169441052E-002  -1.1897427516645825E-005  -3.5767633061438002E+077   1.0000000000000000E-002   1.2000000000000000E-002   1.0017372792048591        0.0000000000000000        1.0017372792048591        1.0000000000000000        6.9400066739805622E-310
  -3.5002172825025379E-002  -1.6590618377297561E-005   6.9400068546417920E-310   1.0000000000000000E-002   1.2000000000000000E-002   1.0017380312617807        0.0000000000000000        1.0017380312617807        1.0000000000000000        6.9400066739805622E-310
  -4.5002778909142171E-002  -2.1218341001723230E-005   6.9400066883177543E-310   1.0000000000000000E-002   1.2000000000000000E-002   1.0017390293907953        0.0000000000000000        1.0017390293907953        1.0000000000000000        6.9400066739805622E-310
