 # x, v, a, m, h, rho, u, P, c, ke
   2.6016000000000208     
   4.9995424984897426E-003  -9.8620963370372925E-007   1.9444259728551572E-005   1.0000000000000000E-002   1.2000000000000000E-002   1.0018938479756216        0.0000000000000000        1.0018938479756216        1.0000000000000000        6.9400066739805622E-310
   1.4998629301264940E-002  -2.9547417690061724E-006   5.8255987175570567E-005   1.0000000000000000E-002   1.2000000000000000E-002   1.0018934791400098        0.0000000000000000        1.0018934791400098        1.0000000000000000        6.9400066739805622E-310
   2.4997721514296498E-002  -4.9116286525311531E-006   9.6837651185843754E-005   1.0000000000000000E-002   1.2000000000000000E-002   1.0018927429260525        0.0000000000000000        1.0018927429260525        1.0000000000000000        6.9400066739805622E-310
   3.4996822720680790E-002  -6.8491582542994066E-006   1.3503691842586818E-004   1.0000000000000000E-002   1.2000000000000000E-002   1.0018916422423350        0.0000000000000000        1.0018916422423350        1.0000000000000000        6.9400066739805622E-310
   4.4995936468006044E-002  -8.7596928471060648E-006   1.7270287963988551E-004   1.0000000000000000E-002   1.2000000000000000E-002   1.0018901814374905        0.0000000000000000        1.0018901814374905        1.0000000000000000        6.9400066739805622E-310
   5.4995066254337317E-002  -1.0635702367591267E-005   2.0968682039157471E-004   1.0000000000000000E-002   1.2000000000000000E-002   1.0018883662830513        0.0000000000000000        1.0018883662830513        1.0000000000000000        6.9400066739805622E-310
   6.4994215514405859E-002  -1.2469791678711930E-005   2.4584277508932217E-004   1.0000000000000000E-002   1.2000000000000000E-002   1.0018862039498542        0.0000000000000000        1.0018862039498542        1.0000000000000000        6.9400066739805622E-310
   7.4993387606059281E-002  -1.4254730350653249E-005   2.8102782930261583E-004   1.0000000000000000E-002   1.2000000000000000E-002   1.0018837029805183        0.0000000000000000        1.0018837029805183        1.0000000000000000        6.9400066739805622E-310
   8.4992585796982364E-002  -1.5983480457984706E-005   3.1510319367189510E-004   1.0000000000000000E-002   1.2000000000000000E-002   1.0018808732552644        0.0000000000000000        1.0018808732552644        1.0000000000000000        6.9400066739805622E-310
   9.4991813251816687E-002  -1.7649224921960007E-005   3.4793425030787972E-004   1.0000000000000000E-002   1.2000000000000000E-002   1.0018777259524454        0.0000000000000000        1.0018777259524454        1.0000000000000000        6.9400066739805622E-310
  0.10499107301965337       -1.9245394924539515E-005   3.7939142000276149E-004   1.0000000000000000E-002   1.2000000000000000E-002   1.0018742735048112        0.0000000000000000        1.0018742735048112        1.0000000000000000        6.9400066739805622E-310
  0.11499036802200208       -2.0765694180227937E-005   4.0935055525981312E-004   1.0000000000000000E-002   1.2000000000000000E-002   1.0018705295496324        0.0000000000000000        1.0018705295496324        1.0000000000000000        6.9400066739805622E-310
  0.12498970104126199       -2.2204124646688088E-005   4.3769334339227584E-004   1.0000000000000000E-002   1.2000000000000000E-002   1.0018665088751773        0.0000000000000000        1.0018665088751773        1.0000000000000000        6.9400066739805622E-310
  0.13498907470973243       -2.3555010094259508E-005   4.6430793691509820E-004   1.0000000000000000E-002   1.2000000000000000E-002   1.0018622273621938        0.0000000000000000        1.0018622273621938        1.0000000000000000        6.9400066739805622E-310
  0.14498849149922644       -2.4813018830612374E-005   4.8908932934033089E-004   1.0000000000000000E-002   1.2000000000000000E-002   1.0018577019206647        0.0000000000000000        1.0018577019206647        1.0000000000000000        6.9400066739805622E-310
  0.15498795371131788       -2.5973184109030318E-005   5.1193973390173397E-004   1.0000000000000000E-002   1.2000000000000000E-002   1.0018529504229665        0.0000000000000000        1.0018529504229665        1.0000000000000000        6.9400066739805622E-310
  0.16498746346825971       -2.7030923461926580E-005   5.3276896771592419E-004   1.0000000000000000E-002   1.2000000000000000E-002   1.0018479916333929        0.0000000000000000        1.0018479916333929        1.0000000000000000        6.9400066739805622E-310
  0.17498702270460645       -2.7982058385254880E-005   5.5149490633699116E-004   1.0000000000000000E-002   1.2000000000000000E-002   1.0018428451337222        0.0000000000000000        1.0018428451337222        1.0000000000000000        6.9400066739805622E-310
  0.18498663315958719       -2.8822829625803436E-005   5.6804370699392592E-004   1.0000000000000000E-002   1.2000000000000000E-002   1.0018375312455734        0.0000000000000000        1.0018375312455734        1.0000000000000000        6.9400066739805622E-310
  0.19498629637024581       -2.9549911913876630E-005   5.8235009512674907E-004   1.0000000000000000E-002   1.2000000000000000E-002   1.0018320709503212        0.0000000000000000        1.0018320709503212        1.0000000000000000        6.9400066739805622E-310
  0.20498601366537772       -3.0160428139505876E-005   5.9435766692939040E-004   1.0000000000000000E-002   1.2000000000000000E-002   1.0018264858062547        0.0000000000000000        1.0018264858062547        1.0000000000000000        6.9400066739805622E-310
  0.21498578616028818       -3.0651960304170298E-005   6.0401919027253115E-004   1.0000000000000000E-002   1.2000000000000000E-002   1.0018207978628799        0.0000000000000000        1.0018207978628799        1.0000000000000000        6.9400066739805622E-310
  0.22498561475240642       -3.1022559366831651E-005   6.1129657385894376E-004   1.0000000000000000E-002   1.2000000000000000E-002   1.0018150295739243        0.0000000000000000        1.0018150295739243        1.0000000000000000        6.9400066739805622E-310
  0.23498550011774419       -3.1270752739728206E-005   6.1616116704943380E-004   1.0000000000000000E-002   1.2000000000000000E-002   1.0018092037091111        0.0000000000000000        1.0018092037091111        1.0000000000000000        6.9400066739805622E-310
  0.24498544270823244       -3.1395550622373495E-005   6.1859392342533681E-004   1.0000000000000000E-002   1.2000000000000000E-002   1.0018033432636886        0.0000000000000000        1.0018033432636886        1.0000000000000000        6.9400066739805622E-310
  0.25498544274995250       -3.1396449977082676E-005   6.1858530563618785E-004   1.0000000000000000E-002   1.2000000000000000E-002   1.0017974713677482        0.0000000000000000        1.0017974713677482        1.0000000000000000        6.9400066739805622E-310
  0.26498550024224488       -3.1273436278903619E-005   6.1613548565908616E-004   1.0000000000000000E-002   1.2000000000000000E-002   1.0017916111949530        0.0000000000000000        1.0017916111949530        1.0000000000000000        6.9400066739805622E-310
  0.27498561495772667       -3.1026985374097067E-005   6.1125417289975559E-004   1.0000000000000000E-002   1.2000000000000000E-002   1.0017857858711934        0.0000000000000000        1.0017857858711934        1.0000000000000000        6.9400066739805622E-310
  0.28498578644318717       -3.0658058747165224E-005   6.0396079266400449E-004   1.0000000000000000E-002   1.2000000000000000E-002   1.0017800183832370        0.0000000000000000        1.0017800183832370        1.0000000000000000        6.9400066739805622E-310
  0.29498601402139341       -3.0168102510843618E-005   5.9428420095297696E-004   1.0000000000000000E-002   1.2000000000000000E-002   1.0017743314878749        0.0000000000000000        1.0017743314878749        1.0000000000000000        6.9400066739805622E-310
  0.30498629679376527       -2.9559041382611570E-005   5.8226268291328154E-004   1.0000000000000000E-002   1.2000000000000000E-002   1.0017687476224526        0.0000000000000000        1.0017687476224526        1.0000000000000000        6.9400066739805622E-310
  0.31498663364393142       -2.8833270124954583E-005   5.6794373286273014E-004   1.0000000000000000E-002   1.2000000000000000E-002   1.0017632888164492        0.0000000000000000        1.0017632888164492        1.0000000000000000        6.9400066739805622E-310
  0.32498702324213624       -2.7993645702378757E-005   5.5138397308507336E-004   1.0000000000000000E-002   1.2000000000000000E-002   1.0017579766045135        0.0000000000000000        1.0017579766045135        1.0000000000000000        6.9400066739805622E-310
  0.33498746405049951       -2.7043474461662550E-005   5.3264879131287302E-004   1.0000000000000000E-002   1.2000000000000000E-002   1.0017528319416285        0.0000000000000000        1.0017528319416285        1.0000000000000000        6.9400066739805622E-310
  0.34498795432908491       -2.5986500758769139E-005   5.1181221893781270E-004   1.0000000000000000E-002   1.2000000000000000E-002   1.0017478751205482        0.0000000000000000        1.0017478751205482        1.0000000000000000        6.9400066739805622E-310
  0.35498849214277772       -2.4826891587205018E-005   4.8895649170876965E-004   1.0000000000000000E-002   1.2000000000000000E-002   1.0017431256919516        0.0000000000000000        1.0017431256919516        1.0000000000000000        6.9400066739805622E-310
  0.36498907536891734       -2.3569219743836951E-005   4.6417190514258522E-004   1.0000000000000000E-002   1.2000000000000000E-002   1.0017386023873216        0.0000000000000000        1.0017386023873216        1.0000000000000000        6.9400066739805622E-310
  0.37498970170568779       -2.2218447173308476E-005   4.3755618875085389E-004   1.0000000000000000E-002   1.2000000000000000E-002   1.0017343230455054        0.0000000000000000        1.0017343230455054        1.0000000000000000        6.9400066739805622E-310
  0.38499036868118852       -2.0779903856237704E-005   4.0921447809783018E-004   1.0000000000000000E-002   1.2000000000000000E-002   1.0017303045424402        0.0000000000000000        1.0017303045424402        1.0000000000000000        6.9400066739805622E-310
  0.39499107366320207       -1.9259267535118740E-005   3.7925862759813356E-004   1.0000000000000000E-002   1.2000000000000000E-002   1.0017265627241545        0.0000000000000000        1.0017265627241545        1.0000000000000000        6.9400066739805622E-310
  0.40499181386958283       -1.7662541764603202E-005   3.4780673998291434E-004   1.0000000000000000E-002   1.2000000000000000E-002   1.0017231123453871        0.0000000000000000        1.0017231123453871        1.0000000000000000        6.9400066739805622E-310
  0.41499258637922271       -1.5996031446163274E-005   3.1498300372767574E-004   1.0000000000000000E-002   1.2000000000000000E-002   1.0017199670111181        0.0000000000000000        1.0017199670111181        1.0000000000000000        6.9400066739805622E-310
  0.42499338814358950       -1.4266317513528353E-005   2.8091690323517327E-004   1.0000000000000000E-002   1.2000000000000000E-002   1.0017171391226649        0.0000000000000000        1.0017171391226649        1.0000000000000000        6.9400066739805622E-310
  0.43499421599875188       -1.2480232343603667E-005   2.4574278328604038E-004   1.0000000000000000E-002   1.2000000000000000E-002   1.0017146398295971        0.0000000000000000        1.0017146398295971        1.0000000000000000        6.9400066739805622E-310
  0.44499506667785721       -1.0644832130777816E-005   2.0959941998288656E-004   1.0000000000000000E-002   1.2000000000000000E-002   1.0017124789856733        0.0000000000000000        1.0017124789856733        1.0000000000000000        6.9400066739805622E-310
  0.45499593682402317       -8.7673671700432599E-006   1.7262938751727575E-004   1.0000000000000000E-002   1.2000000000000000E-002   1.0017106651099403        0.0000000000000000        1.0017106651099403        1.0000000000000000        6.9400066739805622E-310
  0.46499682300357859       -6.8552562342273399E-006   1.3497853690047634E-004   1.0000000000000000E-002   1.2000000000000000E-002   1.0017092053531589        0.0000000000000000        1.0017092053531589        1.0000000000000000        6.9400066739805622E-310
  0.47499772171961524       -4.9160548919349746E-006   9.6795261448789915E-005   1.0000000000000000E-002   1.2000000000000000E-002   1.0017081054703074        0.0000000000000000        1.0017081054703074        1.0000000000000000        6.9400066739805622E-310
  0.48499862942576455       -2.9574256086132493E-006   5.8230315870488880E-005   1.0000000000000000E-002   1.2000000000000000E-002   1.0017073697973236        0.0000000000000000        1.0017073697973236        1.0000000000000000        6.9400066739805622E-310
  0.49499954254020978       -9.8710885338698360E-007   1.9435646478882518E-005   1.0000000000000000E-002   1.2000000000000000E-002   1.0017070012342539        0.0000000000000000        1.0017070012342539        1.0000000000000000        6.9400066739805622E-310
  0.50500045745979272        9.8710906117386451E-007  -1.9435680703061564E-005   1.0000000000000000E-002   1.2000000000000000E-002   1.0017070012344218        0.0000000000000000        1.0017070012344218        1.0000000000000000        6.9400066739805622E-310
  0.51500137057423379        2.9574255212836163E-006  -5.8230259587510602E-005   1.0000000000000000E-002   1.2000000000000000E-002   1.0017073697973715        0.0000000000000000        1.0017073697973715        1.0000000000000000        6.9400066739805622E-310
  0.52500227828038637        4.9160546241481130E-006  -9.6795292455098547E-005   1.0000000000000000E-002   1.2000000000000000E-002   1.0017081054702441        0.0000000000000000        1.0017081054702441        1.0000000000000000        6.9400066739805622E-310
  0.53500317699642141        6.8552562197802376E-006  -1.3497852892818685E-004   1.0000000000000000E-002   1.2000000000000000E-002   1.0017092053532146        0.0000000000000000        1.0017092053532146        1.0000000000000000        6.9400066739805622E-310
  0.54500406317597694        8.7673672914320327E-006  -1.7262938218376433E-004   1.0000000000000000E-002   1.2000000000000000E-002   1.0017106651099172        0.0000000000000000        1.0017106651099172        1.0000000000000000        6.9400066739805622E-310
  0.55500493332214351        1.0644832102256710E-005  -2.0959943561127403E-004   1.0000000000000000E-002   1.2000000000000000E-002   1.0017124789857033        0.0000000000000000        1.0017124789857033        1.0000000000000000        6.9400066739805622E-310
  0.56500578400124757        1.2480232559045068E-005  -2.4574276765143566E-004   1.0000000000000000E-002   1.2000000000000000E-002   1.0017146398296326        0.0000000000000000        1.0017146398296326        1.0000000000000000        6.9400066739805622E-310
  0.57500661185641022        1.4266317456443256E-005  -2.8091688668130388E-004   1.0000000000000000E-002   1.2000000000000000E-002   1.0017171391225483        0.0000000000000000        1.0017171391225483        1.0000000000000000        6.9400066739805622E-310
  0.58500741362077946        1.5996031230246329E-005  -3.1498304053378945E-004   1.0000000000000000E-002   1.2000000000000000E-002   1.0017199670110934        0.0000000000000000        1.0017199670110934        1.0000000000000000        6.9400066739805622E-310
  0.59500818613041750        1.7662541982928905E-005  -3.4780673684675634E-004   1.0000000000000000E-002   1.2000000000000000E-002   1.0017231123455199        0.0000000000000000        1.0017231123455199        1.0000000000000000        6.9400066739805622E-310
  0.60500892633679693        1.9259267434365346E-005  -3.7925859934873074E-004   1.0000000000000000E-002   1.2000000000000000E-002   1.0017265627241365        0.0000000000000000        1.0017265627241365        1.0000000000000000        6.9400066739805622E-310
  0.61500963131881237        2.0779903811546921E-005  -4.0921449419162315E-004   1.0000000000000000E-002   1.2000000000000000E-002   1.0017303045423722        0.0000000000000000        1.0017303045423722        1.0000000000000000        6.9400066739805622E-310
  0.62501029829431276        2.2218447270948837E-005  -4.3755618893293047E-004   1.0000000000000000E-002   1.2000000000000000E-002   1.0017343230455158        0.0000000000000000        1.0017343230455158        1.0000000000000000        6.9400066739805622E-310
  0.63501092463108311        2.3569219718699555E-005  -4.6417189919534252E-004   1.0000000000000000E-002   1.2000000000000000E-002   1.0017386023872956        0.0000000000000000        1.0017386023872956        1.0000000000000000        6.9400066739805622E-310
  0.64501150785722350        2.4826891586523675E-005  -4.8895650381020062E-004   1.0000000000000000E-002   1.2000000000000000E-002   1.0017431256919638        0.0000000000000000        1.0017431256919638        1.0000000000000000        6.9400066739805622E-310
  0.65501204567091520        2.5986500577139664E-005  -5.1181220790219584E-004   1.0000000000000000E-002   1.2000000000000000E-002   1.0017478751205591        0.0000000000000000        1.0017478751205591        1.0000000000000000        6.9400066739805622E-310
  0.66501253594950160        2.7043474554528217E-005  -5.3264881264336594E-004   1.0000000000000000E-002   1.2000000000000000E-002   1.0017528319416868        0.0000000000000000        1.0017528319416868        1.0000000000000000        6.9400066739805622E-310
  0.67501297675786265        2.7993645554833942E-005  -5.5138395186382638E-004   1.0000000000000000E-002   1.2000000000000000E-002   1.0017579766045730        0.0000000000000000        1.0017579766045730        1.0000000000000000        6.9400066739805622E-310
  0.68501336635606835        2.8833270420395037E-005  -5.6794373268687082E-004   1.0000000000000000E-002   1.2000000000000000E-002   1.0017632888164107        0.0000000000000000        1.0017632888164107        1.0000000000000000        6.9400066739805622E-310
  0.69501370320623446        2.9559041380810372E-005  -5.8226267075323079E-004   1.0000000000000000E-002   1.2000000000000000E-002   1.0017687476223602        0.0000000000000000        1.0017687476223602        1.0000000000000000        6.9400066739805622E-310
  0.70501398597860832        3.0168102521496778E-005  -5.9428421921037256E-004   1.0000000000000000E-002   1.2000000000000000E-002   1.0017743314878109        0.0000000000000000        1.0017743314878109        1.0000000000000000        6.9400066739805622E-310
  0.71501421355681383        3.0658058574581333E-005  -6.0396078702940059E-004   1.0000000000000000E-002   1.2000000000000000E-002   1.0017800183832251        0.0000000000000000        1.0017800183832251        1.0000000000000000        6.9400066739805622E-310
  0.72501438504227533        3.1026985251138146E-005  -6.1125419314400631E-004   1.0000000000000000E-002   1.2000000000000000E-002   1.0017857858712516        0.0000000000000000        1.0017857858712516        1.0000000000000000        6.9400066739805622E-310
  0.73501449975775479        3.1273436497311532E-005  -6.1613545782090995E-004   1.0000000000000000E-002   1.2000000000000000E-002   1.0017916111949763        0.0000000000000000        1.0017916111949763        1.0000000000000000        6.9400066739805622E-310
  0.74501455725004906        3.1396449804867353E-005  -6.1858532707503855E-004   1.0000000000000000E-002   1.2000000000000000E-002   1.0017974713677427        0.0000000000000000        1.0017974713677427        1.0000000000000000        6.9400066739805622E-310
  0.75501455729176747        3.1395550779751458E-005  -6.1859391171115163E-004   1.0000000000000000E-002   1.2000000000000000E-002   1.0018033432637297        0.0000000000000000        1.0018033432637297        1.0000000000000000        6.9400066739805622E-310
  0.76501449988225645        3.1270752662849124E-005  -6.1616117746243759E-004   1.0000000000000000E-002   1.2000000000000000E-002   1.0018092037091400        0.0000000000000000        1.0018092037091400        1.0000000000000000        6.9400066739805622E-310
  0.77501438524759292        3.1022559497094714E-005  -6.1129655423819429E-004   1.0000000000000000E-002   1.2000000000000000E-002   1.0018150295739181        0.0000000000000000        1.0018150295739181        1.0000000000000000        6.9400066739805622E-310
  0.78501421383971248        3.0651960359038226E-005  -6.0401919339181376E-004   1.0000000000000000E-002   1.2000000000000000E-002   1.0018207978627955        0.0000000000000000        1.0018207978627955        1.0000000000000000        6.9400066739805622E-310
  0.79501398633462350        3.0160428104224297E-005  -5.9435767675530826E-004   1.0000000000000000E-002   1.2000000000000000E-002   1.0018264858062276        0.0000000000000000        1.0018264858062276        1.0000000000000000        6.9400066739805622E-310
  0.80501370362975544        2.9549911733326573E-005  -5.8235010346319172E-004   1.0000000000000000E-002   1.2000000000000000E-002   1.0018320709503794        0.0000000000000000        1.0018320709503794        1.0000000000000000        6.9400066739805622E-310
  0.81501336684041259        2.8822829600126025E-005  -5.6804368082108425E-004   1.0000000000000000E-002   1.2000000000000000E-002   1.0018375312455514        0.0000000000000000        1.0018375312455514        1.0000000000000000        6.9400066739805622E-310
  0.82501297729539536        2.7982058391311840E-005  -5.5149493146799955E-004   1.0000000000000000E-002   1.2000000000000000E-002   1.0018428451336909        0.0000000000000000        1.0018428451336909        1.0000000000000000        6.9400066739805622E-310
  0.83501253653174101        2.7030923430365550E-005  -5.3276897689169544E-004   1.0000000000000000E-002   1.2000000000000000E-002   1.0018479916335261        0.0000000000000000        1.0018479916335261        1.0000000000000000        6.9400066739805622E-310
  0.84501204628868087        2.5973184066622570E-005  -5.1193971135443661E-004   1.0000000000000000E-002   1.2000000000000000E-002   1.0018529504230276        0.0000000000000000        1.0018529504230276        1.0000000000000000        6.9400066739805622E-310
  0.85501150850077312        2.4813018809032888E-005  -4.8908933417024514E-004   1.0000000000000000E-002   1.2000000000000000E-002   1.0018577019206549        0.0000000000000000        1.0018577019206549        1.0000000000000000        6.9400066739805622E-310
  0.86501092529026657        2.3555010307207897E-005  -4.6430792758300754E-004   1.0000000000000000E-002   1.2000000000000000E-002   1.0018622273621594        0.0000000000000000        1.0018622273621594        1.0000000000000000        6.9400066739805622E-310
  0.87501029895873839        2.2204124761454731E-005  -4.3769336645649304E-004   1.0000000000000000E-002   1.2000000000000000E-002   1.0018665088752035        0.0000000000000000        1.0018665088752035        1.0000000000000000        6.9400066739805622E-310
  0.88500963197799631        2.0765694065130617E-005  -4.0935053049206971E-004   1.0000000000000000E-002   1.2000000000000000E-002   1.0018705295496579        0.0000000000000000        1.0018705295496579        1.0000000000000000        6.9400066739805622E-310
  0.89500892698034629        1.9245394939862734E-005  -3.7939142283249794E-004   1.0000000000000000E-002   1.2000000000000000E-002   1.0018742735047252        0.0000000000000000        1.0018742735047252        1.0000000000000000        6.9400066739805622E-310
  0.90500818674818384        1.7649224944268639E-005  -3.4793427247237219E-004   1.0000000000000000E-002   1.2000000000000000E-002   1.0018777259524858        0.0000000000000000        1.0018777259524858        1.0000000000000000        6.9400066739805622E-310
  0.91500741420301623        1.5983480450780830E-005  -3.1510317358218742E-004   1.0000000000000000E-002   1.2000000000000000E-002   1.0018808732553037        0.0000000000000000        1.0018808732553037        1.0000000000000000        6.9400066739805622E-310
  0.92500661239394044        1.4254730230005047E-005  -2.8102784076455833E-004   1.0000000000000000E-002   1.2000000000000000E-002   1.0018837029805219        0.0000000000000000        1.0018837029805219        1.0000000000000000        6.9400066739805622E-310
  0.93500578448559268        1.2469791766929408E-005  -2.4584275511241316E-004   1.0000000000000000E-002   1.2000000000000000E-002   1.0018862039498244        0.0000000000000000        1.0018862039498244        1.0000000000000000        6.9400066739805622E-310
  0.94500493374566297        1.0635702697601610E-005  -2.0968683565403268E-004   1.0000000000000000E-002   1.2000000000000000E-002   1.0018883662829903        0.0000000000000000        1.0018883662829903        1.0000000000000000        6.9400066739805622E-310
  0.95500406353199396        8.7596926461319296E-006  -1.7270288610227169E-004   1.0000000000000000E-002   1.2000000000000000E-002   1.0018901814375367        0.0000000000000000        1.0018901814375367        1.0000000000000000        6.9400066739805622E-310
  0.96500317727931828        6.8491580909632838E-006  -1.3503690061700269E-004   1.0000000000000000E-002   1.2000000000000000E-002   1.0018916422423241        0.0000000000000000        1.0018916422423241        1.0000000000000000        6.9400066739805622E-310
  0.97500227848570375        4.9116288440803408E-006  -9.6837659033788270E-005   1.0000000000000000E-002   1.2000000000000000E-002   1.0018927429259983        0.0000000000000000        1.0018927429259983        1.0000000000000000        6.9400066739805622E-310
  0.98500137069873539        2.9547416338310380E-006  -5.8255994007438971E-005   1.0000000000000000E-002   1.2000000000000000E-002   1.0018934791400240        0.0000000000000000        1.0018934791400240        1.0000000000000000        6.9400066739805622E-310
  0.99500045750151012        9.8620962740902317E-007  -1.9444255660694409E-005   1.0000000000000000E-002   1.2000000000000000E-002   1.0018938479756454        0.0000000000000000        1.0018938479756454        1.0000000000000000        6.9400066739805622E-310
   1.0049995424984897       -9.8620394884527864E-007   1.9341424065011381E-005   1.0000000000000000E-002   1.2000000000000000E-002   1.0018938479756216        0.0000000000000000        1.0018938479756216        1.0000000000000000        6.9400066739805622E-310
   1.0149986293012649       -2.9547247361052161E-006   5.7947900345745040E-005   1.0000000000000000E-002   1.2000000000000000E-002   1.0018934791400098        0.0000000000000000        1.0018934791400098        1.0000000000000000        6.9400066739805622E-310
   1.0249977215142965       -4.9116003387670204E-006   9.6325529270302468E-005   1.0000000000000000E-002   1.2000000000000000E-002   1.0018927429260525        0.0000000000000000        1.0018927429260525        1.0000000000000000        6.9400066739805622E-310
   1.0349968227206807       -6.8491187721133526E-006   1.3432274048685855E-004   1.0000000000000000E-002   1.2000000000000000E-002   1.0018916422423350        0.0000000000000000        1.0018916422423350        1.0000000000000000        6.9400066739805622E-310
   1.0449959364680061       -8.7596423528679405E-006   1.7178948215779144E-004   1.0000000000000000E-002   1.2000000000000000E-002   1.0018901814374905        0.0000000000000000        1.0018901814374905        1.0000000000000000        6.9400066739805622E-310
  -4.9995424984898840E-003   9.8633303246053410E-007  -3.5767633061438002E+077   1.0000000000000000E-002   1.2000000000000000E-002   1.0018938479756454        0.0000000000000000        1.0018938479756454        1.0000000000000000        6.9400066739805622E-310
  -1.4998629301264610E-002   2.9551113324643446E-006   0.0000000000000000        1.0000000000000000E-002   1.2000000000000000E-002   1.0018934791400240        0.0000000000000000        1.0018934791400240        1.0000000000000000        6.9400066739805622E-310
  -2.4997721514296245E-002   4.9122434056201323E-006  -3.5767633061438002E+077   1.0000000000000000E-002   1.2000000000000000E-002   1.0018927429259983        0.0000000000000000        1.0018927429259983        1.0000000000000000        6.9400066739805622E-310
  -3.4996822720681720E-002   6.8500150945876168E-006   6.9400068546417920E-310   1.0000000000000000E-002   1.2000000000000000E-002   1.0018916422423241        0.0000000000000000        1.0018916422423241        1.0000000000000000        6.9400066739805622E-310
  -4.4995936468006037E-002   8.7607887098101485E-006   6.9400066883177543E-310   1.0000000000000000E-002   1.2000000000000000E-002   1.0018901814375367        0.0000000000000000        1.0018901814375367        1.0000000000000000        6.9400066739805622E-310
