 # x, v, a, m, h, rho, u, P, c, ke
   4.1520000000001085     
   5.0004506209701165E-003  -1.1129223978026967E-006  -1.9153905117974546E-005   1.0000000000000000E-002   1.2000000000000000E-002   1.0017083976008043        0.0000000000000000        1.0017083976008043        1.0000000000000000        6.9400066739805622E-310
   1.5001350083942676E-002  -3.3343831555726411E-006  -5.7386110947632574E-005   1.0000000000000000E-002   1.2000000000000000E-002   1.0017087608212401        0.0000000000000000        1.0017087608212401        1.0000000000000000        6.9400066739805622E-310
   2.5002244217031341E-002  -5.5427073262698605E-006  -9.5391523379895204E-005   1.0000000000000000E-002   1.2000000000000000E-002   1.0017094858276869        0.0000000000000000        1.0017094858276869        1.0000000000000000        6.9400066739805622E-310
   3.5003129490389771E-002  -7.7291949735568106E-006  -1.3302006076454376E-004   1.0000000000000000E-002   1.2000000000000000E-002   1.0017105697567170        0.0000000000000000        1.0017105697567170        1.0000000000000000        6.9400066739805622E-310
   4.5004002409175313E-002  -9.8852314104994183E-006  -1.7012297780016894E-004   1.0000000000000000E-002   1.2000000000000000E-002   1.0017120083273876        0.0000000000000000        1.0017120083273876        1.0000000000000000        6.9400066739805622E-310
   5.5004859527373148E-002  -1.2002320983936760E-005  -2.0655381475354062E-004   1.0000000000000000E-002   1.2000000000000000E-002   1.0017137958584090        0.0000000000000000        1.0017137958584090        1.0000000000000000        6.9400066739805622E-310
   6.5005697461392287E-002  -1.4072121564743120E-005  -2.4216850615221830E-004   1.0000000000000000E-002   1.2000000000000000E-002   1.0017159252903538        0.0000000000000000        1.0017159252903538        1.0000000000000000        6.9400066739805622E-310
   7.5006512903454420E-002  -1.6086475019609698E-005  -2.7682643707827026E-004   1.0000000000000000E-002   1.2000000000000000E-002   1.0017183882132525        0.0000000000000000        1.0017183882132525        1.0000000000000000        6.9400066739805622E-310
   8.5007302634651477E-002  -1.8037442025982051E-005  -3.1039077238492752E-004   1.0000000000000000E-002   1.2000000000000000E-002   1.0017211749009227        0.0000000000000000        1.0017211749009227        1.0000000000000000        6.9400066739805622E-310
   9.5008063537654286E-002  -1.9917331001441682E-005  -3.4272884354091815E-004   1.0000000000000000E-002   1.2000000000000000E-002   1.0017242743485273        0.0000000000000000        1.0017242743485273        1.0000000000000000        6.9400066739805622E-310
  0.10500879260903896       -2.1718729446554684E-005  -3.7371300434241306E-004   1.0000000000000000E-002   1.2000000000000000E-002   1.0017276743161583        0.0000000000000000        1.0017276743161583        1.0000000000000000        6.9400066739805622E-310
  0.11500948697113936       -2.3434533311958370E-005  -4.0322093282263438E-004   1.0000000000000000E-002   1.2000000000000000E-002   1.0017313613778087        0.0000000000000000        1.0017313613778087        1.0000000000000000        6.9400066739805622E-310
  0.12501014388341064       -2.5057973238119409E-005  -4.3113614810152967E-004   1.0000000000000000E-002   1.2000000000000000E-002   1.0017353209742685        0.0000000000000000        1.0017353209742685        1.0000000000000000        6.9400066739805622E-310
  0.13501076075324514       -2.6582643336919358E-005  -4.5734838400157685E-004   1.0000000000000000E-002   1.2000000000000000E-002   1.0017395374702800        0.0000000000000000        1.0017395374702800        1.0000000000000000        6.9400066739805622E-310
  0.14501133514621659       -2.8002526024136549E-005  -4.8175429523578117E-004   1.0000000000000000E-002   1.2000000000000000E-002   1.0017439942167021        0.0000000000000000        1.0017439942167021        1.0000000000000000        6.9400066739805622E-310
  0.15501186479567647       -2.9312013958769680E-005  -5.0425764105099802E-004   1.0000000000000000E-002   1.2000000000000000E-002   1.0017486736170367        0.0000000000000000        1.0017486736170367        1.0000000000000000        6.9400066739805622E-310
  0.16501234761168926       -3.0505935086382044E-005  -5.2476949717217281E-004   1.0000000000000000E-002   1.2000000000000000E-002   1.0017535571957370        0.0000000000000000        1.0017535571957370        1.0000000000000000        6.9400066739805622E-310
  0.17501278168929640       -3.1579570627714565E-005  -5.4320911182870191E-004   1.0000000000000000E-002   1.2000000000000000E-002   1.0017586256716293        0.0000000000000000        1.0017586256716293        1.0000000000000000        6.9400066739805622E-310
  0.18501316531601023       -3.2528675199560987E-005  -5.5950382643210617E-004   1.0000000000000000E-002   1.2000000000000000E-002   1.0017638590350417        0.0000000000000000        1.0017638590350417        1.0000000000000000        6.9400066739805622E-310
  0.19501349697856135       -3.3349493163419724E-005  -5.7358935109785847E-004   1.0000000000000000E-002   1.2000000000000000E-002   1.0017692366257656        0.0000000000000000        1.0017692366257656        1.0000000000000000        6.9400066739805622E-310
  0.20501377536887191       -3.4038773836361982E-005  -5.8541031810577238E-004   1.0000000000000000E-002   1.2000000000000000E-002   1.0017747372151393        0.0000000000000000        1.0017747372151393        1.0000000000000000        6.9400066739805622E-310
  0.21501399938919072       -3.4593785075132683E-005  -5.9492014981188390E-004   1.0000000000000000E-002   1.2000000000000000E-002   1.0017803390899886        0.0000000000000000        1.0017803390899886        1.0000000000000000        6.9400066739805622E-310
  0.22501416815642244       -3.5012322282087610E-005  -6.0208151600349424E-004   1.0000000000000000E-002   1.2000000000000000E-002   1.0017860201381750        0.0000000000000000        1.0017860201381750        1.0000000000000000        6.9400066739805622E-310
  0.23501428100558872       -3.5292719613322571E-005  -6.0686630199402458E-004   1.0000000000000000E-002   1.2000000000000000E-002   1.0017917579361735        0.0000000000000000        1.0017917579361735        1.0000000000000000        6.9400066739805622E-310
  0.24501433749244089       -3.5433855584748338E-005  -6.0925584108950659E-004   1.0000000000000000E-002   1.2000000000000000E-002   1.0017975298376143        0.0000000000000000        1.0017975298376143        1.0000000000000000        6.9400066739805622E-310
  0.25501433739518736       -3.5435157647863983E-005  -6.0924076101276370E-004   1.0000000000000000E-002   1.2000000000000000E-002   1.0018033130622672        0.0000000000000000        1.0018033130622672        1.0000000000000000        6.9400066739805622E-310
  0.26501428071536576       -3.5296605763485789E-005  -6.0682136990841684E-004   1.0000000000000000E-002   1.2000000000000000E-002   1.0018090847859853        0.0000000000000000        1.0018090847859853        1.0000000000000000        6.9400066739805622E-310
  0.27501416767781173       -3.5018730907928971E-005  -6.0200751461803037E-004   1.0000000000000000E-002   1.2000000000000000E-002   1.0018148222319960        0.0000000000000000        1.0018148222319960        1.0000000000000000        6.9400066739805622E-310
  0.28501399872973754       -3.4602615237722562E-005  -5.9481817202922116E-004   1.0000000000000000E-002   1.2000000000000000E-002   1.0018205027594729        0.0000000000000000        1.0018205027594729        1.0000000000000000        6.9400066739805622E-310
  0.29501377453897498       -3.4049886499653876E-005  -5.8528195604612421E-004   1.0000000000000000E-002   1.2000000000000000E-002   1.0018261039526892        0.0000000000000000        1.0018261039526892        1.0000000000000000        6.9400066739805622E-310
  0.30501349599130984       -3.3362712954721631E-005  -5.7343666598352883E-004   1.0000000000000000E-002   1.2000000000000000E-002   1.0018316037103769        0.0000000000000000        1.0018316037103769        1.0000000000000000        6.9400066739805622E-310
  0.31501316418697267       -3.2543793403649078E-005  -5.5932920067736092E-004   1.0000000000000000E-002   1.2000000000000000E-002   1.0018369803325125        0.0000000000000000        1.0018369803325125        1.0000000000000000        6.9400066739805622E-310
  0.32501278043627940       -3.1596348724792783E-005  -5.4301533282785641E-004   1.0000000000000000E-002   1.2000000000000000E-002   1.0018422126057265        0.0000000000000000        1.0018422126057265        1.0000000000000000        6.9400066739805622E-310
  0.33501234625445236       -3.0524108883655132E-005  -5.2455959966302146E-004   1.0000000000000000E-002   1.2000000000000000E-002   1.0018472798871010        0.0000000000000000        1.0018472798871010        1.0000000000000000        6.9400066739805622E-310
  0.34501186335562162       -2.9331296905571466E-005  -5.0403486926775543E-004   1.0000000000000000E-002   1.2000000000000000E-002   1.0018521621853711        0.0000000000000000        1.0018521621853711        1.0000000000000000        6.9400066739805622E-310
  0.35501133364606047       -2.8022613373735999E-005  -4.8152230028186693E-004   1.0000000000000000E-002   1.2000000000000000E-002   1.0018568402398862        0.0000000000000000        1.0018568402398862        1.0000000000000000        6.9400066739805622E-310
  0.36501075921664322       -2.6603219172256579E-005  -4.5711075372789622E-004   1.0000000000000000E-002   1.2000000000000000E-002   1.0018612955966568        0.0000000000000000        1.0018612955966568        1.0000000000000000        6.9400066739805622E-310
  0.37501014233459340       -2.5078712195731700E-005  -4.3089656666595033E-004   1.0000000000000000E-002   1.2000000000000000E-002   1.0018655106804510        0.0000000000000000        1.0018655106804510        1.0000000000000000        6.9400066739805622E-310
  0.38500948543453706       -2.3455108828909377E-005  -4.0298328132504224E-004   1.0000000000000000E-002   1.2000000000000000E-002   1.0018694688646033        0.0000000000000000        1.0018694688646033        1.0000000000000000        6.9400066739805622E-310
  0.39500879110888415       -2.1738817193673856E-005  -3.7348101118528376E-004   1.0000000000000000E-002   1.2000000000000000E-002   1.0018731545365116        0.0000000000000000        1.0018731545365116        1.0000000000000000        6.9400066739805622E-310
  0.40500806209760265       -1.9936613708954719E-005  -3.4250610920860680E-004   1.0000000000000000E-002   1.2000000000000000E-002   1.0018765531585061        0.0000000000000000        1.0018765531585061        1.0000000000000000        6.9400066739805622E-310
  0.41500730127741525       -1.8055615956294744E-005  -3.1018085916389992E-004   1.0000000000000000E-002   1.2000000000000000E-002   1.0018796513257795        0.0000000000000000        1.0018796513257795        1.0000000000000000        6.9400066739805622E-310
  0.42500651165043790       -1.6103253209285734E-005  -2.7663265952959648E-004   1.0000000000000000E-002   1.2000000000000000E-002   1.0018824368188548        0.0000000000000000        1.0018824368188548        1.0000000000000000        6.9400066739805622E-310
  0.43500569633235481       -1.4087239596026620E-005  -2.4199388753398665E-004   1.0000000000000000E-002   1.2000000000000000E-002   1.0018848986516153        0.0000000000000000        1.0018848986516153        1.0000000000000000        6.9400066739805622E-310
  0.44500485854011962       -1.2015540675488435E-005  -2.0640109269365325E-004   1.0000000000000000E-002   1.2000000000000000E-002   1.0018870271148193        0.0000000000000000        1.0018870271148193        1.0000000000000000        6.9400066739805622E-310
  0.45500400157927973       -9.8963439017254002E-006  -1.6999465787304047E-004   1.0000000000000000E-002   1.2000000000000000E-002   1.0018888138141808        0.0000000000000000        1.0018888138141808        1.0000000000000000        6.9400066739805622E-310
  0.46500312883093498       -7.7380251995461151E-006  -1.3291804212478553E-004   1.0000000000000000E-002   1.2000000000000000E-002   1.0018902517032338        0.0000000000000000        1.0018902517032338        1.0000000000000000        6.9400066739805622E-310
  0.47500224373842165       -5.5491162362987265E-006  -9.5317518191251338E-005   1.0000000000000000E-002   1.2000000000000000E-002   1.0018913351113479        0.0000000000000000        1.0018913351113479        1.0000000000000000        6.9400066739805622E-310
  0.48500134979372289       -3.3382691335099469E-006  -5.7341214277251140E-005   1.0000000000000000E-002   1.2000000000000000E-002   1.0018920597659542        0.0000000000000000        1.0018920597659542        1.0000000000000000        6.9400066739805622E-310
  0.49500045052371933       -1.1142248500927238E-006  -1.9138881932612151E-005   1.0000000000000000E-002   1.2000000000000000E-002   1.0018924228090664        0.0000000000000000        1.0018924228090664        1.0000000000000000        6.9400066739805622E-310
  0.50499954947627912        1.1142249470828970E-006   1.9138895908987763E-005   1.0000000000000000E-002   1.2000000000000000E-002   1.0018924228090118        0.0000000000000000        1.0018924228090118        1.0000000000000000        6.9400066739805622E-310
  0.51499865020627655        3.3382691270468030E-006   5.7341225317308897E-005   1.0000000000000000E-002   1.2000000000000000E-002   1.0018920597657770        0.0000000000000000        1.0018920597657770        1.0000000000000000        6.9400066739805622E-310
  0.52499775626158074        5.5491159329456502E-006   9.5317473807199349E-005   1.0000000000000000E-002   1.2000000000000000E-002   1.0018913351113208        0.0000000000000000        1.0018913351113208        1.0000000000000000        6.9400066739805622E-310
  0.53499687116906502        7.7380254032477540E-006   1.3291805069748364E-004   1.0000000000000000E-002   1.2000000000000000E-002   1.0018902517033730        0.0000000000000000        1.0018902517033730        1.0000000000000000        6.9400066739805622E-310
  0.54499599842071944        9.8963440514658751E-006   1.6999467188316686E-004   1.0000000000000000E-002   1.2000000000000000E-002   1.0018888138142079        0.0000000000000000        1.0018888138142079        1.0000000000000000        6.9400066739805622E-310
  0.55499514145988005        1.2015540711600336E-005   2.0640108691871717E-004   1.0000000000000000E-002   1.2000000000000000E-002   1.0018870271148177        0.0000000000000000        1.0018870271148177        1.0000000000000000        6.9400066739805622E-310
  0.56499430366764436        1.4087239541889558E-005   2.4199390185941638E-004   1.0000000000000000E-002   1.2000000000000000E-002   1.0018848986515763        0.0000000000000000        1.0018848986515763        1.0000000000000000        6.9400066739805622E-310
  0.57499348834956243        1.6103253223186097E-005   2.7663266135036224E-004   1.0000000000000000E-002   1.2000000000000000E-002   1.0018824368187360        0.0000000000000000        1.0018824368187360        1.0000000000000000        6.9400066739805622E-310
  0.58499269872258652        1.8055616020789279E-005   3.1018084109835087E-004   1.0000000000000000E-002   1.2000000000000000E-002   1.0018796513257364        0.0000000000000000        1.0018796513257364        1.0000000000000000        6.9400066739805622E-310
  0.59499193790239846        1.9936613494392589E-005   3.4250612091479837E-004   1.0000000000000000E-002   1.2000000000000000E-002   1.0018765531585021        0.0000000000000000        1.0018765531585021        1.0000000000000000        6.9400066739805622E-310
  0.60499120889111746        2.1738817124680616E-005   3.7348101082912422E-004   1.0000000000000000E-002   1.2000000000000000E-002   1.0018731545364370        0.0000000000000000        1.0018731545364370        1.0000000000000000        6.9400066739805622E-310
  0.61499051456546616        2.3455108907772088E-005   4.0298322798104635E-004   1.0000000000000000E-002   1.2000000000000000E-002   1.0018694688647920        0.0000000000000000        1.0018694688647920        1.0000000000000000        6.9400066739805622E-310
  0.62498985766540394        2.5078712237216514E-005   4.3089662794582040E-004   1.0000000000000000E-002   1.2000000000000000E-002   1.0018655106805938        0.0000000000000000        1.0018655106805938        1.0000000000000000        6.9400066739805622E-310
  0.63498924078335706        2.6603218927357070E-005   4.5711072243559414E-004   1.0000000000000000E-002   1.2000000000000000E-002   1.0018612955966570        0.0000000000000000        1.0018612955966570        1.0000000000000000        6.9400066739805622E-310
  0.64498866635393726        2.8022613742954903E-005   4.8152232398912531E-004   1.0000000000000000E-002   1.2000000000000000E-002   1.0018568402399386        0.0000000000000000        1.0018568402399386        1.0000000000000000        6.9400066739805622E-310
  0.65498813664437716        2.9331296730199637E-005   5.0403488228845106E-004   1.0000000000000000E-002   1.2000000000000000E-002   1.0018521621852405        0.0000000000000000        1.0018521621852405        1.0000000000000000        6.9400066739805622E-310
  0.66498765374554825        3.0524108911255097E-005   5.2455959093045124E-004   1.0000000000000000E-002   1.2000000000000000E-002   1.0018472798869593        0.0000000000000000        1.0018472798869593        1.0000000000000000        6.9400066739805622E-310
  0.67498721956372232        3.1596348859022474E-005   5.4301531838429895E-004   1.0000000000000000E-002   1.2000000000000000E-002   1.0018422126056856        0.0000000000000000        1.0018422126056856        1.0000000000000000        6.9400066739805622E-310
  0.68498683581302866        3.2543793458273081E-005   5.5932920111079198E-004   1.0000000000000000E-002   1.2000000000000000E-002   1.0018369803325355        0.0000000000000000        1.0018369803325355        1.0000000000000000        6.9400066739805622E-310
  0.69498650400869133        3.3362712647301261E-005   5.7343666583786757E-004   1.0000000000000000E-002   1.2000000000000000E-002   1.0018316037103989        0.0000000000000000        1.0018316037103989        1.0000000000000000        6.9400066739805622E-310
  0.70498622546102596        3.4049886779345151E-005   5.8528195646090353E-004   1.0000000000000000E-002   1.2000000000000000E-002   1.0018261039527241        0.0000000000000000        1.0018261039527241        1.0000000000000000        6.9400066739805622E-310
  0.71498600127026291        3.4602615039565709E-005   5.9481816370521301E-004   1.0000000000000000E-002   1.2000000000000000E-002   1.0018205027595242        0.0000000000000000        1.0018205027595242        1.0000000000000000        6.9400066739805622E-310
  0.72498583232218872        3.5018731135731679E-005   6.0200746570338026E-004   1.0000000000000000E-002   1.2000000000000000E-002   1.0018148222323131        0.0000000000000000        1.0018148222323131        1.0000000000000000        6.9400066739805622E-310
  0.73498571928462775        3.5296605770066232E-005   6.0682145597468207E-004   1.0000000000000000E-002   1.2000000000000000E-002   1.0018090847861405        0.0000000000000000        1.0018090847861405        1.0000000000000000        6.9400066739805622E-310
  0.74498566260480947        3.5435157667306567E-005   6.0924077606117066E-004   1.0000000000000000E-002   1.2000000000000000E-002   1.0018033130619510        0.0000000000000000        1.0018033130619510        1.0000000000000000        6.9400066739805622E-310
  0.75498566250755994        3.5433855584090769E-005   6.0925579463955160E-004   1.0000000000000000E-002   1.2000000000000000E-002   1.0017975298374540        0.0000000000000000        1.0017975298374540        1.0000000000000000        6.9400066739805622E-310
  0.76498571899441126        3.5292719305780087E-005   6.0686630486461723E-004   1.0000000000000000E-002   1.2000000000000000E-002   1.0017917579362030        0.0000000000000000        1.0017917579362030        1.0000000000000000        6.9400066739805622E-310
  0.77498583184357728        3.5012322214123068E-005   6.0208153320395752E-004   1.0000000000000000E-002   1.2000000000000000E-002   1.0017860201381048        0.0000000000000000        1.0017860201381048        1.0000000000000000        6.9400066739805622E-310
  0.78498600061081092        3.4593785121831012E-005   5.9492012593320709E-004   1.0000000000000000E-002   1.2000000000000000E-002   1.0017803390899629        0.0000000000000000        1.0017803390899629        1.0000000000000000        6.9400066739805622E-310
  0.79498622463112834        3.4038774128611659E-005   5.8541032508063751E-004   1.0000000000000000E-002   1.2000000000000000E-002   1.0017747372151833        0.0000000000000000        1.0017747372151833        1.0000000000000000        6.9400066739805622E-310
  0.80498650302143937        3.3349493199259850E-005   5.7358933731332939E-004   1.0000000000000000E-002   1.2000000000000000E-002   1.0017692366258417        0.0000000000000000        1.0017692366258417        1.0000000000000000        6.9400066739805622E-310
  0.81498683468398836        3.2528674960710008E-005   5.5950385558922733E-004   1.0000000000000000E-002   1.2000000000000000E-002   1.0017638590350475        0.0000000000000000        1.0017638590350475        1.0000000000000000        6.9400066739805622E-310
  0.82498721831070421        3.1579570437539324E-005   5.4320909990401844E-004   1.0000000000000000E-002   1.2000000000000000E-002   1.0017586256715612        0.0000000000000000        1.0017586256715612        1.0000000000000000        6.9400066739805622E-310
  0.83498765238831074        3.0505935273922311E-005   5.2476951376068115E-004   1.0000000000000000E-002   1.2000000000000000E-002   1.0017535571956491        0.0000000000000000        1.0017535571956491        1.0000000000000000        6.9400066739805622E-310
  0.84498813520432603        2.9312014000095645E-005   5.0425760210703885E-004   1.0000000000000000E-002   1.2000000000000000E-002   1.0017486736170373        0.0000000000000000        1.0017486736170373        1.0000000000000000        6.9400066739805622E-310
  0.85498866485378355        2.8002526027195591E-005   4.8175430525176921E-004   1.0000000000000000E-002   1.2000000000000000E-002   1.0017439942168511        0.0000000000000000        1.0017439942168511        1.0000000000000000        6.9400066739805622E-310
  0.86498923924675375        2.6582643405938246E-005   4.5734841896472034E-004   1.0000000000000000E-002   1.2000000000000000E-002   1.0017395374702112        0.0000000000000000        1.0017395374702112        1.0000000000000000        6.9400066739805622E-310
  0.87498985611659130        2.5057973214570260E-005   4.3113610990541673E-004   1.0000000000000000E-002   1.2000000000000000E-002   1.0017353209742208        0.0000000000000000        1.0017353209742208        1.0000000000000000        6.9400066739805622E-310
  0.88499051302886067        2.3434533260154553E-005   4.0322094119726870E-004   1.0000000000000000E-002   1.2000000000000000E-002   1.0017313613778993        0.0000000000000000        1.0017313613778993        1.0000000000000000        6.9400066739805622E-310
  0.89499120739096072        2.1718729393703145E-005   3.7371302203759171E-004   1.0000000000000000E-002   1.2000000000000000E-002   1.0017276743161247        0.0000000000000000        1.0017276743161247        1.0000000000000000        6.9400066739805622E-310
  0.90499193646234655        1.9917331074406374E-005   3.4272883578800872E-004   1.0000000000000000E-002   1.2000000000000000E-002   1.0017242743484505        0.0000000000000000        1.0017242743484505        1.0000000000000000        6.9400066739805622E-310
  0.91499269736535005        1.8037442175322670E-005   3.1039074748662188E-004   1.0000000000000000E-002   1.2000000000000000E-002   1.0017211749009953        0.0000000000000000        1.0017211749009953        1.0000000000000000        6.9400066739805622E-310
  0.92499348709654472        1.6086474963480677E-005   2.7682646244464593E-004   1.0000000000000000E-002   1.2000000000000000E-002   1.0017183882133243        0.0000000000000000        1.0017183882133243        1.0000000000000000        6.9400066739805622E-310
  0.93499430253860760        1.4072121358683914E-005   2.4216850795077960E-004   1.0000000000000000E-002   1.2000000000000000E-002   1.0017159252902941        0.0000000000000000        1.0017159252902941        1.0000000000000000        6.9400066739805622E-310
  0.94499514047262756        1.2002320949888478E-005   2.0655379851586275E-004   1.0000000000000000E-002   1.2000000000000000E-002   1.0017137958584277        0.0000000000000000        1.0017137958584277        1.0000000000000000        6.9400066739805622E-310
  0.95499599759082399        9.8852314997998251E-006   1.7012299693153210E-004   1.0000000000000000E-002   1.2000000000000000E-002   1.0017120083273805        0.0000000000000000        1.0017120083273805        1.0000000000000000        6.9400066739805622E-310
  0.96499687050961114        7.7291949604951543E-006   1.3302004591775329E-004   1.0000000000000000E-002   1.2000000000000000E-002   1.0017105697566995        0.0000000000000000        1.0017105697566995        1.0000000000000000        6.9400066739805622E-310
  0.97499775578296821        5.5427073609365515E-006   9.5391547802137211E-005   1.0000000000000000E-002   1.2000000000000000E-002   1.0017094858276230        0.0000000000000000        1.0017094858276230        1.0000000000000000        6.9400066739805622E-310
  0.98499864991605968        3.3343829584662629E-006   5.7386069834741704E-005   1.0000000000000000E-002   1.2000000000000000E-002   1.0017087608212438        0.0000000000000000        1.0017087608212438        1.0000000000000000        6.9400066739805622E-310
  0.99499954937902946        1.1129225757595374E-006   1.9153928196402603E-005   1.0000000000000000E-002   1.2000000000000000E-002   1.0017083976009094        0.0000000000000000        1.0017083976009094        1.0000000000000000        6.9400066739805622E-310
   1.0050004506209702       -1.1129280585257869E-006  -1.9264847017197440E-005   1.0000000000000000E-002   1.2000000000000000E-002   1.0017083976008043        0.0000000000000000        1.0017083976008043        1.0000000000000000        6.9400066739805622E-310
   1.0150013500839428       -3.3344001293869951E-006  -5.7718519176575001E-005   1.0000000000000000E-002   1.2000000000000000E-002   1.0017087608212401        0.0000000000000000        1.0017087608212401        1.0000000000000000        6.9400066739805622E-310
   1.0250022442170312       -5.5427355352761913E-006  -9.5944081618171140E-005   1.0000000000000000E-002   1.2000000000000000E-002   1.0017094858276869        0.0000000000000000        1.0017094858276869        1.0000000000000000        6.9400066739805622E-310
   1.0350031294903899       -7.7292343120743208E-006  -1.3379060768947681E-004   1.0000000000000000E-002   1.2000000000000000E-002   1.0017105697567170        0.0000000000000000        1.0017105697567170        1.0000000000000000        6.9400066739805622E-310
   1.0450040024091753       -9.8852817156397376E-006  -1.7110850267521016E-004   1.0000000000000000E-002   1.2000000000000000E-002   1.0017120083273876        0.0000000000000000        1.0017120083273876        1.0000000000000000        6.9400066739805622E-310
  -5.0004506209705424E-003   1.1130557126434550E-006  -3.5767633061438002E+077   1.0000000000000000E-002   1.2000000000000000E-002   1.0017083976009094        0.0000000000000000        1.0017083976009094        1.0000000000000000        6.9400066739805622E-310
  -1.5001350083940324E-002   3.3347818366426181E-006   0.0000000000000000        1.0000000000000000E-002   1.2000000000000000E-002   1.0017087608212438        0.0000000000000000        1.0017087608212438        1.0000000000000000        6.9400066739805622E-310
  -2.5002244217031788E-002   5.5433704344963438E-006  -3.5767633061438002E+077   1.0000000000000000E-002   1.2000000000000000E-002   1.0017094858276230        0.0000000000000000        1.0017094858276230        1.0000000000000000        6.9400066739805622E-310
  -3.5003129490388862E-002   7.7301196155069124E-006   6.9400068546417920E-310   1.0000000000000000E-002   1.2000000000000000E-002   1.0017105697566995        0.0000000000000000        1.0017105697566995        1.0000000000000000        6.9400066739805622E-310
  -4.5004002409176014E-002   9.8864141325371654E-006   6.9400066883177543E-310   1.0000000000000000E-002   1.2000000000000000E-002   1.0017120083273805        0.0000000000000000        1.0017120083273805        1.0000000000000000        6.9400066739805622E-310
