 # x, v, a, m, h, rho, u, P, c, ke
   2.4504000000000095     
   4.9998734792613252E-003  -3.0313463692734702E-006   5.3788764828865965E-006   1.0000000000000000E-002   1.2000000000000000E-002   1.0018262493276060        0.0000000000000000        1.0018262493276060        1.0000000000000000        6.9400066739805622E-310
   1.4999620937337522E-002  -9.0820707421280220E-006   1.6115374377179137E-005   1.0000000000000000E-002   1.2000000000000000E-002   1.0018261473075218        0.0000000000000000        1.0018261473075218        1.0000000000000000        6.9400066739805622E-310
   2.4999369892097330E-002  -1.5096936925394628E-005   2.6788102873709363E-005   1.0000000000000000E-002   1.2000000000000000E-002   1.0018259436709938        0.0000000000000000        1.0018259436709938        1.0000000000000000        6.9400066739805622E-310
   3.4999121334747717E-002  -2.1052196570278244E-005   3.7354972557857025E-005   1.0000000000000000E-002   1.2000000000000000E-002   1.0018256392232048        0.0000000000000000        1.0018256392232048        1.0000000000000000        6.9400066739805622E-310
   4.4998876246667992E-002  -2.6924337664406569E-005   4.7774094275254697E-005   1.0000000000000000E-002   1.2000000000000000E-002   1.0018252351680272        0.0000000000000000        1.0018252351680272        1.0000000000000000        6.9400066739805622E-310
   5.4998635595512296E-002  -3.2690176538559698E-005   5.8004381719101161E-005   1.0000000000000000E-002   1.2000000000000000E-002   1.0018247331032086        0.0000000000000000        1.0018247331032086        1.0000000000000000        6.9400066739805622E-310
   6.4998400331400974E-002  -3.8326949101023453E-005   6.8005309060481522E-005   1.0000000000000000E-002   1.2000000000000000E-002   1.0018241350138688        0.0000000000000000        1.0018241350138688        1.0000000000000000        6.9400066739805622E-310
   7.4998171383151638E-002  -4.3812402696117697E-005   7.7737377795372709E-005   1.0000000000000000E-002   1.2000000000000000E-002   1.0018234432650210        0.0000000000000000        1.0018234432650210        1.0000000000000000        6.9400066739805622E-310
   8.4997949654613505E-002  -4.9124881542139246E-005   8.7162156823694659E-005   1.0000000000000000E-002   1.2000000000000000E-002   1.0018226605915668        0.0000000000000000        1.0018226605915668        1.0000000000000000        6.9400066739805622E-310
   9.4997736021098012E-002  -5.4243414695222906E-005   9.6242380312361320E-005   1.0000000000000000E-002   1.2000000000000000E-002   1.0018217900877455        0.0000000000000000        1.0018217900877455        1.0000000000000000        6.9400066739805622E-310
  0.10499753132591709       -5.9147796881684454E-005   1.0494217318246513E-004   1.0000000000000000E-002   1.2000000000000000E-002   1.0018208351949471        0.0000000000000000        1.0018208351949471        1.0000000000000000        6.9400066739805622E-310
  0.11499733637705231       -6.3818669240700974E-005   1.1322717350736866E-004   1.0000000000000000E-002   1.2000000000000000E-002   1.0018197996879450        0.0000000000000000        1.0018197996879450        1.0000000000000000        6.9400066739805622E-310
  0.12499715194396242       -6.8237596548719742E-005   1.2106471293993337E-004   1.0000000000000000E-002   1.2000000000000000E-002   1.0018186876596826        0.0000000000000000        1.0018186876596826        1.0000000000000000        6.9400066739805622E-310
  0.13499697875455077       -7.2387138574723253E-005   1.2842382420963361E-004   1.0000000000000000E-002   1.2000000000000000E-002   1.0018175035051322        0.0000000000000000        1.0018175035051322        1.0000000000000000        6.9400066739805622E-310
  0.14499681749228843       -7.6250919306729831E-005   1.3527544298774785E-004   1.0000000000000000E-002   1.2000000000000000E-002   1.0018162519041871        0.0000000000000000        1.0018162519041871        1.0000000000000000        6.9400066739805622E-310
  0.15499666879351448       -7.9813692216715239E-005   1.4159257746548803E-004   1.0000000000000000E-002   1.2000000000000000E-002   1.0018149378027701        0.0000000000000000        1.0018149378027701        1.0000000000000000        6.9400066739805622E-310
  0.16499653324493030       -8.3061400210645111E-005   1.4735032177082275E-004   1.0000000000000000E-002   1.2000000000000000E-002   1.0018135663931234        0.0000000000000000        1.0018135663931234        1.0000000000000000        6.9400066739805622E-310
  0.17499641138128508       -8.5981230247793910E-005   1.5252600629267477E-004   1.0000000000000000E-002   1.2000000000000000E-002   1.0018121430932789        0.0000000000000000        1.0018121430932789        1.0000000000000000        6.9400066739805622E-310
  0.18499630368327161       -8.8561664500606824E-005   1.5709920414241907E-004   1.0000000000000000E-002   1.2000000000000000E-002   1.0018106735257566        0.0000000000000000        1.0018106735257566        1.0000000000000000        6.9400066739805622E-310
  0.19499621057562841       -9.0792525932240921E-005   1.6105190345161446E-004   1.0000000000000000E-002   1.2000000000000000E-002   1.0018091634954780        0.0000000000000000        1.0018091634954780        1.0000000000000000        6.9400066739805622E-310
  0.20499613242546599       -9.2665018075435484E-005   1.6436863377045086E-004   1.0000000000000000E-002   1.2000000000000000E-002   1.0018076189662386        0.0000000000000000        1.0018076189662386        1.0000000000000000        6.9400066739805622E-310
  0.21499606954083172       -9.4171759080089099E-005   1.6703634720016680E-004   1.0000000000000000E-002   1.2000000000000000E-002   1.0018060460371485        0.0000000000000000        1.0018060460371485        1.0000000000000000        6.9400066739805622E-310
  0.22499602216949660       -9.5306812063067491E-005   1.6904455369015636E-004   1.0000000000000000E-002   1.2000000000000000E-002   1.0018044509189750        0.0000000000000000        1.0018044509189750        1.0000000000000000        6.9400066739805622E-310
  0.23499599049798098       -9.6065707031855611E-005   1.7038541199188018E-004   1.0000000000000000E-002   1.2000000000000000E-002   1.0018028399094061        0.0000000000000000        1.0018028399094061        1.0000000000000000        6.9400066739805622E-310
  0.24499597465082654       -9.6445458856263196E-005   1.7105373238557320E-004   1.0000000000000000E-002   1.2000000000000000E-002   1.0018012193679484        0.0000000000000000        1.0018012193679484        1.0000000000000000        6.9400066739805622E-310
  0.25499597469011326       -9.6444579423762971E-005   1.7104696684011600E-004   1.0000000000000000E-002   1.2000000000000000E-002   1.0017995956907422        0.0000000000000000        1.0017995956907422        1.0000000000000000        6.9400066739805622E-310
  0.26499599061522527       -9.6063082289761680E-005   1.7036513659807184E-004   1.0000000000000000E-002   1.2000000000000000E-002   1.0017979752858797        0.0000000000000000        1.0017979752858797        1.0000000000000000        6.9400066739805622E-310
  0.27499602236284720       -9.5302483697073527E-005   1.6901114482958945E-004   1.0000000000000000E-002   1.2000000000000000E-002   1.0017963645474928        0.0000000000000000        1.0017963645474928        1.0000000000000000        6.9400066739805622E-310
  0.28499606980724090       -9.4165795123018524E-005   1.6699029193834036E-004   1.0000000000000000E-002   1.2000000000000000E-002   1.0017947698307013        0.0000000000000000        1.0017947698307013        1.0000000000000000        6.9400066739805622E-310
  0.29499613276073106       -9.2657512515525303E-005   1.6431068321676179E-004   1.0000000000000000E-002   1.2000000000000000E-002   1.0017931974269774        0.0000000000000000        1.0017931974269774        1.0000000000000000        6.9400066739805622E-310
  0.30499621097446095       -9.0783597339941198E-005   1.6098300291211842E-004   1.0000000000000000E-002   1.2000000000000000E-002   1.0017916535385096        0.0000000000000000        1.0017916535385096        1.0000000000000000        6.9400066739805622E-310
  0.31499630413938556       -8.8551453627882477E-005   1.5702035627196409E-004   1.0000000000000000E-002   1.2000000000000000E-002   1.0017901442545587        0.0000000000000000        1.0017901442545587        1.0000000000000000        6.9400066739805622E-310
  0.32499641188748496       -8.5969898084932393E-005   1.5243850744806053E-004   1.0000000000000000E-002   1.2000000000000000E-002   1.0017886755272931        0.0000000000000000        1.0017886755272931        1.0000000000000000        6.9400066739805622E-310
  0.33499653379323213       -8.3049125692858910E-005   1.4725556310857257E-004   1.0000000000000000E-002   1.2000000000000000E-002   1.0017872531480738        0.0000000000000000        1.0017872531480738        1.0000000000000000        6.9400066739805622E-310
  0.34499666937527190       -7.9800668711730061E-005   1.4149203623059492E-004   1.0000000000000000E-002   1.2000000000000000E-002   1.0017858827249606        0.0000000000000000        1.0017858827249606        1.0000000000000000        6.9400066739805622E-310
  0.35499681809832678       -7.6237352178190346E-005   1.3517071136170955E-004   1.0000000000000000E-002   1.2000000000000000E-002   1.0017845696604442        0.0000000000000000        1.0017845696604442        1.0000000000000000        6.9400066739805622E-310
  0.36499697937531428       -7.2373241540114224E-005   1.2831650515643389E-004   1.0000000000000000E-002   1.2000000000000000E-002   1.0017833191306142        0.0000000000000000        1.0017833191306142        1.0000000000000000        6.9400066739805622E-310
  0.37499715256965754       -6.8223589356072043E-005   1.2095657853361530E-004   1.0000000000000000E-002   1.2000000000000000E-002   1.0017821360643748        0.0000000000000000        1.0017821360643748        1.0000000000000000        6.9400066739805622E-310
  0.38499733699781219       -6.3804772657122217E-005   1.1311991875917471E-004   1.0000000000000000E-002   1.2000000000000000E-002   1.0017810251241250        0.0000000000000000        1.0017810251241250        1.0000000000000000        6.9400066739805622E-310
  0.39499753193195525       -5.9134229546930136E-005   1.0483742721323352E-004   1.0000000000000000E-002   1.2000000000000000E-002   1.0017799906880185        0.0000000000000000        1.0017799906880185        1.0000000000000000        6.9400066739805622E-310
  0.40499773660285648       -5.4230391063255028E-005   9.6141809166283565E-005   1.0000000000000000E-002   1.2000000000000000E-002   1.0017790368323236        0.0000000000000000        1.0017790368323236        1.0000000000000000        6.9400066739805622E-310
  0.41499795020291491       -4.9112606885811245E-005   8.7067404393792458E-005   1.0000000000000000E-002   1.2000000000000000E-002   1.0017781673151345        0.0000000000000000        1.0017781673151345        1.0000000000000000        6.9400066739805622E-310
  0.42499817188935024       -4.3801070542745219E-005   7.7649902151755157E-005   1.0000000000000000E-002   1.2000000000000000E-002   1.0017773855621765        0.0000000000000000        1.0017773855621765        1.0000000000000000        6.9400066739805622E-310
  0.43499840078751517       -3.8316738516854499E-005   6.7926452725686204E-005   1.0000000000000000E-002   1.2000000000000000E-002   1.0017766946535176        0.0000000000000000        1.0017766946535176        1.0000000000000000        6.9400066739805622E-310
  0.44499863599434586       -3.2681247892949129E-005   5.7935456853286382E-005   1.0000000000000000E-002   1.2000000000000000E-002   1.0017760973106586        0.0000000000000000        1.0017760973106586        1.0000000000000000        6.9400066739805622E-310
  0.45499887658193194       -2.6916832139251648E-005   4.7716161573063687E-005   1.0000000000000000E-002   1.2000000000000000E-002   1.0017755958866312        0.0000000000000000        1.0017755958866312        1.0000000000000000        6.9400066739805622E-310
  0.46499912160115631       -2.1046232455993136E-005   3.7308917207212744E-005   1.0000000000000000E-002   1.2000000000000000E-002   1.0017751923567431        0.0000000000000000        1.0017751923567431        1.0000000000000000        6.9400066739805622E-310
  0.47499937008544679       -1.5092608624385328E-005   2.6754721075050725E-005   1.0000000000000000E-002   1.2000000000000000E-002   1.0017748883102229        0.0000000000000000        1.0017748883102229        1.0000000000000000        6.9400066739805622E-310
  0.48499962105458355       -9.0794459600094187E-006   1.6095077931765900E-005   1.0000000000000000E-002   1.2000000000000000E-002   1.0017746849448337        0.0000000000000000        1.0017746849448337        1.0000000000000000        6.9400066739805622E-310
  0.49499987351855051       -3.0304668916819258E-006   5.3720850488048200E-006   1.0000000000000000E-002   1.2000000000000000E-002   1.0017745830615745        0.0000000000000000        1.0017745830615745        1.0000000000000000        6.9400066739805622E-310
  0.50500012648145076        3.0304667910563094E-006  -5.3720903609999482E-006   1.0000000000000000E-002   1.2000000000000000E-002   1.0017745830615965        0.0000000000000000        1.0017745830615965        1.0000000000000000        6.9400066739805622E-310
  0.51500037894541728        9.0794462671866184E-006  -1.6095078827937925E-005   1.0000000000000000E-002   1.2000000000000000E-002   1.0017746849448865        0.0000000000000000        1.0017746849448865        1.0000000000000000        6.9400066739805622E-310
  0.52500062991455332        1.5092608233038629E-005  -2.6754711504040074E-005   1.0000000000000000E-002   1.2000000000000000E-002   1.0017748883102344        0.0000000000000000        1.0017748883102344        1.0000000000000000        6.9400066739805622E-310
  0.53500087839884436        2.1046232586102397E-005  -3.7308924703438606E-005   1.0000000000000000E-002   1.2000000000000000E-002   1.0017751923567446        0.0000000000000000        1.0017751923567446        1.0000000000000000        6.9400066739805622E-310
  0.54500112341806817        2.6916832372546643E-005  -4.7716152683285884E-005   1.0000000000000000E-002   1.2000000000000000E-002   1.0017755958866337        0.0000000000000000        1.0017755958866337        1.0000000000000000        6.9400066739805622E-310
  0.55500136400565458        3.2681247702199390E-005  -5.7935449338408773E-005   1.0000000000000000E-002   1.2000000000000000E-002   1.0017760973105789        0.0000000000000000        1.0017760973105789        1.0000000000000000        6.9400066739805622E-310
  0.56500159921248683        3.8316738282769633E-005  -6.7926482588909209E-005   1.0000000000000000E-002   1.2000000000000000E-002   1.0017766946535367        0.0000000000000000        1.0017766946535367        1.0000000000000000        6.9400066739805622E-310
  0.57500182811064982        4.3801070607232222E-005  -7.7649887856523492E-005   1.0000000000000000E-002   1.2000000000000000E-002   1.0017773855622756        0.0000000000000000        1.0017773855622756        1.0000000000000000        6.9400066739805622E-310
  0.58500204979708459        4.9112606991681724E-005  -8.7067372862570380E-005   1.0000000000000000E-002   1.2000000000000000E-002   1.0017781673150166        0.0000000000000000        1.0017781673150166        1.0000000000000000        6.9400066739805622E-310
  0.59500226339714635        5.4230391184325188E-005  -9.6141847413910853E-005   1.0000000000000000E-002   1.2000000000000000E-002   1.0017790368322446        0.0000000000000000        1.0017790368322446        1.0000000000000000        6.9400066739805622E-310
  0.60500246806804603        5.9134229579517520E-005  -1.0483742813427455E-004   1.0000000000000000E-002   1.2000000000000000E-002   1.0017799906881155        0.0000000000000000        1.0017799906881155        1.0000000000000000        6.9400066739805622E-310
  0.61500266300218842        6.3804772479111941E-005  -1.1311991885065709E-004   1.0000000000000000E-002   1.2000000000000000E-002   1.0017810251242185        0.0000000000000000        1.0017810251242185        1.0000000000000000        6.9400066739805622E-310
  0.62500284743034185        6.8223589389675114E-005  -1.2095656324451198E-004   1.0000000000000000E-002   1.2000000000000000E-002   1.0017821360644081        0.0000000000000000        1.0017821360644081        1.0000000000000000        6.9400066739805622E-310
  0.63500302062468561        7.2373241671590719E-005  -1.2831650194033983E-004   1.0000000000000000E-002   1.2000000000000000E-002   1.0017833191305570        0.0000000000000000        1.0017833191305570        1.0000000000000000        6.9400066739805622E-310
  0.64500318190167394        7.6237352064842932E-005  -1.3517071620228194E-004   1.0000000000000000E-002   1.2000000000000000E-002   1.0017845696604042        0.0000000000000000        1.0017845696604042        1.0000000000000000        6.9400066739805622E-310
  0.65500333062472860        7.9800668847293280E-005  -1.4149202118218795E-004   1.0000000000000000E-002   1.2000000000000000E-002   1.0017858827248640        0.0000000000000000        1.0017858827248640        1.0000000000000000        6.9400066739805622E-310
  0.66500346620677075        8.3049125512613822E-005  -1.4725559722705839E-004   1.0000000000000000E-002   1.2000000000000000E-002   1.0017872531480694        0.0000000000000000        1.0017872531480694        1.0000000000000000        6.9400066739805622E-310
  0.67500358811251560        8.5969898137108416E-005  -1.5243849054691339E-004   1.0000000000000000E-002   1.2000000000000000E-002   1.0017886755273664        0.0000000000000000        1.0017886755273664        1.0000000000000000        6.9400066739805622E-310
  0.68500369586061571        8.8551453515002096E-005  -1.5702036917097928E-004   1.0000000000000000E-002   1.2000000000000000E-002   1.0017901442546076        0.0000000000000000        1.0017901442546076        1.0000000000000000        6.9400066739805622E-310
  0.69500378902553872        9.0783597429950334E-005  -1.6098298699240843E-004   1.0000000000000000E-002   1.2000000000000000E-002   1.0017916535385565        0.0000000000000000        1.0017916535385565        1.0000000000000000        6.9400066739805622E-310
  0.70500386723926911        9.2657512523881588E-005  -1.6431068101496749E-004   1.0000000000000000E-002   1.2000000000000000E-002   1.0017931974269301        0.0000000000000000        1.0017931974269301        1.0000000000000000        6.9400066739805622E-310
  0.71500393019275998        9.4165795299360890E-005  -1.6699030453803942E-004   1.0000000000000000E-002   1.2000000000000000E-002   1.0017947698307144        0.0000000000000000        1.0017947698307144        1.0000000000000000        6.9400066739805622E-310
  0.72500397763715252        9.5302483614313909E-005  -1.6901113063472195E-004   1.0000000000000000E-002   1.2000000000000000E-002   1.0017963645474852        0.0000000000000000        1.0017963645474852        1.0000000000000000        6.9400066739805622E-310
  0.73500400938477595        9.6063082398734921E-005  -1.7036516256485612E-004   1.0000000000000000E-002   1.2000000000000000E-002   1.0017979752859345        0.0000000000000000        1.0017979752859345        1.0000000000000000        6.9400066739805622E-310
  0.74500402530988519        9.6444579227096951E-005  -1.7104693132452553E-004   1.0000000000000000E-002   1.2000000000000000E-002   1.0017995956907504        0.0000000000000000        1.0017995956907504        1.0000000000000000        6.9400066739805622E-310
  0.75500402534917455        9.6445458907986944E-005  -1.7105376028059283E-004   1.0000000000000000E-002   1.2000000000000000E-002   1.0018012193679204        0.0000000000000000        1.0018012193679204        1.0000000000000000        6.9400066739805622E-310
  0.76500400950201819        9.6065706981342741E-005  -1.7038539515912277E-004   1.0000000000000000E-002   1.2000000000000000E-002   1.0018028399094328        0.0000000000000000        1.0018028399094328        1.0000000000000000        6.9400066739805622E-310
  0.77500397783050379        9.5306812172295683E-005  -1.6904456427990766E-004   1.0000000000000000E-002   1.2000000000000000E-002   1.0018044509189685        0.0000000000000000        1.0018044509189685        1.0000000000000000        6.9400066739805622E-310
  0.78500393045916761        9.4171759242198263E-005  -1.6703633167036713E-004   1.0000000000000000E-002   1.2000000000000000E-002   1.0018060460371256        0.0000000000000000        1.0018060460371256        1.0000000000000000        6.9400066739805622E-310
  0.79500386757453489        9.2665018041478787E-005  -1.6436865471014528E-004   1.0000000000000000E-002   1.2000000000000000E-002   1.0018076189662350        0.0000000000000000        1.0018076189662350        1.0000000000000000        6.9400066739805622E-310
  0.80500378942437112        9.0792525715057811E-005  -1.6105190015203164E-004   1.0000000000000000E-002   1.2000000000000000E-002   1.0018091634955570        0.0000000000000000        1.0018091634955570        1.0000000000000000        6.9400066739805622E-310
  0.81500369631672753        8.8561664523270539E-005  -1.5709920158979429E-004   1.0000000000000000E-002   1.2000000000000000E-002   1.0018106735258032        0.0000000000000000        1.0018106735258032        1.0000000000000000        6.9400066739805622E-310
  0.82500358861871348        8.5981230184075145E-005  -1.5252598940129758E-004   1.0000000000000000E-002   1.2000000000000000E-002   1.0018121430932463        0.0000000000000000        1.0018121430932463        1.0000000000000000        6.9400066739805622E-310
  0.83500346675506942        8.3061400211092669E-005  -1.4735031875723337E-004   1.0000000000000000E-002   1.2000000000000000E-002   1.0018135663929937        0.0000000000000000        1.0018135663929937        1.0000000000000000        6.9400066739805622E-310
  0.84500333120648696        7.9813692391618476E-005  -1.4159260246238148E-004   1.0000000000000000E-002   1.2000000000000000E-002   1.0018149378027412        0.0000000000000000        1.0018149378027412        1.0000000000000000        6.9400066739805622E-310
  0.85500318250771179        7.6250919250072285E-005  -1.3527543285007937E-004   1.0000000000000000E-002   1.2000000000000000E-002   1.0018162519042271        0.0000000000000000        1.0018162519042271        1.0000000000000000        6.9400066739805622E-310
  0.86500302124544959        7.2387138564546674E-005  -1.2842381346622744E-004   1.0000000000000000E-002   1.2000000000000000E-002   1.0018175035050756        0.0000000000000000        1.0018175035050756        1.0000000000000000        6.9400066739805622E-310
  0.87500284805603912        6.8237596447284971E-005  -1.2106472622974707E-004   1.0000000000000000E-002   1.2000000000000000E-002   1.0018186876596424        0.0000000000000000        1.0018186876596424        1.0000000000000000        6.9400066739805622E-310
  0.88500266362294899        6.3818669312077405E-005  -1.1322718577755353E-004   1.0000000000000000E-002   1.2000000000000000E-002   1.0018197996880158        0.0000000000000000        1.0018197996880158        1.0000000000000000        6.9400066739805622E-310
  0.89500246867408295        5.9147796834584001E-005  -1.0494216924872291E-004   1.0000000000000000E-002   1.2000000000000000E-002   1.0018208351950590        0.0000000000000000        1.0018208351950590        1.0000000000000000        6.9400066739805622E-310
  0.90500226397890082        5.4243414568689520E-005  -9.6242358239351233E-005   1.0000000000000000E-002   1.2000000000000000E-002   1.0018217900877391        0.0000000000000000        1.0018217900877391        1.0000000000000000        6.9400066739805622E-310
  0.91500205034538684        4.9124881787583366E-005  -8.7162174182253693E-005   1.0000000000000000E-002   1.2000000000000000E-002   1.0018226605915364        0.0000000000000000        1.0018226605915364        1.0000000000000000        6.9400066739805622E-310
  0.92500182861684799        4.3812402750661631E-005  -7.7737376590114593E-005   1.0000000000000000E-002   1.2000000000000000E-002   1.0018234432650697        0.0000000000000000        1.0018234432650697        1.0000000000000000        6.9400066739805622E-310
  0.93500159966859808        3.8326949112494874E-005  -6.8005290763117898E-005   1.0000000000000000E-002   1.2000000000000000E-002   1.0018241350138199        0.0000000000000000        1.0018241350138199        1.0000000000000000        6.9400066739805622E-310
  0.94500136440448845        3.2690176366422342E-005  -5.8004395679489562E-005   1.0000000000000000E-002   1.2000000000000000E-002   1.0018247331031471        0.0000000000000000        1.0018247331031471        1.0000000000000000        6.9400066739805622E-310
  0.95500112375333235        2.6924337677707971E-005  -4.7774088139718174E-005   1.0000000000000000E-002   1.2000000000000000E-002   1.0018252351680064        0.0000000000000000        1.0018252351680064        1.0000000000000000        6.9400066739805622E-310
  0.96500087866525341        2.1052196750445486E-005  -3.7354992572957713E-005   1.0000000000000000E-002   1.2000000000000000E-002   1.0018256392232305        0.0000000000000000        1.0018256392232305        1.0000000000000000        6.9400066739805622E-310
  0.97500063010790283        1.5096936827188410E-005  -2.6788123199672498E-005   1.0000000000000000E-002   1.2000000000000000E-002   1.0018259436712169        0.0000000000000000        1.0018259436712169        1.0000000000000000        6.9400066739805622E-310
  0.98500037906265858        9.0820706086283468E-006  -1.6115317022169506E-005   1.0000000000000000E-002   1.2000000000000000E-002   1.0018261473075760        0.0000000000000000        1.0018261473075760        1.0000000000000000        6.9400066739805622E-310
  0.99500012652073777        3.0313464342891887E-006  -5.3788995035830567E-006   1.0000000000000000E-002   1.2000000000000000E-002   1.0018262493274912        0.0000000000000000        1.0018262493274912        1.0000000000000000        6.9400066739805622E-310
   1.0049998734792613       -3.0313448767820065E-006   5.0689292132588548E-006   1.0000000000000000E-002   1.2000000000000000E-002   1.0018262493276060        0.0000000000000000        1.0018262493276060        1.0000000000000000        6.9400066739805622E-310
   1.0149996209373375       -9.0820662713661283E-006   1.5186748721696119E-005   1.0000000000000000E-002   1.2000000000000000E-002   1.0018261473075218        0.0000000000000000        1.0018261473075218        1.0000000000000000        6.9400066739805622E-310
   1.0249993698920974       -1.5096929502265849E-005   2.5244468630170047E-005   1.0000000000000000E-002   1.2000000000000000E-002   1.0018259436709938        0.0000000000000000        1.0018259436709938        1.0000000000000000        6.9400066739805622E-310
   1.0349991213347478       -2.1052186212161746E-005   3.5202442125736866E-005   1.0000000000000000E-002   1.2000000000000000E-002   1.0018256392232048        0.0000000000000000        1.0018256392232048        1.0000000000000000        6.9400066739805622E-310
   1.0449988762466680       -2.6924324422366570E-005   4.5021175625770127E-005   1.0000000000000000E-002   1.2000000000000000E-002   1.0018252351680272        0.0000000000000000        1.0018252351680272        1.0000000000000000        6.9400066739805622E-310
  -4.9998734792622290E-003   3.0317183791001392E-006  -3.5767633061438002E+077   1.0000000000000000E-002   1.2000000000000000E-002   1.0018262493274912        0.0000000000000000        1.0018262493274912        1.0000000000000000        6.9400066739805622E-310
  -1.4999620937341418E-002   9.0831849477517234E-006   0.0000000000000000        1.0000000000000000E-002   1.2000000000000000E-002   1.0018261473075760        0.0000000000000000        1.0018261473075760        1.0000000000000000        6.9400066739805622E-310
  -2.4999369892097167E-002   1.5098789184220970E-005  -3.5767633061438002E+077   1.0000000000000000E-002   1.2000000000000000E-002   1.0018259436712169        0.0000000000000000        1.0018259436712169        1.0000000000000000        6.9400066739805622E-310
  -3.4999121334746586E-002   2.1054779799608849E-005   6.9400068546417920E-310   1.0000000000000000E-002   1.2000000000000000E-002   1.0018256392232305        0.0000000000000000        1.0018256392232305        1.0000000000000000        6.9400066739805622E-310
  -4.4998876246667652E-002   2.6927641179446798E-005   6.9400066883177543E-310   1.0000000000000000E-002   1.2000000000000000E-002   1.0018252351680064        0.0000000000000000        1.0018252351680064        1.0000000000000000        6.9400066739805622E-310
