 # x, v, a, m, h, rho, u, P, c, ke
  0.20160000000000039     
   5.0004660949707650E-003   7.9726586896320546E-007  -1.9805609801970547E-005   1.0000000000000000E-002   1.2000000000000000E-002   1.0017052381763218        0.0000000000000000        1.0017052381763218        1.0000000000000000        6.9400066739805622E-310
   1.5001396445412452E-002   2.3886506430713235E-006  -5.9338667940167511E-005   1.0000000000000000E-002   1.2000000000000000E-002   1.0017056137535574        0.0000000000000000        1.0017056137535574        1.0000000000000000        6.9400066739805622E-310
   2.5002321284614347E-002   3.9706069679304412E-006  -9.8637556486202982E-005   1.0000000000000000E-002   1.2000000000000000E-002   1.0017063634265395        0.0000000000000000        1.0017063634265395        1.0000000000000000        6.9400066739805622E-310
   3.5003236962588169E-002   5.5368904727842115E-006  -1.3754717634295588E-004   1.0000000000000000E-002   1.2000000000000000E-002   1.0017074842380984        0.0000000000000000        1.0017074842380984        1.0000000000000000        6.9400066739805622E-310
   4.5004139865504569E-002   7.0813187320059987E-006  -1.7591398143856907E-004   1.0000000000000000E-002   1.2000000000000000E-002   1.0017089717670249        0.0000000000000000        1.0017089717670249        1.0000000000000000        6.9400066739805622E-310
   5.5005026429955382E-002   8.5977956866591110E-006  -2.1358656815007038E-004   1.0000000000000000E-002   1.2000000000000000E-002   1.0017108201455751        0.0000000000000000        1.0017108201455751        1.0000000000000000        6.9400066739805622E-310
   6.5005893157017172E-002   1.0080335686994603E-005  -2.5041626078081691E-004   1.0000000000000000E-002   1.2000000000000000E-002   1.0017130220825292        0.0000000000000000        1.0017130220825292        1.0000000000000000        6.9400066739805622E-310
   7.5006736626061235E-002   1.1523087037436846E-005  -2.8625770915802207E-004   1.0000000000000000E-002   1.2000000000000000E-002   1.0017155688918584        0.0000000000000000        1.0017155688918584        1.0000000000000000        6.9400066739805622E-310
   8.5007553508254646E-002   1.2920355123944279E-005  -3.2096947073156912E-004   1.0000000000000000E-002   1.2000000000000000E-002   1.0017184505269801        0.0000000000000000        1.0017184505269801        1.0000000000000000        6.9400066739805622E-310
   9.5008340579697856E-002   1.4266625016446468E-005  -3.5441455472184913E-004   1.0000000000000000E-002   1.2000000000000000E-002   1.0017216556203412        0.0000000000000000        1.0017216556203412        1.0000000000000000        6.9400066739805622E-310
  0.10500909473414909        1.5556583136362600E-005  -3.8646097731565021E-004   1.0000000000000000E-002   1.2000000000000000E-002   1.0017251715282152        0.0000000000000000        1.0017251715282152        1.0000000000000000        6.9400066739805622E-310
  0.11500981299528291        1.6785138331159437E-005  -4.1698226509723213E-004   1.0000000000000000E-002   1.2000000000000000E-002   1.0017289843805197        0.0000000000000000        1.0017289843805197        1.0000000000000000        6.9400066739805622E-310
  0.12501049252843729        1.7947441791370410E-005  -4.4585796608576089E-004   1.0000000000000000E-002   1.2000000000000000E-002   1.0017330791354391        0.0000000000000000        1.0017330791354391        1.0000000000000000        6.9400066739805622E-310
  0.13501113065180073        1.9038906417435459E-005  -4.7297411984636994E-004   1.0000000000000000E-002   1.2000000000000000E-002   1.0017374396387064        0.0000000000000000        1.0017374396387064        1.0000000000000000        6.9400066739805622E-310
  0.14501172484699640        2.0055224738479298E-005  -4.9822370921948078E-004   1.0000000000000000E-002   1.2000000000000000E-002   1.0017420486872524        0.0000000000000000        1.0017420486872524        1.0000000000000000        6.9400066739805622E-310
  0.15501227276902116        2.0992386008392586E-005  -5.2150708903120346E-004   1.0000000000000000E-002   1.2000000000000000E-002   1.0017468880970319        0.0000000000000000        1.0017468880970319        1.0000000000000000        6.9400066739805622E-310
  0.16501277225549957        2.1846692062590687E-005  -5.4273236919133439E-004   1.0000000000000000E-002   1.2000000000000000E-002   1.0017519387747145        0.0000000000000000        1.0017519387747145        1.0000000000000000        6.9400066739805622E-310
  0.17501322133521716        2.2614771728946905E-005  -5.6181577256264603E-004   1.0000000000000000E-002   1.2000000000000000E-002   1.0017571807928849        0.0000000000000000        1.0017571807928849        1.0000000000000000        6.9400066739805622E-310
  0.18501361823590060        2.3293594335722485E-005  -5.7868199238608753E-004   1.0000000000000000E-002   1.2000000000000000E-002   1.0017625934686520        0.0000000000000000        1.0017625934686520        1.0000000000000000        6.9400066739805622E-310
  0.19501396139120997        2.3880481614862928E-005  -5.9326445385465831E-004   1.0000000000000000E-002   1.2000000000000000E-002   1.0017681554451978        0.0000000000000000        1.0017681554451978        1.0000000000000000        6.9400066739805622E-310
  0.20501424944692073        2.4373118136470375E-005  -6.0550560223759931E-004   1.0000000000000000E-002   1.2000000000000000E-002   1.0017738447759419        0.0000000000000000        1.0017738447759419        1.0000000000000000        6.9400066739805622E-310
  0.21501448126626727        2.4769560533487400E-005  -6.1535712769522632E-004   1.0000000000000000E-002   1.2000000000000000E-002   1.0017796390111566        0.0000000000000000        1.0017796390111566        1.0000000000000000        6.9400066739805622E-310
  0.22501465593442763        2.5068245192225472E-005  -6.2278014153438477E-004   1.0000000000000000E-002   1.2000000000000000E-002   1.0017855152864907        0.0000000000000000        1.0017855152864907        1.0000000000000000        6.9400066739805622E-310
  0.23501477276213334        2.5267994308825613E-005  -6.2774533871046145E-004   1.0000000000000000E-002   1.2000000000000000E-002   1.0017914504131171        0.0000000000000000        1.0017914504131171        1.0000000000000000        6.9400066739805622E-310
  0.24501483128838897        2.5368020647959811E-005  -6.3023312318488678E-004   1.0000000000000000E-002   1.2000000000000000E-002   1.0017974209692553        0.0000000000000000        1.0017974209692553        1.0000000000000000        6.9400066739805622E-310
  0.25501483128228980        2.5367930420502233E-005  -6.3023367209602554E-004   1.0000000000000000E-002   1.2000000000000000E-002   1.0018034033926138        0.0000000000000000        1.0018034033926138        1.0000000000000000        6.9400066739805622E-310
  0.26501477274393159        2.5267725162123984E-005  -6.2774696752487813E-004   1.0000000000000000E-002   1.2000000000000000E-002   1.0018093740732872        0.0000000000000000        1.0018093740732872        1.0000000000000000        6.9400066739805622E-310
  0.27501465590441060        2.5067801313605153E-005  -6.2278282983019295E-004   1.0000000000000000E-002   1.2000000000000000E-002   1.0018153094470053        0.0000000000000000        1.0018153094470053        1.0000000000000000        6.9400066739805622E-310
  0.28501448122490802        2.4768948912721769E-005  -6.1536082459134889E-004   1.0000000000000000E-002   1.2000000000000000E-002   1.0018211860880719        0.0000000000000000        1.0018211860880719        1.0000000000000000        6.9400066739805622E-310
  0.29501424939487242        2.4372348434273939E-005  -6.0551027079647213E-004   1.0000000000000000E-002   1.2000000000000000E-002   1.0018269808019515        0.0000000000000000        1.0018269808019515        1.0000000000000000        6.9400066739805622E-310
  0.30501396132929232        2.3879565987645121E-005  -5.9326999592013152E-004   1.0000000000000000E-002   1.2000000000000000E-002   1.0018326707167342        0.0000000000000000        1.0018326707167342        1.0000000000000000        6.9400066739805622E-310
  0.31501361816509033        2.3292547224841213E-005  -5.7868832704510709E-004   1.0000000000000000E-002   1.2000000000000000E-002   1.0018382333733904        0.0000000000000000        1.0018382333733904        1.0000000000000000        6.9400066739805622E-310
  0.32501322125663157        2.2613609606853456E-005  -5.6182281212091567E-004   1.0000000000000000E-002   1.2000000000000000E-002   1.0018436468147109        0.0000000000000000        1.0018436468147109        1.0000000000000000        6.9400066739805622E-310
  0.33501277217037739        2.1845433262552722E-005  -5.4273998620324448E-004   1.0000000000000000E-002   1.2000000000000000E-002   1.0018488896717752        0.0000000000000000        1.0018488896717752        1.0000000000000000        6.9400066739805622E-310
  0.34501227267870549        2.0991050407275003E-005  -5.2151517966958494E-004   1.0000000000000000E-002   1.2000000000000000E-002   1.0018539412484653        0.0000000000000000        1.0018539412484653        1.0000000000000000        6.9400066739805622E-310
  0.35501172475291087        2.0053833419423656E-005  -4.9823213084465579E-004   1.0000000000000000E-002   1.2000000000000000E-002   1.0018587816031963        0.0000000000000000        1.0018587816031963        1.0000000000000000        6.9400066739805622E-310
  0.36501113055542950        1.9037481293301523E-005  -4.7298274876350632E-004   1.0000000000000000E-002   1.2000000000000000E-002   1.0018633916277024        0.0000000000000000        1.0018633916277024        1.0000000000000000        6.9400066739805622E-310
  0.37501049243130002        1.7946005314249661E-005  -4.4586666298052080E-004   1.0000000000000000E-002   1.2000000000000000E-002   1.0018677531225813        0.0000000000000000        1.0018677531225813        1.0000000000000000        6.9400066739805622E-310
  0.38500981289891151        1.6783713176306603E-005  -4.1699089184366045E-004   1.0000000000000000E-002   1.2000000000000000E-002   1.0018718488690992        0.0000000000000000        1.0018718488690992        1.0000000000000000        6.9400066739805622E-310
  0.39500909464006356        1.5555191807698531E-005  -3.8646940134867691E-004   1.0000000000000000E-002   1.2000000000000000E-002   1.0018756626973686        0.0000000000000000        1.0018756626973686        1.0000000000000000        6.9400066739805622E-310
  0.40500834048938184        1.4265289489899498E-005  -3.5442263855056666E-004   1.0000000000000000E-002   1.2000000000000000E-002   1.0018791795501722        0.0000000000000000        1.0018791795501722        1.0000000000000000        6.9400066739805622E-310
  0.41500755342313284        1.2919096312428374E-005  -3.2097709632772364E-004   1.0000000000000000E-002   1.2000000000000000E-002   1.0018823855425494        0.0000000000000000        1.0018823855425494        1.0000000000000000        6.9400066739805622E-310
  0.42500673654747545        1.1521924920618097E-005  -2.8626474266779667E-004   1.0000000000000000E-002   1.2000000000000000E-002   1.0018852680165786        0.0000000000000000        1.0018852680165786        1.0000000000000000        6.9400066739805622E-310
  0.43500589308620707        1.0079288545964724E-005  -2.5042259885932339E-004   1.0000000000000000E-002   1.2000000000000000E-002   1.0018878155914444        0.0000000000000000        1.0018878155914444        1.0000000000000000        6.9400066739805622E-310
  0.44500502636803785        8.5968800397376030E-006  -2.1359211312255155E-004   1.0000000000000000E-002   1.2000000000000000E-002   1.0018900182085424        0.0000000000000000        1.0018900182085424        1.0000000000000000        6.9400066739805622E-310
  0.45500413981345583        7.0805490631056453E-006  -1.7591864013688507E-004   1.0000000000000000E-002   1.2000000000000000E-002   1.0018918671710961        0.0000000000000000        1.0018918671710961        1.0000000000000000        6.9400066739805622E-310
  0.46500323692122936        5.5362788492057262E-006  -1.3755088403932803E-004   1.0000000000000000E-002   1.2000000000000000E-002   1.0018933551786928        0.0000000000000000        1.0018933551786928        1.0000000000000000        6.9400066739805622E-310
  0.47500232125459707        3.9701630234748712E-006  -9.8640239654557149E-005   1.0000000000000000E-002   1.2000000000000000E-002   1.0018944763560107        0.0000000000000000        1.0018944763560107        1.0000000000000000        6.9400066739805622E-310
  0.48500139642721063        2.3883815157951262E-006  -5.9340293232956753E-005   1.0000000000000000E-002   1.2000000000000000E-002   1.0018952262760441        0.0000000000000000        1.0018952262760441        1.0000000000000000        6.9400066739805622E-310
  0.49500046608887177        7.9717571640578021E-007  -1.9806156231538807E-005   1.0000000000000000E-002   1.2000000000000000E-002   1.0018956019777887        0.0000000000000000        1.0018956019777887        1.0000000000000000        6.9400066739805622E-310
  0.50499953391112895       -7.9717569825494178E-007   1.9806152198320603E-005   1.0000000000000000E-002   1.2000000000000000E-002   1.0018956019778065        0.0000000000000000        1.0018956019778065        1.0000000000000000        6.9400066739805622E-310
  0.51499860357278970       -2.3883814953101591E-006   5.9340295737619897E-005   1.0000000000000000E-002   1.2000000000000000E-002   1.0018952262760712        0.0000000000000000        1.0018952262760712        1.0000000000000000        6.9400066739805622E-310
  0.52499767874540304       -3.9701630890341371E-006   9.8640243525238702E-005   1.0000000000000000E-002   1.2000000000000000E-002   1.0018944763560065        0.0000000000000000        1.0018944763560065        1.0000000000000000        6.9400066739805622E-310
  0.53499676307877120       -5.5362788231647062E-006   1.3755087188371817E-004   1.0000000000000000E-002   1.2000000000000000E-002   1.0018933551787270        0.0000000000000000        1.0018933551787270        1.0000000000000000        6.9400066739805622E-310
  0.54499586018654356       -7.0805490299204471E-006   1.7591865038113497E-004   1.0000000000000000E-002   1.2000000000000000E-002   1.0018918671711401        0.0000000000000000        1.0018918671711401        1.0000000000000000        6.9400066739805622E-310
  0.55499497363196171       -8.5968800727586505E-006   2.1359211722593585E-004   1.0000000000000000E-002   1.2000000000000000E-002   1.0018900182085175        0.0000000000000000        1.0018900182085175        1.0000000000000000        6.9400066739805622E-310
  0.56499410691379293       -1.0079288520499240E-005   2.5042259728369487E-004   1.0000000000000000E-002   1.2000000000000000E-002   1.0018878155914142        0.0000000000000000        1.0018878155914142        1.0000000000000000        6.9400066739805622E-310
  0.57499326345252466       -1.1521924910778549E-005   2.8626474545845326E-004   1.0000000000000000E-002   1.2000000000000000E-002   1.0018852680165371        0.0000000000000000        1.0018852680165371        1.0000000000000000        6.9400066739805622E-310
  0.58499244657686811       -1.2919096362575974E-005   3.2097708051370688E-004   1.0000000000000000E-002   1.2000000000000000E-002   1.0018823855425689        0.0000000000000000        1.0018823855425689        1.0000000000000000        6.9400066739805622E-310
  0.59499165951061783       -1.4265289435646364E-005   3.5442264875573670E-004   1.0000000000000000E-002   1.2000000000000000E-002   1.0018791795502171        0.0000000000000000        1.0018791795502171        1.0000000000000000        6.9400066739805622E-310
  0.60499090535993638       -1.5555191851635662E-005   3.8646940066655588E-004   1.0000000000000000E-002   1.2000000000000000E-002   1.0018756626973688        0.0000000000000000        1.0018756626973688        1.0000000000000000        6.9400066739805622E-310
  0.61499018710108821       -1.6783713170423336E-005   4.1699089653590704E-004   1.0000000000000000E-002   1.2000000000000000E-002   1.0018718488690852        0.0000000000000000        1.0018718488690852        1.0000000000000000        6.9400066739805622E-310
  0.62498950756870020       -1.7946005371805757E-005   4.4586665860002483E-004   1.0000000000000000E-002   1.2000000000000000E-002   1.0018677531225619        0.0000000000000000        1.0018677531225619        1.0000000000000000        6.9400066739805622E-310
  0.63498886944457067       -1.9037481261008442E-005   4.7298274790552597E-004   1.0000000000000000E-002   1.2000000000000000E-002   1.0018633916277093        0.0000000000000000        1.0018633916277093        1.0000000000000000        6.9400066739805622E-310
  0.64498827524708913       -2.0053833334822632E-005   4.9823213572164349E-004   1.0000000000000000E-002   1.2000000000000000E-002   1.0018587816031839        0.0000000000000000        1.0018587816031839        1.0000000000000000        6.9400066739805622E-310
  0.65498772732129495       -2.0991050478576844E-005   5.2151517354470656E-004   1.0000000000000000E-002   1.2000000000000000E-002   1.0018539412484584        0.0000000000000000        1.0018539412484584        1.0000000000000000        6.9400066739805622E-310
  0.66498722782962283       -2.1845433260500940E-005   5.4273998063258944E-004   1.0000000000000000E-002   1.2000000000000000E-002   1.0018488896718205        0.0000000000000000        1.0018488896718205        1.0000000000000000        6.9400066739805622E-310
  0.67498677874336788       -2.2613609638087125E-005   5.6182282075045720E-004   1.0000000000000000E-002   1.2000000000000000E-002   1.0018436468147436        0.0000000000000000        1.0018436468147436        1.0000000000000000        6.9400066739805622E-310
  0.68498638183490912       -2.3292547219523902E-005   5.7868833796437258E-004   1.0000000000000000E-002   1.2000000000000000E-002   1.0018382333733336        0.0000000000000000        1.0018382333733336        1.0000000000000000        6.9400066739805622E-310
  0.69498603867070841       -2.3879565940391081E-005   5.9326998416686649E-004   1.0000000000000000E-002   1.2000000000000000E-002   1.0018326707166827        0.0000000000000000        1.0018326707166827        1.0000000000000000        6.9400066739805622E-310
  0.70498575060512814       -2.4372348457176118E-005   6.0551026794986029E-004   1.0000000000000000E-002   1.2000000000000000E-002   1.0018269808019655        0.0000000000000000        1.0018269808019655        1.0000000000000000        6.9400066739805622E-310
  0.71498551877509231       -2.4768948931612176E-005   6.1536082581437057E-004   1.0000000000000000E-002   1.2000000000000000E-002   1.0018211860880908        0.0000000000000000        1.0018211860880908        1.0000000000000000        6.9400066739805622E-310
  0.72498534409558957       -2.5067801271004641E-005   6.2278283189698413E-004   1.0000000000000000E-002   1.2000000000000000E-002   1.0018153094470110        0.0000000000000000        1.0018153094470110        1.0000000000000000        6.9400066739805622E-310
  0.73498522725606863       -2.5267725195003187E-005   6.2774696855782963E-004   1.0000000000000000E-002   1.2000000000000000E-002   1.0018093740732810        0.0000000000000000        1.0018093740732810        1.0000000000000000        6.9400066739805622E-310
  0.74498516871771048       -2.5367930433002091E-005   6.3023367341852321E-004   1.0000000000000000E-002   1.2000000000000000E-002   1.0018034033925951        0.0000000000000000        1.0018034033925951        1.0000000000000000        6.9400066739805622E-310
  0.75498516871161170       -2.5368020615875592E-005   6.3023311521792635E-004   1.0000000000000000E-002   1.2000000000000000E-002   1.0017974209692677        0.0000000000000000        1.0017974209692677        1.0000000000000000        6.9400066739805622E-310
  0.76498522723786666       -2.5267994349157135E-005   6.2774534392850967E-004   1.0000000000000000E-002   1.2000000000000000E-002   1.0017914504131411        0.0000000000000000        1.0017914504131411        1.0000000000000000        6.9400066739805622E-310
  0.77498534406557251       -2.5068245137954194E-005   6.2278014067995713E-004   1.0000000000000000E-002   1.2000000000000000E-002   1.0017855152864952        0.0000000000000000        1.0017855152864952        1.0000000000000000        6.9400066739805622E-310
  0.78498551873373268       -2.4769560506260169E-005   6.1535712931704012E-004   1.0000000000000000E-002   1.2000000000000000E-002   1.0017796390111577        0.0000000000000000        1.0017796390111577        1.0000000000000000        6.9400066739805622E-310
  0.79498575055307941       -2.4373118189849477E-005   6.0550559813687954E-004   1.0000000000000000E-002   1.2000000000000000E-002   1.0017738447759537        0.0000000000000000        1.0017738447759537        1.0000000000000000        6.9400066739805622E-310
  0.80498603860878970       -2.3880481574523916E-005   5.9326446113860953E-004   1.0000000000000000E-002   1.2000000000000000E-002   1.0017681554451960        0.0000000000000000        1.0017681554451960        1.0000000000000000        6.9400066739805622E-310
  0.81498638176409954       -2.3293594415470840E-005   5.7868199122790287E-004   1.0000000000000000E-002   1.2000000000000000E-002   1.0017625934686214        0.0000000000000000        1.0017625934686214        1.0000000000000000        6.9400066739805622E-310
  0.82498677866478320       -2.2614771694356000E-005   5.6181576914227094E-004   1.0000000000000000E-002   1.2000000000000000E-002   1.0017571807928762        0.0000000000000000        1.0017571807928762        1.0000000000000000        6.9400066739805622E-310
  0.83498722774450074       -2.1846692051098083E-005   5.4273236778268341E-004   1.0000000000000000E-002   1.2000000000000000E-002   1.0017519387747269        0.0000000000000000        1.0017519387747269        1.0000000000000000        6.9400066739805622E-310
  0.84498772723097892       -2.0992385980274342E-005   5.2150709049048061E-004   1.0000000000000000E-002   1.2000000000000000E-002   1.0017468880970433        0.0000000000000000        1.0017468880970433        1.0000000000000000        6.9400066739805622E-310
  0.85498827515300369       -2.0055224766450620E-005   4.9822370903207513E-004   1.0000000000000000E-002   1.2000000000000000E-002   1.0017420486872597        0.0000000000000000        1.0017420486872597        1.0000000000000000        6.9400066739805622E-310
  0.86498886934819919       -1.9038906418282638E-005   4.7297412398794592E-004   1.0000000000000000E-002   1.2000000000000000E-002   1.0017374396386967        0.0000000000000000        1.0017374396386967        1.0000000000000000        6.9400066739805622E-310
  0.87498950747156301       -1.7947441790589158E-005   4.4585796062257543E-004   1.0000000000000000E-002   1.2000000000000000E-002   1.0017330791354326        0.0000000000000000        1.0017330791354326        1.0000000000000000        6.9400066739805622E-310
  0.88499018700471721       -1.6785138303038993E-005   4.1698226138997541E-004   1.0000000000000000E-002   1.2000000000000000E-002   1.0017289843805575        0.0000000000000000        1.0017289843805575        1.0000000000000000        6.9400066739805622E-310
  0.89499090526585034       -1.5556583164754769E-005   3.8646098676942131E-004   1.0000000000000000E-002   1.2000000000000000E-002   1.0017251715282236        0.0000000000000000        1.0017251715282236        1.0000000000000000        6.9400066739805622E-310
  0.90499165942030213       -1.4266625054371363E-005   3.5441455023565993E-004   1.0000000000000000E-002   1.2000000000000000E-002   1.0017216556203294        0.0000000000000000        1.0017216556203294        1.0000000000000000        6.9400066739805622E-310
  0.91499244649174505       -1.2920355071828085E-005   3.2096947509074880E-004   1.0000000000000000E-002   1.2000000000000000E-002   1.0017184505269707        0.0000000000000000        1.0017184505269707        1.0000000000000000        6.9400066739805622E-310
  0.92499326337393895       -1.1523087025305801E-005   2.8625770108536841E-004   1.0000000000000000E-002   1.2000000000000000E-002   1.0017155688918604        0.0000000000000000        1.0017155688918604        1.0000000000000000        6.9400066739805622E-310
  0.93499410684298256       -1.0080335725662285E-005   2.5041625891031316E-004   1.0000000000000000E-002   1.2000000000000000E-002   1.0017130220825810        0.0000000000000000        1.0017130220825810        1.0000000000000000        6.9400066739805622E-310
  0.94499497357004358       -8.5977956927736758E-006   2.1358658186976243E-004   1.0000000000000000E-002   1.2000000000000000E-002   1.0017108201455693        0.0000000000000000        1.0017108201455693        1.0000000000000000        6.9400066739805622E-310
  0.95499586013449533       -7.0813187621450319E-006   1.7591397593896829E-004   1.0000000000000000E-002   1.2000000000000000E-002   1.0017089717669845        0.0000000000000000        1.0017089717669845        1.0000000000000000        6.9400066739805622E-310
  0.96499676303741166       -5.5368904654972828E-006   1.3754717978198272E-004   1.0000000000000000E-002   1.2000000000000000E-002   1.0017074842380689        0.0000000000000000        1.0017074842380689        1.0000000000000000        6.9400066739805622E-310
  0.97499767871538612       -3.9706068767138316E-006   9.8637549276858749E-005   1.0000000000000000E-002   1.2000000000000000E-002   1.0017063634265226        0.0000000000000000        1.0017063634265226        1.0000000000000000        6.9400066739805622E-310
  0.98499860355458779       -2.3886506956096122E-006   5.9338663248809098E-005   1.0000000000000000E-002   1.2000000000000000E-002   1.0017056137535965        0.0000000000000000        1.0017056137535965        1.0000000000000000        6.9400066739805622E-310
  0.99499953390502882       -7.9726587248252952E-007   1.9805616550350180E-005   1.0000000000000000E-002   1.2000000000000000E-002   1.0017052381763525        0.0000000000000000        1.0017052381763525        1.0000000000000000        6.9400066739805622E-310
   1.0050004660949707        7.9726007629978983E-007  -1.9721870497590999E-005   1.0000000000000000E-002   1.2000000000000000E-002   1.0017052381763218        0.0000000000000000        1.0017052381763218        1.0000000000000000        6.9400066739805622E-310
   1.0150013964454125        2.3886332894935486E-006  -5.9087781358435620E-005   1.0000000000000000E-002   1.2000000000000000E-002   1.0017056137535574        0.0000000000000000        1.0017056137535574        1.0000000000000000        6.9400066739805622E-310
   1.0250023212846144        3.9705781220181153E-006  -9.8220509902269271E-005   1.0000000000000000E-002   1.2000000000000000E-002   1.0017063634265395        0.0000000000000000        1.0017063634265395        1.0000000000000000        6.9400066739805622E-310
   1.0350032369625881        5.5368502487126709E-006  -1.3696561763065773E-004   1.0000000000000000E-002   1.2000000000000000E-002   1.0017074842380984        0.0000000000000000        1.0017074842380984        1.0000000000000000        6.9400066739805622E-310
   1.0450041398655046        7.0812672882181019E-006  -1.7517020841228970E-004   1.0000000000000000E-002   1.2000000000000000E-002   1.0017089717670249        0.0000000000000000        1.0017089717670249        1.0000000000000000        6.9400066739805622E-310
  -5.0004660949711788E-003  -7.9736635857557596E-007  -3.5767633061438002E+077   1.0000000000000000E-002   1.2000000000000000E-002   1.0017052381763525        0.0000000000000000        1.0017052381763525        1.0000000000000000        6.9400066739805622E-310
  -1.5001396445412207E-002  -2.3889517635354019E-006   0.0000000000000000        1.0000000000000000E-002   1.2000000000000000E-002   1.0017056137535965        0.0000000000000000        1.0017056137535965        1.0000000000000000        6.9400066739805622E-310
  -2.5002321284613882E-002  -3.9711073280144981E-006  -3.5767633061438002E+077   1.0000000000000000E-002   1.2000000000000000E-002   1.0017063634265226        0.0000000000000000        1.0017063634265226        1.0000000000000000        6.9400066739805622E-310
  -3.5003236962588336E-002  -5.5375883362653900E-006   6.9400068546417920E-310   1.0000000000000000E-002   1.2000000000000000E-002   1.0017074842380689        0.0000000000000000        1.0017074842380689        1.0000000000000000        6.9400066739805622E-310
  -4.5004139865504666E-002  -7.0822112902369988E-006   6.9400066883177543E-310   1.0000000000000000E-002   1.2000000000000000E-002   1.0017089717669845        0.0000000000000000        1.0017089717669845        1.0000000000000000        6.9400066739805622E-310
