 # x, v, a, m, h, rho, u, P, c, ke
  0.75119999999999765     
   4.9995263179286971E-003   5.7642548928818033E-007   2.0128064185165329E-005   1.0000000000000000E-002   1.2000000000000000E-002   1.0018971529119598        0.0000000000000000        1.0018971529119598        1.0000000000000000        6.9400066739805622E-310
   1.4998580823085375E-002   1.7269999345749599E-006   6.0304749633033339E-005   1.0000000000000000E-002   1.2000000000000000E-002   1.0018967711029818        0.0000000000000000        1.0018967711029818        1.0000000000000000        6.9400066739805622E-310
   2.4997640928759956E-002   2.8707537340270451E-006   1.0024349252724107E-004   1.0000000000000000E-002   1.2000000000000000E-002   1.0018960089923272        0.0000000000000000        1.0018960089923272        1.0000000000000000        6.9400066739805622E-310
   3.4996710344078065E-002   4.0031696925843611E-006   1.3978663255276302E-004   1.0000000000000000E-002   1.2000000000000000E-002   1.0018948695887753        0.0000000000000000        1.0018948695887753        1.0000000000000000        6.9400066739805622E-310
   4.4995792741428363E-002   5.1197754802108033E-006   1.7877817470335344E-004   1.0000000000000000E-002   1.2000000000000000E-002   1.0018933573906641        0.0000000000000000        1.0018933573906641        1.0000000000000000        6.9400066739805622E-310
   5.4994891741979642E-002   6.2161615496498293E-006   2.1706423859502166E-004   1.0000000000000000E-002   1.2000000000000000E-002   1.0018914783678985        0.0000000000000000        1.0018914783678985        1.0000000000000000        6.9400066739805622E-310
   6.4994010901389718E-002   7.2879981542961611E-006   2.5449373750685567E-004   1.0000000000000000E-002   1.2000000000000000E-002   1.0018892399386183        0.0000000000000000        1.0018892399386183        1.0000000000000000        6.9400066739805622E-310
   7.4993153695776096E-002   8.3310529513038814E-006   2.9091896082089619E-004   1.0000000000000000E-002   1.2000000000000000E-002   1.0018866509398168        0.0000000000000000        1.0018866509398168        1.0000000000000000        6.9400066739805622E-310
   8.4992323507999012E-002   9.3412072086696841E-006   3.2619617010087865E-004   1.0000000000000000E-002   1.2000000000000000E-002   1.0018837215924079        0.0000000000000000        1.0018837215924079        1.0000000000000000        6.9400066739805622E-310
   9.4991523614313178E-002   1.0314472399944354E-005   3.6018616686206428E-004   1.0000000000000000E-002   1.2000000000000000E-002   1.0018804634607281        0.0000000000000000        1.0018804634607281        1.0000000000000000        6.9400066739805622E-310
  0.10499075717144180        1.1247006158873225E-005   3.9275479425704418E-004   1.0000000000000000E-002   1.2000000000000000E-002   1.0018768894069607        0.0000000000000000        1.0018768894069607        1.0000000000000000        6.9400066739805622E-310
  0.11499002720411711        1.2135127234642823E-005   4.2377353203715273E-004   1.0000000000000000E-002   1.2000000000000000E-002   1.0018730135403502        0.0000000000000000        1.0018730135403502        1.0000000000000000        6.9400066739805622E-310
  0.12498933659314537        1.2975330004326705E-005   4.5311997476460419E-004   1.0000000000000000E-002   1.2000000000000000E-002   1.0018688511613101        0.0000000000000000        1.0018688511613101        1.0000000000000000        6.9400066739805622E-310
  0.13498868806403913        1.3764298235220839E-005   4.8067829895348524E-004   1.0000000000000000E-002   1.2000000000000000E-002   1.0018644187010624        0.0000000000000000        1.0018644187010624        1.0000000000000000        6.9400066739805622E-310
  0.14498808417625988        1.4498918428042291E-005   5.0633974812797078E-004   1.0000000000000000E-002   1.2000000000000000E-002   1.0018597336567219        0.0000000000000000        1.0018597336567219        1.0000000000000000        6.9400066739805622E-310
  0.15498752731311805        1.5176292018998479E-005   5.3000302810612965E-004   1.0000000000000000E-002   1.2000000000000000E-002   1.0018548145222264        0.0000000000000000        1.0018548145222264        1.0000000000000000        6.9400066739805622E-310
  0.16498701967236395        1.5793746853651646E-005   5.5157476570943942E-004   1.0000000000000000E-002   1.2000000000000000E-002   1.0018496807152137        0.0000000000000000        1.0018496807152137        1.0000000000000000        6.9400066739805622E-310
  0.17498656325751610        1.6348847459926012E-005   5.7096981206239406E-004   1.0000000000000000E-002   1.2000000000000000E-002   1.0018443525002747        0.0000000000000000        1.0018443525002747        1.0000000000000000        6.9400066739805622E-310
  0.18498615986995154        1.6839404952446005E-005   5.8811161407668067E-004   1.0000000000000000E-002   1.2000000000000000E-002   1.0018388509090312        0.0000000000000000        1.0018388509090312        1.0000000000000000        6.9400066739805622E-310
  0.19498581110179453        1.7263485423457666E-005   6.0293252340404280E-004   1.0000000000000000E-002   1.2000000000000000E-002   1.0018331976569557        0.0000000000000000        1.0018331976569557        1.0000000000000000        6.9400066739805622E-310
  0.20498551832963327        1.7619417807737662E-005   6.1537400483580029E-004   1.0000000000000000E-002   1.2000000000000000E-002   1.0018274150577726        0.0000000000000000        1.0018274150577726        1.0000000000000000        6.9400066739805622E-310
  0.21498528270908041        1.7905799926955569E-005   6.2538696669101057E-004   1.0000000000000000E-002   1.2000000000000000E-002   1.0018215259353114        0.0000000000000000        1.0018215259353114        1.0000000000000000        6.9400066739805622E-310
  0.22498510517021278        1.8121504581195929E-005   6.3293187893620484E-004   1.0000000000000000E-002   1.2000000000000000E-002   1.0018155535332243        0.0000000000000000        1.0018155535332243        1.0000000000000000        6.9400066739805622E-310
  0.23498498641389776        1.8265683634789419E-005   6.3797893267469874E-004   1.0000000000000000E-002   1.2000000000000000E-002   1.0018095214234219        0.0000000000000000        1.0018095214234219        1.0000000000000000        6.9400066739805622E-310
  0.24498492690902224        1.8337771428030871E-005   6.4050820123018326E-004   1.0000000000000000E-002   1.2000000000000000E-002   1.0018034534129774        0.0000000000000000        1.0018034534129774        1.0000000000000000        6.9400066739805622E-310
  0.25498492689064001        1.8337486599868713E-005   6.4050969079687547E-004   1.0000000000000000E-002   1.2000000000000000E-002   1.0017973734500576        0.0000000000000000        1.0017973734500576        1.0000000000000000        6.9400066739805622E-310
  0.26498498635904111        1.8264833747246813E-005   6.3798337538489847E-004   1.0000000000000000E-002   1.2000000000000000E-002   1.0017913055294618        0.0000000000000000        1.0017913055294618        1.0000000000000000        6.9400066739805622E-310
  0.27498510507974688        1.8120103010825831E-005   6.3293920577045526E-004   1.0000000000000000E-002   1.2000000000000000E-002   1.0017852735979451        0.0000000000000000        1.0017852735979451        1.0000000000000000        6.9400066739805622E-310
  0.28498528258443223        1.7903868749843996E-005   6.2539705673714252E-004   1.0000000000000000E-002   1.2000000000000000E-002   1.0017793014597889        0.0000000000000000        1.0017793014597889        1.0000000000000000        6.9400066739805622E-310
  0.29498551817276830        1.7616987406669936E-005   6.1538670315020028E-004   1.0000000000000000E-002   1.2000000000000000E-002   1.0017734126827469        0.0000000000000000        1.0017734126827469        1.0000000000000000        6.9400066739805622E-310
  0.30498581091518645        1.7260594363152358E-005   6.0294762770940480E-004   1.0000000000000000E-002   1.2000000000000000E-002   1.0017676305050127        0.0000000000000000        1.0017676305050127        1.0000000000000000        6.9400066739805622E-310
  0.31498615965654281        1.6836098728187426E-005   5.8812889281956160E-004   1.0000000000000000E-002   1.2000000000000000E-002   1.0017619777437519        0.0000000000000000        1.0017619777437519        1.0000000000000000        6.9400066739805622E-310
  0.32498656302067219        1.6345178129873421E-005   5.7098899596219610E-004   1.0000000000000000E-002   1.2000000000000000E-002   1.0017564767048974        0.0000000000000000        1.0017564767048974        1.0000000000000000        6.9400066739805622E-310
  0.33498701941582093        1.5789772302860855E-005   5.5159553846717557E-004   1.0000000000000000E-002   1.2000000000000000E-002   1.0017511490952693        0.0000000000000000        1.0017511490952693        1.0000000000000000        6.9400066739805622E-310
  0.34498752704092145        1.5172075030958797E-005   5.3002507799959631E-004   1.0000000000000000E-002   1.2000000000000000E-002   1.0017460159369211        0.0000000000000000        1.0017460159369211        1.0000000000000000        6.9400066739805622E-310
  0.35498808389270398        1.4494525438740937E-005   5.0636269252102295E-004   1.0000000000000000E-002   1.2000000000000000E-002   1.0017410974843060        0.0000000000000000        1.0017410974843060        1.0000000000000000        6.9400066739805622E-310
  0.36498868777359389        1.3759798392225404E-005   4.8070181372228404E-004   1.0000000000000000E-002   1.2000000000000000E-002   1.0017364131442952        0.0000000000000000        1.0017364131442952        1.0000000000000000        6.9400066739805622E-310
  0.37498933630039155        1.2970794348719912E-005   4.5314367564497360E-004   1.0000000000000000E-002   1.2000000000000000E-002   1.0017319813996051        0.0000000000000000        1.0017319813996051        1.0000000000000000        6.9400066739805622E-310
  0.38499002691367107        1.2130627476926489E-005   4.2379706012596330E-004   1.0000000000000000E-002   1.2000000000000000E-002   1.0017278197360717        0.0000000000000000        1.0017278197360717        1.0000000000000000        6.9400066739805622E-310
  0.39499075688788526        1.1242613199167321E-005   3.9277775637458490E-004   1.0000000000000000E-002   1.2000000000000000E-002   1.0017239445736477        0.0000000000000000        1.0017239445736477        1.0000000000000000        6.9400066739805622E-310
  0.40499152334211846        1.0310255399155286E-005   3.6020818938098387E-004   1.0000000000000000E-002   1.2000000000000000E-002   1.0017203712018059        0.0000000000000000        1.0017203712018059        1.0000000000000000        6.9400066739805622E-310
  0.41499232325145696        9.3372326070404818E-006   3.2621694431611559E-004   1.0000000000000000E-002   1.2000000000000000E-002   1.0017171137189094        0.0000000000000000        1.0017171137189094        1.0000000000000000        6.9400066739805622E-310
  0.42499315345893296        8.3273835429448253E-006   2.9093814680436481E-004   1.0000000000000000E-002   1.2000000000000000E-002   1.0017141849767905        0.0000000000000000        1.0017141849767905        1.0000000000000000        6.9400066739805622E-310
  0.43499401068798160        7.2846919707611609E-006   2.5451101104856377E-004   1.0000000000000000E-002   1.2000000000000000E-002   1.0017115965303964        0.0000000000000000        1.0017115965303964        1.0000000000000000        6.9400066739805622E-310
  0.44499489155537159        6.2132705235944251E-006   2.1707933708903226E-004   1.0000000000000000E-002   1.2000000000000000E-002   1.0017093585919783        0.0000000000000000        1.0017093585919783        1.0000000000000000        6.9400066739805622E-310
  0.45499579258456219        5.1173452324136442E-006   1.7879088462269266E-004   1.0000000000000000E-002   1.2000000000000000E-002   1.0017074799906405        0.0000000000000000        1.0017074799906405        1.0000000000000000        6.9400066739805622E-310
  0.46499671021942840        4.0012385575532573E-006   1.3979673703268247E-004   1.0000000000000000E-002   1.2000000000000000E-002   1.0017059681378229        0.0000000000000000        1.0017059681378229        1.0000000000000000        6.9400066739805622E-310
  0.47499764083829432        2.8693521150770822E-006   1.0025079510977974E-004   1.0000000000000000E-002   1.2000000000000000E-002   1.0017048289982498        0.0000000000000000        1.0017048289982498        1.0000000000000000        6.9400066739805622E-310
  0.48499858076822738        1.7261500508147997E-006   6.0309214304332670E-005   1.0000000000000000E-002   1.2000000000000000E-002   1.0017040670658945        0.0000000000000000        1.0017040670658945        1.0000000000000000        6.9400066739805622E-310
  0.49499952629954641        5.7614071067148193E-007   2.0129555305281599E-005   1.0000000000000000E-002   1.2000000000000000E-002   1.0017036853466477        0.0000000000000000        1.0017036853466477        1.0000000000000000        6.9400066739805622E-310
  0.50500047370045420       -5.7614061918304492E-007  -2.0129567768201184E-005   1.0000000000000000E-002   1.2000000000000000E-002   1.0017036853467127        0.0000000000000000        1.0017036853467127        1.0000000000000000        6.9400066739805622E-310
  0.51500141923177156       -1.7261501367673662E-006  -6.0309189388263462E-005   1.0000000000000000E-002   1.2000000000000000E-002   1.0017040670658892        0.0000000000000000        1.0017040670658892        1.0000000000000000        6.9400066739805622E-310
  0.52500235916170657       -2.8693522102830455E-006  -1.0025082217435255E-004   1.0000000000000000E-002   1.2000000000000000E-002   1.0017048289982580        0.0000000000000000        1.0017048289982580        1.0000000000000000        6.9400066739805622E-310
  0.53500328978057043       -4.0012384795857964E-006  -1.3979671665786952E-004   1.0000000000000000E-002   1.2000000000000000E-002   1.0017059681378675        0.0000000000000000        1.0017059681378675        1.0000000000000000        6.9400066739805622E-310
  0.54500420741543754       -5.1173452300294209E-006  -1.7879088146521838E-004   1.0000000000000000E-002   1.2000000000000000E-002   1.0017074799905696        0.0000000000000000        1.0017074799905696        1.0000000000000000        6.9400066739805622E-310
  0.55500510844462891       -6.2132704762317553E-006  -2.1707934638826032E-004   1.0000000000000000E-002   1.2000000000000000E-002   1.0017093585919425        0.0000000000000000        1.0017093585919425        1.0000000000000000        6.9400066739805622E-310
  0.56500598931201884       -7.2846919778115117E-006  -2.5451101549478494E-004   1.0000000000000000E-002   1.2000000000000000E-002   1.0017115965304173        0.0000000000000000        1.0017115965304173        1.0000000000000000        6.9400066739805622E-310
  0.57500684654106704       -8.3273836489859727E-006  -2.9093814199843138E-004   1.0000000000000000E-002   1.2000000000000000E-002   1.0017141849768132        0.0000000000000000        1.0017141849768132        1.0000000000000000        6.9400066739805622E-310
  0.58500767674854293       -9.3372324665256356E-006  -3.2621693683587694E-004   1.0000000000000000E-002   1.2000000000000000E-002   1.0017171137188752        0.0000000000000000        1.0017171137188752        1.0000000000000000        6.9400066739805622E-310
  0.59500847665788237       -1.0310255521946580E-005  -3.6020820414250920E-004   1.0000000000000000E-002   1.2000000000000000E-002   1.0017203712018046        0.0000000000000000        1.0017203712018046        1.0000000000000000        6.9400066739805622E-310
  0.60500924311211468       -1.1242613088996227E-005  -3.9277775141499660E-004   1.0000000000000000E-002   1.2000000000000000E-002   1.0017239445736938        0.0000000000000000        1.0017239445736938        1.0000000000000000        6.9400066739805622E-310
  0.61500997308632865       -1.2130627482429395E-005  -4.2379705236861298E-004   1.0000000000000000E-002   1.2000000000000000E-002   1.0017278197360540        0.0000000000000000        1.0017278197360540        1.0000000000000000        6.9400066739805622E-310
  0.62501066369960889       -1.2970794511303476E-005  -4.5314368393167825E-004   1.0000000000000000E-002   1.2000000000000000E-002   1.0017319813995966        0.0000000000000000        1.0017319813995966        1.0000000000000000        6.9400066739805622E-310
  0.63501131222640594       -1.3759798345954340E-005  -4.8070180323556144E-004   1.0000000000000000E-002   1.2000000000000000E-002   1.0017364131442750        0.0000000000000000        1.0017364131442750        1.0000000000000000        6.9400066739805622E-310
  0.64501191610729691       -1.4494525341125316E-005  -5.0636270861303956E-004   1.0000000000000000E-002   1.2000000000000000E-002   1.0017410974843068        0.0000000000000000        1.0017410974843068        1.0000000000000000        6.9400066739805622E-310
  0.65501247295907850       -1.5172075004244050E-005  -5.3002507970489887E-004   1.0000000000000000E-002   1.2000000000000000E-002   1.0017460159370062        0.0000000000000000        1.0017460159370062        1.0000000000000000        6.9400066739805622E-310
  0.66501298058417802       -1.5789772372433881E-005  -5.5159552186179184E-004   1.0000000000000000E-002   1.2000000000000000E-002   1.0017511490952871        0.0000000000000000        1.0017511490952871        1.0000000000000000        6.9400066739805622E-310
  0.67501343697932736       -1.6345178037303135E-005  -5.7098899392382663E-004   1.0000000000000000E-002   1.2000000000000000E-002   1.0017564767048279        0.0000000000000000        1.0017564767048279        1.0000000000000000        6.9400066739805622E-310
  0.68501384034345780       -1.6836098793431206E-005  -5.8812891183546157E-004   1.0000000000000000E-002   1.2000000000000000E-002   1.0017619777437636        0.0000000000000000        1.0017619777437636        1.0000000000000000        6.9400066739805622E-310
  0.69501418908481272       -1.7260594339684097E-005  -6.0294760942714021E-004   1.0000000000000000E-002   1.2000000000000000E-002   1.0017676305050265        0.0000000000000000        1.0017676305050265        1.0000000000000000        6.9400066739805622E-310
  0.70501448182723192       -1.7616987474847994E-005  -6.1538670930794126E-004   1.0000000000000000E-002   1.2000000000000000E-002   1.0017734126827007        0.0000000000000000        1.0017734126827007        1.0000000000000000        6.9400066739805622E-310
  0.71501471741556810       -1.7903868833630855E-005  -6.2539706574327170E-004   1.0000000000000000E-002   1.2000000000000000E-002   1.0017793014598171        0.0000000000000000        1.0017793014598171        1.0000000000000000        6.9400066739805622E-310
  0.72501489492025262       -1.8120102895887394E-005  -6.3293919268936349E-004   1.0000000000000000E-002   1.2000000000000000E-002   1.0017852735979558        0.0000000000000000        1.0017852735979558        1.0000000000000000        6.9400066739805622E-310
  0.73501501364095889       -1.8264833827656007E-005  -6.3798337353926371E-004   1.0000000000000000E-002   1.2000000000000000E-002   1.0017913055293981        0.0000000000000000        1.0017913055293981        1.0000000000000000        6.9400066739805622E-310
  0.74501507310936110       -1.8337486577061372E-005  -6.4050971696971715E-004   1.0000000000000000E-002   1.2000000000000000E-002   1.0017973734501116        0.0000000000000000        1.0017973734501116        1.0000000000000000        6.9400066739805622E-310
  0.75501507309097649       -1.8337771415218641E-005  -6.4050817575189711E-004   1.0000000000000000E-002   1.2000000000000000E-002   1.0018034534130318        0.0000000000000000        1.0018034534130318        1.0000000000000000        6.9400066739805622E-310
  0.76501501358610213       -1.8265683640323180E-005  -6.3797893863259958E-004   1.0000000000000000E-002   1.2000000000000000E-002   1.0018095214233849        0.0000000000000000        1.0018095214233849        1.0000000000000000        6.9400066739805622E-310
  0.77501489482978692       -1.8121504607782545E-005  -6.3293187976842802E-004   1.0000000000000000E-002   1.2000000000000000E-002   1.0018155535332236        0.0000000000000000        1.0018155535332236        1.0000000000000000        6.9400066739805622E-310
  0.78501471729091943       -1.7905799913970561E-005  -6.2538696816094586E-004   1.0000000000000000E-002   1.2000000000000000E-002   1.0018215259353176        0.0000000000000000        1.0018215259353176        1.0000000000000000        6.9400066739805622E-310
  0.79501448167036626       -1.7619417737153020E-005  -6.1537399920474911E-004   1.0000000000000000E-002   1.2000000000000000E-002   1.0018274150577595        0.0000000000000000        1.0018274150577595        1.0000000000000000        6.9400066739805622E-310
  0.80501418889820564       -1.7263485443629129E-005  -6.0293253334009478E-004   1.0000000000000000E-002   1.2000000000000000E-002   1.0018331976569619        0.0000000000000000        1.0018331976569619        1.0000000000000000        6.9400066739805622E-310
  0.81501384013004785       -1.6839404983744574E-005  -5.8811160654137495E-004   1.0000000000000000E-002   1.2000000000000000E-002   1.0018388509090486        0.0000000000000000        1.0018388509090486        1.0000000000000000        6.9400066739805622E-310
  0.82501343674248362       -1.6348847438332713E-005  -5.7096980843329703E-004   1.0000000000000000E-002   1.2000000000000000E-002   1.0018443525002438        0.0000000000000000        1.0018443525002438        1.0000000000000000        6.9400066739805622E-310
  0.83501298032763605       -1.5793746865841483E-005  -5.5157476229705793E-004   1.0000000000000000E-002   1.2000000000000000E-002   1.0018496807151487        0.0000000000000000        1.0018496807151487        1.0000000000000000        6.9400066739805622E-310
  0.84501247268688318       -1.5176292109240952E-005  -5.3000305219086385E-004   1.0000000000000000E-002   1.2000000000000000E-002   1.0018548145222543        0.0000000000000000        1.0018548145222543        1.0000000000000000        6.9400066739805622E-310
  0.85501191582373948       -1.4498918319765292E-005  -5.0633973201108518E-004   1.0000000000000000E-002   1.2000000000000000E-002   1.0018597336567900        0.0000000000000000        1.0018597336567900        1.0000000000000000        6.9400066739805622E-310
  0.86501131193596048       -1.3764298186567371E-005  -4.8067829269449192E-004   1.0000000000000000E-002   1.2000000000000000E-002   1.0018644187010219        0.0000000000000000        1.0018644187010219        1.0000000000000000        6.9400066739805622E-310
  0.87501066340685507       -1.2975329900263862E-005  -4.5311998747710192E-004   1.0000000000000000E-002   1.2000000000000000E-002   1.0018688511613085        0.0000000000000000        1.0018688511613085        1.0000000000000000        6.9400066739805622E-310
  0.88500997279588245       -1.2135127373697525E-005  -4.2377352222455755E-004   1.0000000000000000E-002   1.2000000000000000E-002   1.0018730135403560        0.0000000000000000        1.0018730135403560        1.0000000000000000        6.9400066739805622E-310
  0.89500924282855854       -1.1247006254718669E-005  -3.9275480582290356E-004   1.0000000000000000E-002   1.2000000000000000E-002   1.0018768894069741        0.0000000000000000        1.0018768894069741        1.0000000000000000        6.9400066739805622E-310
  0.90500847638568616       -1.0314472332939884E-005  -3.6018615974509061E-004   1.0000000000000000E-002   1.2000000000000000E-002   1.0018804634607632        0.0000000000000000        1.0018804634607632        1.0000000000000000        6.9400066739805622E-310
  0.91500767649200054       -9.3412071748429100E-006  -3.2619617047924265E-004   1.0000000000000000E-002   1.2000000000000000E-002   1.0018837215924121        0.0000000000000000        1.0018837215924121        1.0000000000000000        6.9400066739805622E-310
  0.92500684630422314       -8.3310529453662787E-006  -2.9091895303512416E-004   1.0000000000000000E-002   1.2000000000000000E-002   1.0018866509397857        0.0000000000000000        1.0018866509397857        1.0000000000000000        6.9400066739805622E-310
  0.93500598909861055       -7.2879981812984584E-006  -2.5449374902386523E-004   1.0000000000000000E-002   1.2000000000000000E-002   1.0018892399386066        0.0000000000000000        1.0018892399386066        1.0000000000000000        6.9400066739805622E-310
  0.94500510825801975       -6.2161615768109530E-006  -2.1706422253142676E-004   1.0000000000000000E-002   1.2000000000000000E-002   1.0018914783678674        0.0000000000000000        1.0018914783678674        1.0000000000000000        6.9400066739805622E-310
  0.95500420725857249       -5.1197755200871112E-006  -1.7877818798339717E-004   1.0000000000000000E-002   1.2000000000000000E-002   1.0018933573906146        0.0000000000000000        1.0018933573906146        1.0000000000000000        6.9400066739805622E-310
  0.96500328965592252       -4.0031695958063720E-006  -1.3978663974789640E-004   1.0000000000000000E-002   1.2000000000000000E-002   1.0018948695888261        0.0000000000000000        1.0018948695888261        1.0000000000000000        6.9400066739805622E-310
  0.97500235907123967       -2.8707537724038261E-006  -1.0024348227410940E-004   1.0000000000000000E-002   1.2000000000000000E-002   1.0018960089923579        0.0000000000000000        1.0018960089923579        1.0000000000000000        6.9400066739805622E-310
  0.98500141917691464       -1.7269999048654496E-006  -6.0304756062556919E-005   1.0000000000000000E-002   1.2000000000000000E-002   1.0018967711029971        0.0000000000000000        1.0018967711029971        1.0000000000000000        6.9400066739805622E-310
  0.99500047368207067       -5.7642550605557212E-007  -2.0128058157986572E-005   1.0000000000000000E-002   1.2000000000000000E-002   1.0018971529119827        0.0000000000000000        1.0018971529119827        1.0000000000000000        6.9400066739805622E-310
   1.0049995263179288        5.7643141813919053E-007   2.0184434688985675E-005   1.0000000000000000E-002   1.2000000000000000E-002   1.0018971529119598        0.0000000000000000        1.0018971529119598        1.0000000000000000        6.9400066739805622E-310
   1.0149985808230855        1.7270176947959871E-006   6.0473640011160512E-005   1.0000000000000000E-002   1.2000000000000000E-002   1.0018967711029818        0.0000000000000000        1.0018967711029818        1.0000000000000000        6.9400066739805622E-310
   1.0249976409287600        2.8707832604776630E-006   1.0052423441386793E-004   1.0000000000000000E-002   1.2000000000000000E-002   1.0018960089923272        0.0000000000000000        1.0018960089923272        1.0000000000000000        6.9400066739805622E-310
   1.0349967103440780        4.0032108635592571E-006   1.4017811590871787E-004   1.0000000000000000E-002   1.2000000000000000E-002   1.0018948695887753        0.0000000000000000        1.0018948695887753        1.0000000000000000        6.9400066739805622E-310
   1.0449957927414284        5.1198281354328522E-006   1.7927884496327096E-004   1.0000000000000000E-002   1.2000000000000000E-002   1.0018933573906641        0.0000000000000000        1.0018933573906641        1.0000000000000000        6.9400066739805622E-310
  -4.9995263179293259E-003  -5.7649315302093479E-007  -3.5767633061438002E+077   1.0000000000000000E-002   1.2000000000000000E-002   1.0018971529119827        0.0000000000000000        1.0018971529119827        1.0000000000000000        6.9400066739805622E-310
  -1.4998580823085361E-002  -1.7272025718302599E-006   0.0000000000000000        1.0000000000000000E-002   1.2000000000000000E-002   1.0018967711029971        0.0000000000000000        1.0018967711029971        1.0000000000000000        6.9400066739805622E-310
  -2.4997640928760334E-002  -2.8710906658716154E-006  -3.5767633061438002E+077   1.0000000000000000E-002   1.2000000000000000E-002   1.0018960089923579        0.0000000000000000        1.0018960089923579        1.0000000000000000        6.9400066739805622E-310
  -3.4996710344077475E-002  -4.0036393709062596E-006   6.9400068546417920E-310   1.0000000000000000E-002   1.2000000000000000E-002   1.0018948695888261        0.0000000000000000        1.0018948695888261        1.0000000000000000        6.9400066739805622E-310
  -4.4995792741427509E-002  -5.1203763252015707E-006   6.9400066883177543E-310   1.0000000000000000E-002   1.2000000000000000E-002   1.0018933573906146        0.0000000000000000        1.0018933573906146        1.0000000000000000        6.9400066739805622E-310
