 # x, v, a, m, h, rho, u, P, c, ke
   1.2503999999999889     
   5.0004607768732593E-003  -9.1930448461028088E-007  -1.9581269741664187E-005   1.0000000000000000E-002   1.2000000000000000E-002   1.0017063240014235        0.0000000000000000        1.0017063240014235        1.0000000000000000        6.9400066739805622E-310
   1.5001380511956888E-002  -2.7542878828431221E-006  -5.8666527924522427E-005   1.0000000000000000E-002   1.2000000000000000E-002   1.0017066953250211        0.0000000000000000        1.0017066953250211        1.0000000000000000        6.9400066739805622E-310
   2.5002294798230029E-002  -4.5784088173612072E-006  -9.7520193837574709E-005   1.0000000000000000E-002   1.2000000000000000E-002   1.0017074365071370        0.0000000000000000        1.0017074365071370        1.0000000000000000        6.9400066739805622E-310
   3.5003200027057500E-002  -6.3844730841325139E-006  -1.3598886033872049E-004   1.0000000000000000E-002   1.2000000000000000E-002   1.0017085446230363        0.0000000000000000        1.0017085446230363        1.0000000000000000        6.9400066739805622E-310
   4.5004092625566518E-002  -8.1653577433747413E-006  -1.7392069800070686E-004   1.0000000000000000E-002   1.2000000000000000E-002   1.0017100153001333        0.0000000000000000        1.0017100153001333        1.0000000000000000        6.9400066739805622E-310
   5.5004969070748977E-002  -9.9140386814676057E-006  -2.1116595492554069E-004   1.0000000000000000E-002   1.2000000000000000E-002   1.0017118427352745        0.0000000000000000        1.0017118427352745        1.0000000000000000        6.9400066739805622E-310
   6.5005825903371908E-002  -1.1623618527483194E-005  -2.4757759314653072E-004   1.0000000000000000E-002   1.2000000000000000E-002   1.0017140197174175        0.0000000000000000        1.0017140197174175        1.0000000000000000        6.9400066739805622E-310
   7.5006659741636020E-002  -1.3287354301156296E-005  -2.8301191377266832E-004   1.0000000000000000E-002   1.2000000000000000E-002   1.0017165376563135        0.0000000000000000        1.0017165376563135        1.0000000000000000        6.9400066739805622E-310
   8.5007467294521646E-002  -1.4898683169045703E-005  -3.1732901158321170E-004   1.0000000000000000E-002   1.2000000000000000E-002   1.0017193866162701        0.0000000000000000        1.0017193866162701        1.0000000000000000        6.9400066739805622E-310
   9.5008245374785583E-002  -1.6451248385810589E-005  -3.5039343871101636E-004   1.0000000000000000E-002   1.2000000000000000E-002   1.0017225553552409        0.0000000000000000        1.0017225553552409        1.0000000000000000        6.9400066739805622E-310
  0.10500899091154017       -1.7938924831734056E-005  -3.8207466873352303E-004   1.0000000000000000E-002   1.2000000000000000E-002   1.0017260313692431        0.0000000000000000        1.0017260313692431        1.0000000000000000        6.9400066739805622E-310
  0.11500970096237847       -1.9355842959778820E-005  -4.1224769484227153E-004   1.0000000000000000E-002   1.2000000000000000E-002   1.0017298009417921        0.0000000000000000        1.0017298009417921        1.0000000000000000        6.9400066739805622E-310
  0.12501037272498333       -2.0696411816686834E-005  -4.4079340893610208E-004   1.0000000000000000E-002   1.2000000000000000E-002   1.0017338491980192        0.0000000000000000        1.0017338491980192        1.0000000000000000        6.9400066739805622E-310
  0.13501100354819043       -2.1955341047577548E-005  -4.6759913058558311E-004   1.0000000000000000E-002   1.2000000000000000E-002   1.0017381601630402        0.0000000000000000        1.0017381601630402        1.0000000000000000        6.9400066739805622E-310
  0.14501159094245442       -2.3127661797386580E-005  -4.9255911560841525E-004   1.0000000000000000E-002   1.2000000000000000E-002   1.0017427168252993        0.0000000000000000        1.0017427168252993        1.0000000000000000        6.9400066739805622E-310
  0.15501213258966759       -2.4208746691132796E-005  -5.1557482959019296E-004   1.0000000000000000E-002   1.2000000000000000E-002   1.0017475012035735        0.0000000000000000        1.0017475012035735        1.0000000000000000        6.9400066739805622E-310
  0.16501262635231312       -2.5194327548479177E-005  -5.3655547735242948E-004   1.0000000000000000E-002   1.2000000000000000E-002   1.0017524944178255        0.0000000000000000        1.0017524944178255        1.0000000000000000        6.9400066739805622E-310
  0.17501307028189478       -2.6080512591588879E-005  -5.5541825745653028E-004   1.0000000000000000E-002   1.2000000000000000E-002   1.0017576767637777        0.0000000000000000        1.0017576767637777        1.0000000000000000        6.9400066739805622E-310
  0.18501346262662771       -2.6863801796902222E-005  -5.7208876607006687E-004   1.0000000000000000E-002   1.2000000000000000E-002   1.0017630277905962        0.0000000000000000        1.0017630277905962        1.0000000000000000        6.9400066739805622E-310
  0.19501380183834610       -2.7541100813233385E-005  -5.8650123447012703E-004   1.0000000000000000E-002   1.2000000000000000E-002   1.0017685263816423        0.0000000000000000        1.0017685263816423        1.0000000000000000        6.9400066739805622E-310
  0.20501408657861112       -2.8109732899973930E-005  -5.9859883614699072E-004   1.0000000000000000E-002   1.2000000000000000E-002   1.0017741508378062        0.0000000000000000        1.0017741508378062        1.0000000000000000        6.9400066739805622E-310
  0.21501431572398577       -2.8567449819853735E-005  -6.0833384245917443E-004   1.0000000000000000E-002   1.2000000000000000E-002   1.0017798789630630        0.0000000000000000        1.0017798789630630        1.0000000000000000        6.9400066739805622E-310
  0.22501448837046689       -2.8912440857220338E-005  -6.1566787240341370E-004   1.0000000000000000E-002   1.2000000000000000E-002   1.0017856881519553        0.0000000000000000        1.0017856881519553        1.0000000000000000        6.9400066739805622E-310
  0.23501460383704686       -2.9143340112821358E-005  -6.2057202100529452E-004   1.0000000000000000E-002   1.2000000000000000E-002   1.0017915554788734        0.0000000000000000        1.0017915554788734        1.0000000000000000        6.9400066739805622E-310
  0.24501466166839705       -2.9259231287724005E-005  -6.2302700620975315E-004   1.0000000000000000E-002   1.2000000000000000E-002   1.0017974577886597        0.0000000000000000        1.0017974577886597        1.0000000000000000        6.9400066739805622E-310
  0.25501466163665504       -2.9259652075021253E-005  -6.2302315719708901E-004   1.0000000000000000E-002   1.2000000000000000E-002   1.0018033717878754        0.0000000000000000        1.0018033717878754        1.0000000000000000        6.9400066739805622E-310
  0.26501460374232194       -2.9144595696624560E-005  -6.2056055179748881E-004   1.0000000000000000E-002   1.2000000000000000E-002   1.0018092741366589        0.0000000000000000        1.0018092741366589        1.0000000000000000        6.9400066739805622E-310
  0.27501448821425223       -2.8914511683863301E-005  -6.1564895211407844E-004   1.0000000000000000E-002   1.2000000000000000E-002   1.0018151415409933        0.0000000000000000        1.0018151415409933        1.0000000000000000        6.9400066739805622E-310
  0.28501431550874412       -2.8570302863426499E-005  -6.0830774823372735E-004   1.0000000000000000E-002   1.2000000000000000E-002   1.0018209508443376        0.0000000000000000        1.0018209508443376        1.0000000000000000        6.9400066739805622E-310
  0.29501408630773895       -2.8113323234092500E-005  -5.9856602110386348E-004   1.0000000000000000E-002   1.2000000000000000E-002   1.0018266791193764        0.0000000000000000        1.0018266791193764        1.0000000000000000        6.9400066739805622E-310
  0.30501380151611468       -2.7545371987211163E-005  -5.8646220049585196E-004   1.0000000000000000E-002   1.2000000000000000E-002   1.0018323037584074        0.0000000000000000        1.0018323037584074        1.0000000000000000        6.9400066739805622E-310
  0.31501346225811838       -2.6868686592318357E-005  -5.7204412493216950E-004   1.0000000000000000E-002   1.2000000000000000E-002   1.0018378025624244        0.0000000000000000        1.0018378025624244        1.0000000000000000        6.9400066739805622E-310
  0.32501306987291856       -2.6085933656811161E-005  -5.5536870295735952E-004   1.0000000000000000E-002   1.2000000000000000E-002   1.0018431538289105        0.0000000000000000        1.0018431538289105        1.0000000000000000        6.9400066739805622E-310
  0.33501262590932018       -2.5200199507457856E-005  -5.3650179567910072E-004   1.0000000000000000E-002   1.2000000000000000E-002   1.0018483364374098        0.0000000000000000        1.0018483364374098        1.0000000000000000        6.9400066739805622E-310
  0.34501213211964549       -2.4214976885149842E-005  -5.1551789043546847E-004   1.0000000000000000E-002   1.2000000000000000E-002   1.0018533299330841        0.0000000000000000        1.0018533299330841        1.0000000000000000        6.9400066739805622E-310
  0.35501159045281461       -2.3134152082309347E-005  -4.9249978867216271E-004   1.0000000000000000E-002   1.2000000000000000E-002   1.0018581146071854        0.0000000000000000        1.0018581146071854        1.0000000000000000        6.9400066739805622E-310
  0.36501100304665568       -2.1961988946104822E-005  -4.6753837751545291E-004   1.0000000000000000E-002   1.2000000000000000E-002   1.0018626715749990        0.0000000000000000        1.0018626715749990        1.0000000000000000        6.9400066739805622E-310
  0.37501037221946193       -2.0703112678277111E-005  -4.4073216483386801E-004   1.0000000000000000E-002   1.2000000000000000E-002   1.0018669828505127        0.0000000000000000        1.0018669828505127        1.0000000000000000        6.9400066739805622E-310
  0.38500970046084243       -1.9362491023403722E-005  -4.1218691858979639E-004   1.0000000000000000E-002   1.2000000000000000E-002   1.0018710314171175        0.0000000000000000        1.0018710314171175        1.0000000000000000        6.9400066739805622E-310
  0.39500899042190063       -1.7945415089948723E-005  -3.8201535649751150E-004   1.0000000000000000E-002   1.2000000000000000E-002   1.0018748012951906        0.0000000000000000        1.0018748012951906        1.0000000000000000        6.9400066739805622E-310
  0.40500824490476295       -1.6457478542490233E-005  -3.5033649110349785E-004   1.0000000000000000E-002   1.2000000000000000E-002   1.0018782776050459        0.0000000000000000        1.0018782776050459        1.0000000000000000        6.9400066739805622E-310
  0.41500746685152912       -1.4904555092698215E-005  -3.1727534121195333E-004   1.0000000000000000E-002   1.2000000000000000E-002   1.0018814466254486        0.0000000000000000        1.0018814466254486        1.0000000000000000        6.9400066739805622E-310
  0.42500665933265924       -1.3292775393052772E-005  -2.8296234607516624E-004   1.0000000000000000E-002   1.2000000000000000E-002   1.0018842958479477        0.0000000000000000        1.0018842958479477        1.0000000000000000        6.9400066739805622E-310
  0.43500582553486300       -1.1628503374472033E-005  -2.4753295867263603E-004   1.0000000000000000E-002   1.2000000000000000E-002   1.0018868140264767        0.0000000000000000        1.0018868140264767        1.0000000000000000        6.9400066739805622E-310
  0.44500496874851792       -9.9183098373414529E-006  -2.1112692117331022E-004   1.0000000000000000E-002   1.2000000000000000E-002   1.0018889912216322        0.0000000000000000        1.0018889912216322        1.0000000000000000        6.9400066739805622E-310
  0.45500409235469458       -8.1689481345356697E-006  -1.7388787824312857E-004   1.0000000000000000E-002   1.2000000000000000E-002   1.0018908188396083        0.0000000000000000        1.0018908188396083        1.0000000000000000        6.9400066739805622E-310
  0.46500319981181704       -6.3873261670054460E-006  -1.3596278933203365E-004   1.0000000000000000E-002   1.2000000000000000E-002   1.0018922896665774        0.0000000000000000        1.0018922896665774        1.0000000000000000        6.9400066739805622E-310
  0.47500229464201421       -4.5804795355319998E-006  -9.7501246633768801E-005   1.0000000000000000E-002   1.2000000000000000E-002   1.0018933978969136        0.0000000000000000        1.0018933978969136        1.0000000000000000        6.9400066739805622E-310
  0.48500138041723212       -2.7555434281716204E-006  -5.8655068136737043E-005   1.0000000000000000E-002   1.2000000000000000E-002   1.0018941391563561        0.0000000000000000        1.0018941391563561        1.0000000000000000        6.9400066739805622E-310
  0.49500046074513132       -9.1972523076714249E-007  -1.9577428089334603E-005   1.0000000000000000E-002   1.2000000000000000E-002   1.0018945105190435        0.0000000000000000        1.0018945105190435        1.0000000000000000        6.9400066739805622E-310
  0.50499953925486807        9.1972513892596507E-007   1.9577435575790503E-005   1.0000000000000000E-002   1.2000000000000000E-002   1.0018945105190022        0.0000000000000000        1.0018945105190022        1.0000000000000000        6.9400066739805622E-310
  0.51499861958276838        2.7555436534069201E-006   5.8655047990185949E-005   1.0000000000000000E-002   1.2000000000000000E-002   1.0018941391563816        0.0000000000000000        1.0018941391563816        1.0000000000000000        6.9400066739805622E-310
  0.52499770535798451        4.5804794194232891E-006   9.7501271540068046E-005   1.0000000000000000E-002   1.2000000000000000E-002   1.0018933978969162        0.0000000000000000        1.0018933978969162        1.0000000000000000        6.9400066739805622E-310
  0.53499680018818330        6.3873261562033610E-006   1.3596278233496406E-004   1.0000000000000000E-002   1.2000000000000000E-002   1.0018922896664955        0.0000000000000000        1.0018922896664955        1.0000000000000000        6.9400066739805622E-310
  0.54499590764530603        8.1689482503981827E-006   1.7388787229055680E-004   1.0000000000000000E-002   1.2000000000000000E-002   1.0018908188395930        0.0000000000000000        1.0018908188395930        1.0000000000000000        6.9400066739805622E-310
  0.55499503125148264        9.9183097798919820E-006   2.1112691656899329E-004   1.0000000000000000E-002   1.2000000000000000E-002   1.0018889912216544        0.0000000000000000        1.0018889912216544        1.0000000000000000        6.9400066739805622E-310
  0.56499417446513722        1.1628503302769330E-005   2.4753295329027480E-004   1.0000000000000000E-002   1.2000000000000000E-002   1.0018868140265507        0.0000000000000000        1.0018868140265507        1.0000000000000000        6.9400066739805622E-310
  0.57499334066733965        1.3292775496982337E-005   2.8296236481928361E-004   1.0000000000000000E-002   1.2000000000000000E-002   1.0018842958479566        0.0000000000000000        1.0018842958479566        1.0000000000000000        6.9400066739805622E-310
  0.58499253314847099        1.4904554972048018E-005   3.1727533133896202E-004   1.0000000000000000E-002   1.2000000000000000E-002   1.0018814466254218        0.0000000000000000        1.0018814466254218        1.0000000000000000        6.9400066739805622E-310
  0.59499175509523650        1.6457478634341025E-005   3.5033650319693521E-004   1.0000000000000000E-002   1.2000000000000000E-002   1.0018782776050086        0.0000000000000000        1.0018782776050086        1.0000000000000000        6.9400066739805622E-310
  0.60499100957810026        1.7945415034517830E-005   3.8201533861137449E-004   1.0000000000000000E-002   1.2000000000000000E-002   1.0018748012951741        0.0000000000000000        1.0018748012951741        1.0000000000000000        6.9400066739805622E-310
  0.61499029953915740        1.9362490945197516E-005   4.1218692820166325E-004   1.0000000000000000E-002   1.2000000000000000E-002   1.0018710314171466        0.0000000000000000        1.0018710314171466        1.0000000000000000        6.9400066739805622E-310
  0.62498962778053813        2.0703112746373054E-005   4.4073217445728119E-004   1.0000000000000000E-002   1.2000000000000000E-002   1.0018669828504485        0.0000000000000000        1.0018669828504485        1.0000000000000000        6.9400066739805622E-310
  0.63498899695334565        2.1961988956270322E-005   4.6753835955026801E-004   1.0000000000000000E-002   1.2000000000000000E-002   1.0018626715749739        0.0000000000000000        1.0018626715749739        1.0000000000000000        6.9400066739805622E-310
  0.64498840954718606        2.3134152062301762E-005   4.9249978461674004E-004   1.0000000000000000E-002   1.2000000000000000E-002   1.0018581146072629        0.0000000000000000        1.0018581146072629        1.0000000000000000        6.9400066739805622E-310
  0.65498786788035401        2.4214976946358581E-005   5.1551791016013482E-004   1.0000000000000000E-002   1.2000000000000000E-002   1.0018533299330894        0.0000000000000000        1.0018533299330894        1.0000000000000000        6.9400066739805622E-310
  0.66498737409068043        2.5200199653463876E-005   5.3650178702202567E-004   1.0000000000000000E-002   1.2000000000000000E-002   1.0018483364373647        0.0000000000000000        1.0018483364373647        1.0000000000000000        6.9400066739805622E-310
  0.67498693012708211        2.6085933574013402E-005   5.5536868867722688E-004   1.0000000000000000E-002   1.2000000000000000E-002   1.0018431538289703        0.0000000000000000        1.0018431538289703        1.0000000000000000        6.9400066739805622E-310
  0.68498653774188090        2.6868686458988300E-005   5.7204413644651453E-004   1.0000000000000000E-002   1.2000000000000000E-002   1.0018378025624977        0.0000000000000000        1.0018378025624977        1.0000000000000000        6.9400066739805622E-310
  0.69498619848388432        2.7545372019865690E-005   5.8646221188318748E-004   1.0000000000000000E-002   1.2000000000000000E-002   1.0018323037583687        0.0000000000000000        1.0018323037583687        1.0000000000000000        6.9400066739805622E-310
  0.70498591369226138        2.8113323319920570E-005   5.9856600323637821E-004   1.0000000000000000E-002   1.2000000000000000E-002   1.0018266791193784        0.0000000000000000        1.0018266791193784        1.0000000000000000        6.9400066739805622E-310
  0.71498568449125466        2.8570302919162369E-005   6.0830777603104735E-004   1.0000000000000000E-002   1.2000000000000000E-002   1.0018209508442899        0.0000000000000000        1.0018209508442899        1.0000000000000000        6.9400066739805622E-310
  0.72498551178574910        2.8914511620542150E-005   6.1564892592524956E-004   1.0000000000000000E-002   1.2000000000000000E-002   1.0018151415409355        0.0000000000000000        1.0018151415409355        1.0000000000000000        6.9400066739805622E-310
  0.73498539625767823        2.9144595788573635E-005   6.2056055077697181E-004   1.0000000000000000E-002   1.2000000000000000E-002   1.0018092741367286        0.0000000000000000        1.0018092741367286        1.0000000000000000        6.9400066739805622E-310
  0.74498533836334468        2.9259651970080203E-005   6.2302315873541403E-004   1.0000000000000000E-002   1.2000000000000000E-002   1.0018033717879387        0.0000000000000000        1.0018033717879387        1.0000000000000000        6.9400066739805622E-310
  0.75498533833160175        2.9259231266774342E-005   6.2302702366512364E-004   1.0000000000000000E-002   1.2000000000000000E-002   1.0017974577886395        0.0000000000000000        1.0017974577886395        1.0000000000000000        6.9400066739805622E-310
  0.76498539616295336        2.9143340103074557E-005   6.2057200893406161E-004   1.0000000000000000E-002   1.2000000000000000E-002   1.0017915554788288        0.0000000000000000        1.0017915554788288        1.0000000000000000        6.9400066739805622E-310
  0.77498551162953289        2.8912440955056977E-005   6.1566787726974326E-004   1.0000000000000000E-002   1.2000000000000000E-002   1.0017856881519458        0.0000000000000000        1.0017856881519458        1.0000000000000000        6.9400066739805622E-310
  0.78498568427601456        2.8567449737156122E-005   6.0833383574898647E-004   1.0000000000000000E-002   1.2000000000000000E-002   1.0017798789630554        0.0000000000000000        1.0017798789630554        1.0000000000000000        6.9400066739805622E-310
  0.79498591342138891        2.8109732912474937E-005   5.9859883347268550E-004   1.0000000000000000E-002   1.2000000000000000E-002   1.0017741508378462        0.0000000000000000        1.0017741508378462        1.0000000000000000        6.9400066739805622E-310
  0.80498619816165329        2.7541100614402676E-005   5.8650124586367980E-004   1.0000000000000000E-002   1.2000000000000000E-002   1.0017685263816407        0.0000000000000000        1.0017685263816407        1.0000000000000000        6.9400066739805622E-310
  0.81498653737337234        2.6863801879252645E-005   5.7208876417380594E-004   1.0000000000000000E-002   1.2000000000000000E-002   1.0017630277905523        0.0000000000000000        1.0017630277905523        1.0000000000000000        6.9400066739805622E-310
  0.82498692971810561        2.6080512610902328E-005   5.5541825114069354E-004   1.0000000000000000E-002   1.2000000000000000E-002   1.0017576767637713        0.0000000000000000        1.0017576767637713        1.0000000000000000        6.9400066739805622E-310
  0.83498737364768705        2.5194327650873951E-005   5.3655547797326619E-004   1.0000000000000000E-002   1.2000000000000000E-002   1.0017524944178462        0.0000000000000000        1.0017524944178462        1.0000000000000000        6.9400066739805622E-310
  0.84498786741033227        2.4208746709698335E-005   5.1557483532072013E-004   1.0000000000000000E-002   1.2000000000000000E-002   1.0017475012035608        0.0000000000000000        1.0017475012035608        1.0000000000000000        6.9400066739805622E-310
  0.85498840905754614        2.3127661731495619E-005   4.9255910226175814E-004   1.0000000000000000E-002   1.2000000000000000E-002   1.0017427168253259        0.0000000000000000        1.0017427168253259        1.0000000000000000        6.9400066739805622E-310
  0.86498899645180882        2.1955341111121444E-005   4.6759914565619454E-004   1.0000000000000000E-002   1.2000000000000000E-002   1.0017381601630577        0.0000000000000000        1.0017381601630577        1.0000000000000000        6.9400066739805622E-310
  0.87498962727501683        2.0696411691722190E-005   4.4079339997615818E-004   1.0000000000000000E-002   1.2000000000000000E-002   1.0017338491980052        0.0000000000000000        1.0017338491980052        1.0000000000000000        6.9400066739805622E-310
  0.88499029903762116        1.9355843046677912E-005   4.1224770000525268E-004   1.0000000000000000E-002   1.2000000000000000E-002   1.0017298009418014        0.0000000000000000        1.0017298009418014        1.0000000000000000        6.9400066739805622E-310
  0.89499100908845963        1.7938924792152931E-005   3.8207467754602931E-004   1.0000000000000000E-002   1.2000000000000000E-002   1.0017260313691854        0.0000000000000000        1.0017260313691854        1.0000000000000000        6.9400066739805622E-310
  0.90499175462521531        1.6451248364050855E-005   3.5039343013831825E-004   1.0000000000000000E-002   1.2000000000000000E-002   1.0017225553551841        0.0000000000000000        1.0017225553551841        1.0000000000000000        6.9400066739805622E-310
  0.91499253270547942        1.4898683134200993E-005   3.1732900114267437E-004   1.0000000000000000E-002   1.2000000000000000E-002   1.0017193866162986        0.0000000000000000        1.0017193866162986        1.0000000000000000        6.9400066739805622E-310
  0.92499334025836422        1.3287354359277224E-005   2.8301191848090212E-004   1.0000000000000000E-002   1.2000000000000000E-002   1.0017165376563710        0.0000000000000000        1.0017165376563710        1.0000000000000000        6.9400066739805622E-310
  0.93499417409662788        1.1623618520796379E-005   2.4757759869942220E-004   1.0000000000000000E-002   1.2000000000000000E-002   1.0017140197174212        0.0000000000000000        1.0017140197174212        1.0000000000000000        6.9400066739805622E-310
  0.94499503092925141        9.9140386899526651E-006   2.1116593787517957E-004   1.0000000000000000E-002   1.2000000000000000E-002   1.0017118427353366        0.0000000000000000        1.0017118427353366        1.0000000000000000        6.9400066739805622E-310
  0.95499590737443185        8.1653576665114836E-006   1.7392072716404527E-004   1.0000000000000000E-002   1.2000000000000000E-002   1.0017100153001417        0.0000000000000000        1.0017100153001417        1.0000000000000000        6.9400066739805622E-310
  0.96499679997294263        6.3844731370149729E-006   1.3598884981558257E-004   1.0000000000000000E-002   1.2000000000000000E-002   1.0017085446229508        0.0000000000000000        1.0017085446229508        1.0000000000000000        6.9400066739805622E-310
  0.97499770520177043        4.5784088396036605E-006   9.7520179092036585E-005   1.0000000000000000E-002   1.2000000000000000E-002   1.0017074365071772        0.0000000000000000        1.0017074365071772        1.0000000000000000        6.9400066739805622E-310
  0.98499861948804213        2.7542879258944915E-006   5.8666550895480896E-005   1.0000000000000000E-002   1.2000000000000000E-002   1.0017066953250184        0.0000000000000000        1.0017066953250184        1.0000000000000000        6.9400066739805622E-310
  0.99499953922312723        9.1930443158602600E-007   1.9581257527434559E-005   1.0000000000000000E-002   1.2000000000000000E-002   1.0017063240013671        0.0000000000000000        1.0017063240013671        1.0000000000000000        6.9400066739805622E-310
   1.0050004607768732       -9.1931026248126251E-007  -1.9672555182204121E-005   1.0000000000000000E-002   1.2000000000000000E-002   1.0017063240014235        0.0000000000000000        1.0017063240014235        1.0000000000000000        6.9400066739805622E-310
   1.0150013805119569       -2.7543051971861483E-006  -5.8940026351983477E-005   1.0000000000000000E-002   1.2000000000000000E-002   1.0017066953250211        0.0000000000000000        1.0017066953250211        1.0000000000000000        6.9400066739805622E-310
   1.0250022947982300       -4.5784376012538096E-006  -9.7974829590619095E-005   1.0000000000000000E-002   1.2000000000000000E-002   1.0017074365071370        0.0000000000000000        1.0017074365071370        1.0000000000000000        6.9400066739805622E-310
   1.0350032000270575       -6.3845132195144652E-006  -1.3662284224924548E-004   1.0000000000000000E-002   1.2000000000000000E-002   1.0017085446230363        0.0000000000000000        1.0017085446230363        1.0000000000000000        6.9400066739805622E-310
   1.0450040926255666       -8.1654090749345445E-006  -1.7473153652858286E-004   1.0000000000000000E-002   1.2000000000000000E-002   1.0017100153001333        0.0000000000000000        1.0017100153001333        1.0000000000000000        6.9400066739805622E-310
  -5.0004607768727727E-003   9.1941397127854255E-007  -3.5767633061438002E+077   1.0000000000000000E-002   1.2000000000000000E-002   1.0017063240013671        0.0000000000000000        1.0017063240013671        1.0000000000000000        6.9400066739805622E-310
  -1.5001380511957874E-002   2.7546161245765896E-006   0.0000000000000000        1.0000000000000000E-002   1.2000000000000000E-002   1.0017066953250184        0.0000000000000000        1.0017066953250184        1.0000000000000000        6.9400066739805622E-310
  -2.5002294798229574E-002   4.5789544040346258E-006  -3.5767633061438002E+077   1.0000000000000000E-002   1.2000000000000000E-002   1.0017074365071772        0.0000000000000000        1.0017074365071772        1.0000000000000000        6.9400066739805622E-310
  -3.5003200027057368E-002   6.3852339201282803E-006   6.9400068546417920E-310   1.0000000000000000E-002   1.2000000000000000E-002   1.0017085446229508        0.0000000000000000        1.0017085446229508        1.0000000000000000        6.9400066739805622E-310
  -4.5004092625568148E-002   8.1663306653726985E-006   6.9400066883177543E-310   1.0000000000000000E-002   1.2000000000000000E-002   1.0017100153001417        0.0000000000000000        1.0017100153001417        1.0000000000000000        6.9400066739805622E-310
