 # x, v, a, m, h, rho, u, P, c, ke
   2.3520000000000021     
   5.0001768874274200E-003  -2.9222315250829953E-006  -7.5198688218591769E-006   1.0000000000000000E-002   1.2000000000000000E-002   1.0017642902018036        0.0000000000000000        1.0017642902018036        1.0000000000000000        6.9400066739805622E-310
   1.5000529963873058E-002  -8.7551577963794160E-006  -2.2529909131208115E-005   1.0000000000000000E-002   1.2000000000000000E-002   1.0017644328156403        0.0000000000000000        1.0017644328156403        1.0000000000000000        6.9400066739805622E-310
   2.5000880947843945E-002  -1.4553517989454060E-005  -3.7450834412311451E-005   1.0000000000000000E-002   1.2000000000000000E-002   1.0017647174795028        0.0000000000000000        1.0017647174795028        1.0000000000000000        6.9400066739805622E-310
   3.5001228453554800E-002  -2.0294420456846829E-005  -5.2223736981993341E-005   1.0000000000000000E-002   1.2000000000000000E-002   1.0017651430681900        0.0000000000000000        1.0017651430681900        1.0000000000000000        6.9400066739805622E-310
   4.5001571108965660E-002  -2.5955200067321266E-005  -6.6790130304639206E-005   1.0000000000000000E-002   1.2000000000000000E-002   1.0017657078993967        0.0000000000000000        1.0017657078993967        1.0000000000000000        6.9400066739805622E-310
   5.5001907561220739E-002  -3.1513508820989697E-005  -8.1092554658823701E-005   1.0000000000000000E-002   1.2000000000000000E-002   1.0017664097406365        0.0000000000000000        1.0017664097406365        1.0000000000000000        6.9400066739805622E-310
   6.5002236481977824E-002  -3.6947403393559879E-005  -9.5074367719050201E-005   1.0000000000000000E-002   1.2000000000000000E-002   1.0017672458179987        0.0000000000000000        1.0017672458179987        1.0000000000000000        6.9400066739805622E-310
   7.5002556572675641E-002  -4.2235431739179710E-005  -1.0868035253341901E-004   1.0000000000000000E-002   1.2000000000000000E-002   1.0017682128267582        0.0000000000000000        1.0017682128267582        1.0000000000000000        6.9400066739805622E-310
   8.5002866569657817E-002  -4.7356719659189688E-005  -1.2185674018194703E-004   1.0000000000000000E-002   1.2000000000000000E-002   1.0017693069450364        0.0000000000000000        1.0017693069450364        1.0000000000000000        6.9400066739805622E-310
   9.5003165249169561E-002  -5.2291050513850933E-005  -1.3455150998176180E-004   1.0000000000000000E-002   1.2000000000000000E-002   1.0017705238488914        0.0000000000000000        1.0017705238488914        1.0000000000000000        6.9400066739805622E-310
  0.10500345143218760       -5.7018946867246843E-005  -1.4671449419356719E-004   1.0000000000000000E-002   1.2000000000000000E-002   1.0017718587294626        0.0000000000000000        1.0017718587294626        1.0000000000000000        6.9400066739805622E-310
  0.11500372398907996       -6.1521747460289880E-005  -1.5829761887609095E-004   1.0000000000000000E-002   1.2000000000000000E-002   1.0017733063116609        0.0000000000000000        1.0017733063116609        1.0000000000000000        6.9400066739805622E-310
  0.12500398184407191       -6.5781680127466742E-005  -1.6925519740418338E-004   1.0000000000000000E-002   1.2000000000000000E-002   1.0017748608754291        0.0000000000000000        1.0017748608754291        1.0000000000000000        6.9400066739805622E-310
  0.13500422397948764       -6.9781932350040896E-005  -1.7954397138719713E-004   1.0000000000000000E-002   1.2000000000000000E-002   1.0017765162785734        0.0000000000000000        1.0017765162785734        1.0000000000000000        6.9400066739805622E-310
  0.14500444943976853       -7.3506717422888089E-005  -1.8912332514897656E-004   1.0000000000000000E-002   1.2000000000000000E-002   1.0017782659808061        0.0000000000000000        1.0017782659808061        1.0000000000000000        6.9400066739805622E-310
  0.15500465733524577       -7.6941336887151416E-005  -1.9795549326939721E-004   1.0000000000000000E-002   1.2000000000000000E-002   1.0017801030698235        0.0000000000000000        1.0017801030698235        1.0000000000000000        6.9400066739805622E-310
  0.16500484684564662       -8.0072238677593099E-005  -2.0600564131090238E-004   1.0000000000000000E-002   1.2000000000000000E-002   1.0017820202887102        0.0000000000000000        1.0017820202887102        1.0000000000000000        6.9400066739805622E-310
  0.17500501722333062       -8.2887070553099381E-005  -2.1324205064487955E-004   1.0000000000000000E-002   1.2000000000000000E-002   1.0017840100646247        0.0000000000000000        1.0017840100646247        1.0000000000000000        6.9400066739805622E-310
  0.18500516779623441       -8.5374728210922294E-005  -2.1963620420706320E-004   1.0000000000000000E-002   1.2000000000000000E-002   1.0017860645387846        0.0000000000000000        1.0017860645387846        1.0000000000000000        6.9400066739805622E-310
  0.19500529797052055       -8.7525399465982617E-005  -2.2516294146779359E-004   1.0000000000000000E-002   1.2000000000000000E-002   1.0017881755975493        0.0000000000000000        1.0017881755975493        1.0000000000000000        6.9400066739805622E-310
  0.20500540723291438       -8.9330603321800085E-005  -2.2980055147669987E-004   1.0000000000000000E-002   1.2000000000000000E-002   1.0017903349047359        0.0000000000000000        1.0017903349047359        1.0000000000000000        6.9400066739805622E-310
  0.21500549515271872       -9.0783222796386525E-005  -2.3353076362475633E-004   1.0000000000000000E-002   1.2000000000000000E-002   1.0017925339343028        0.0000000000000000        1.0017925339343028        1.0000000000000000        6.9400066739805622E-310
  0.22500556138351246       -9.1877532235730533E-005  -2.3633898348940363E-004   1.0000000000000000E-002   1.2000000000000000E-002   1.0017947640041069        0.0000000000000000        1.0017947640041069        1.0000000000000000        6.9400066739805622E-310
  0.23500560566450443       -9.2609221393132512E-005  -2.3821424316672335E-004   1.0000000000000000E-002   1.2000000000000000E-002   1.0017970163105725        0.0000000000000000        1.0017970163105725        1.0000000000000000        6.9400066739805622E-310
  0.24500562782155152       -9.2975411348869894E-005  -2.3914921970913383E-004   1.0000000000000000E-002   1.2000000000000000E-002   1.0017992819631514        0.0000000000000000        1.0017992819631514        1.0000000000000000        6.9400066739805622E-310
  0.25500562776784025       -9.2974665441289875E-005  -2.3914034181071742E-004   1.0000000000000000E-002   1.2000000000000000E-002   1.0018015520195089        0.0000000000000000        1.0018015520195089        1.0000000000000000        6.9400066739805622E-310
  0.26500560550421443       -9.2606995459352929E-005  -2.3818767191663426E-004   1.0000000000000000E-002   1.2000000000000000E-002   1.0018038175204986        0.0000000000000000        1.0018038175204986        1.0000000000000000        6.9400066739805622E-310
  0.27500556111917523       -9.1873861344696312E-005  -2.3629522589718732E-004   1.0000000000000000E-002   1.2000000000000000E-002   1.0018060695262032        0.0000000000000000        1.0018060695262032        1.0000000000000000        6.9400066739805622E-310
  0.28500549478849990       -9.0778164840902244E-005  -2.3347043919041965E-004   1.0000000000000000E-002   1.2000000000000000E-002   1.0018082991509354        0.0000000000000000        1.0018082991509354        1.0000000000000000        6.9400066739805622E-310
  0.29500540677455817       -8.9324238333821158E-005  -2.2972461388359733E-004   1.0000000000000000E-002   1.2000000000000000E-002   1.0018104975977835        0.0000000000000000        1.0018104975977835        1.0000000000000000        6.9400066739805622E-310
  0.30500529742525817       -8.7517827590096885E-005  -2.2507264807103411E-004   1.0000000000000000E-002   1.2000000000000000E-002   1.0018126561941134        0.0000000000000000        1.0018126561941134        1.0000000000000000        6.9400066739805622E-310
  0.31500516717266286       -8.5366068646170707E-005  -2.1953292474474750E-004   1.0000000000000000E-002   1.2000000000000000E-002   1.0018147664251005        0.0000000000000000        1.0018147664251005        1.0000000000000000        6.9400066739805622E-310
  0.32500501653128450       -8.2877460098503905E-005  -2.1312742995327483E-004   1.0000000000000000E-002   1.2000000000000000E-002   1.0018168199674369        0.0000000000000000        1.0018168199674369        1.0000000000000000        6.9400066739805622E-310
  0.33500484609603998       -8.0061828966766343E-005  -2.0588148699385300E-004   1.0000000000000000E-002   1.2000000000000000E-002   1.0018188087222784        0.0000000000000000        1.0018188087222784        1.0000000000000000        6.9400066739805622E-310
  0.34500465653990015       -7.6930292138627387E-005  -1.9782375673216279E-004   1.0000000000000000E-002   1.2000000000000000E-002   1.0018207248468796        0.0000000000000000        1.0018207248468796        1.0000000000000000        6.9400066739805622E-310
  0.35500444861122860       -7.3495211404682768E-005  -1.8898612771955925E-004   1.0000000000000000E-002   1.2000000000000000E-002   1.0018225607858520        0.0000000000000000        1.0018225607858520        1.0000000000000000        6.9400066739805622E-310
  0.36500422313081615       -6.9770146868100151E-005  -1.7940339256661275E-004   1.0000000000000000E-002   1.2000000000000000E-002   1.0018243093002241        0.0000000000000000        1.0018243093002241        1.0000000000000000        6.9400066739805622E-310
  0.37500398098865556       -6.5769801098169124E-005  -1.6911351491977200E-004   1.0000000000000000E-002   1.2000000000000000E-002   1.0018259634963098        0.0000000000000000        1.0018259634963098        1.0000000000000000        6.9400066739805622E-310
  0.38500372314040932       -6.1509962229856852E-005  -1.5815706204591606E-004   1.0000000000000000E-002   1.2000000000000000E-002   1.0018275168531345        0.0000000000000000        1.0018275168531345        1.0000000000000000        6.9400066739805622E-310
  0.39500345060364622       -5.7007441139992718E-005  -1.4657725661937349E-004   1.0000000000000000E-002   1.2000000000000000E-002   1.0018289632473878        0.0000000000000000        1.0018289632473878        1.0000000000000000        6.9400066739805622E-310
  0.40500316445382528       -5.2280005308812506E-005  -1.3441978608508265E-004   1.0000000000000000E-002   1.2000000000000000E-002   1.0018302969777837        0.0000000000000000        1.0018302969777837        1.0000000000000000        6.9400066739805622E-310
  0.41500286582005347       -4.7346309854631187E-005  -1.2173261381231981E-004   1.0000000000000000E-002   1.2000000000000000E-002   1.0018315127875446        0.0000000000000000        1.0018315127875446        1.0000000000000000        6.9400066739805622E-310
  0.42500255588063007       -4.2225821559829807E-005  -1.0856572587325530E-004   1.0000000000000000E-002   1.2000000000000000E-002   1.0018326058848406        0.0000000000000000        1.0018326058848406        1.0000000000000000        6.9400066739805622E-310
  0.43500223585840586       -3.6938743781955138E-005  -9.4971067868598880E-005   1.0000000000000000E-002   1.2000000000000000E-002   1.0018335719616647        0.0000000000000000        1.0018335719616647        1.0000000000000000        6.9400066739805622E-310
  0.44500190701595871       -3.1505936845873499E-005  -8.1002256036910580E-005   1.0000000000000000E-002   1.2000000000000000E-002   1.0018344072111298        0.0000000000000000        1.0018344072111298        1.0000000000000000        6.9400066739805622E-310
  0.45500157065061164       -2.5948834988074756E-005  -6.6714226139019672E-005   1.0000000000000000E-002   1.2000000000000000E-002   1.0018351083416450        0.0000000000000000        1.0018351083416450        1.0000000000000000        6.9400066739805622E-310
  0.46500122808933575       -2.0289362693275666E-005  -5.2163392170179179E-005   1.0000000000000000E-002   1.2000000000000000E-002   1.0018356725901878        0.0000000000000000        1.0018356725901878        1.0000000000000000        6.9400066739805622E-310
  0.47500088068350721       -1.4549847120282798E-005  -3.7407084456653195E-005   1.0000000000000000E-002   1.2000000000000000E-002   1.0018360977337368        0.0000000000000000        1.0018360977337368        1.0000000000000000        6.9400066739805622E-310
  0.48500052980358277       -8.7529319736628621E-006  -2.2503325373790517E-005   1.0000000000000000E-002   1.2000000000000000E-002   1.0018363820968370        0.0000000000000000        1.0018363820968370        1.0000000000000000        6.9400066739805622E-310
  0.49500017683371611       -2.9214856721558537E-006  -7.5109734343214996E-006   1.0000000000000000E-002   1.2000000000000000E-002   1.0018365245589280        0.0000000000000000        1.0018365245589280        1.0000000000000000        6.9400066739805622E-310
  0.50499982316628511        2.9214859432872617E-006   7.5109747701418428E-006   1.0000000000000000E-002   1.2000000000000000E-002   1.0018365245589285        0.0000000000000000        1.0018365245589285        1.0000000000000000        6.9400066739805622E-310
  0.51499947019641834        8.7529316122985677E-006   2.2503330358247808E-005   1.0000000000000000E-002   1.2000000000000000E-002   1.0018363820967995        0.0000000000000000        1.0018363820967995        1.0000000000000000        6.9400066739805622E-310
  0.52499911931649501        1.4549847340342508E-005   3.7407057051019876E-005   1.0000000000000000E-002   1.2000000000000000E-002   1.0018360977338026        0.0000000000000000        1.0018360977338026        1.0000000000000000        6.9400066739805622E-310
  0.53499877191066392        2.0289362616909015E-005   5.2163419112183362E-005   1.0000000000000000E-002   1.2000000000000000E-002   1.0018356725902611        0.0000000000000000        1.0018356725902611        1.0000000000000000        6.9400066739805622E-310
  0.54499842934938880        2.5948834860356119E-005   6.6714234985276732E-005   1.0000000000000000E-002   1.2000000000000000E-002   1.0018351083415467        0.0000000000000000        1.0018351083415467        1.0000000000000000        6.9400066739805622E-310
  0.55499809298404335        3.1505936905675286E-005   8.1002232286131459E-005   1.0000000000000000E-002   1.2000000000000000E-002   1.0018344072111074        0.0000000000000000        1.0018344072111074        1.0000000000000000        6.9400066739805622E-310
  0.56499776414159497        3.6938743728871123E-005   9.4971078278938137E-005   1.0000000000000000E-002   1.2000000000000000E-002   1.0018335719617009        0.0000000000000000        1.0018335719617009        1.0000000000000000        6.9400066739805622E-310
  0.57499744411937104        4.2225821478806531E-005   1.0856572939754727E-004   1.0000000000000000E-002   1.2000000000000000E-002   1.0018326058848064        0.0000000000000000        1.0018326058848064        1.0000000000000000        6.9400066739805622E-310
  0.58499713417994825        4.7346309993577063E-005   1.2173260468184566E-004   1.0000000000000000E-002   1.2000000000000000E-002   1.0018315127875475        0.0000000000000000        1.0018315127875475        1.0000000000000000        6.9400066739805622E-310
  0.59499683554617566        5.2280005456176276E-005   1.3441979539230431E-004   1.0000000000000000E-002   1.2000000000000000E-002   1.0018302969777795        0.0000000000000000        1.0018302969777795        1.0000000000000000        6.9400066739805622E-310
  0.60499654939635572        5.7007441022841746E-005   1.4657723163402636E-004   1.0000000000000000E-002   1.2000000000000000E-002   1.0018289632474529        0.0000000000000000        1.0018289632474529        1.0000000000000000        6.9400066739805622E-310
  0.61499627685959035        6.1509962154964137E-005   1.5815707493249676E-004   1.0000000000000000E-002   1.2000000000000000E-002   1.0018275168532584        0.0000000000000000        1.0018275168532584        1.0000000000000000        6.9400066739805622E-310
  0.62499601901134361        6.5769801166658419E-005   1.6911353269222218E-004   1.0000000000000000E-002   1.2000000000000000E-002   1.0018259634962923        0.0000000000000000        1.0018259634962923        1.0000000000000000        6.9400066739805622E-310
  0.63499577686918396        6.9770146914086614E-005   1.7940339445665643E-004   1.0000000000000000E-002   1.2000000000000000E-002   1.0018243093001227        0.0000000000000000        1.0018243093001227        1.0000000000000000        6.9400066739805622E-310
  0.64499555138877285        7.3495211568137860E-005   1.8898610447237729E-004   1.0000000000000000E-002   1.2000000000000000E-002   1.0018225607858413        0.0000000000000000        1.0018225607858413        1.0000000000000000        6.9400066739805622E-310
  0.65499534346010024        7.6930291785829233E-005   1.9782375257548779E-004   1.0000000000000000E-002   1.2000000000000000E-002   1.0018207248469959        0.0000000000000000        1.0018207248469959        1.0000000000000000        6.9400066739805622E-310
  0.66499515390395880        8.0061829092583682E-005   2.0588151019573786E-004   1.0000000000000000E-002   1.2000000000000000E-002   1.0018188087223046        0.0000000000000000        1.0018188087223046        1.0000000000000000        6.9400066739805622E-310
  0.67499498346871545        8.2877460040134757E-005   2.1312742196144541E-004   1.0000000000000000E-002   1.2000000000000000E-002   1.0018168199673976        0.0000000000000000        1.0018168199673976        1.0000000000000000        6.9400066739805622E-310
  0.68499483282733686        8.5366068900483499E-005   2.1953292637544308E-004   1.0000000000000000E-002   1.2000000000000000E-002   1.0018147664250936        0.0000000000000000        1.0018147664250936        1.0000000000000000        6.9400066739805622E-310
  0.69499470257474183        8.7517827564722000E-005   2.2507264436466556E-004   1.0000000000000000E-002   1.2000000000000000E-002   1.0018126561941070        0.0000000000000000        1.0018126561941070        1.0000000000000000        6.9400066739805622E-310
  0.70499459322544178        8.9324238296002113E-005   2.2972461044723502E-004   1.0000000000000000E-002   1.2000000000000000E-002   1.0018104975978190        0.0000000000000000        1.0018104975978190        1.0000000000000000        6.9400066739805622E-310
  0.71499450521149921        9.0778164701214734E-005   2.3347045139843203E-004   1.0000000000000000E-002   1.2000000000000000E-002   1.0018082991509183        0.0000000000000000        1.0018082991509183        1.0000000000000000        6.9400066739805622E-310
  0.72499443888082526        9.1873861337623370E-005   2.3629520550905170E-004   1.0000000000000000E-002   1.2000000000000000E-002   1.0018060695262363        0.0000000000000000        1.0018060695262363        1.0000000000000000        6.9400066739805622E-310
  0.73499439449578374        9.2606995490754107E-005   2.3818771285455398E-004   1.0000000000000000E-002   1.2000000000000000E-002   1.0018038175204291        0.0000000000000000        1.0018038175204291        1.0000000000000000        6.9400066739805622E-310
  0.74499437223216181        9.2974665431765823E-005   2.3914030334637459E-004   1.0000000000000000E-002   1.2000000000000000E-002   1.0018015520194330        0.0000000000000000        1.0018015520194330        1.0000000000000000        6.9400066739805622E-310
  0.75499437217844823        9.2975411390456677E-005   2.3914924662449266E-004   1.0000000000000000E-002   1.2000000000000000E-002   1.0017992819631290        0.0000000000000000        1.0017992819631290        1.0000000000000000        6.9400066739805622E-310
  0.76499439433549798        9.2609221386412885E-005   2.3821420976144481E-004   1.0000000000000000E-002   1.2000000000000000E-002   1.0017970163105714        0.0000000000000000        1.0017970163105714        1.0000000000000000        6.9400066739805622E-310
  0.77499443861648742        9.1877532234621354E-005   2.3633900338904112E-004   1.0000000000000000E-002   1.2000000000000000E-002   1.0017947640041769        0.0000000000000000        1.0017947640041769        1.0000000000000000        6.9400066739805622E-310
  0.78499450484728206        9.0783222605266727E-005   2.3353075747145624E-004   1.0000000000000000E-002   1.2000000000000000E-002   1.0017925339343043        0.0000000000000000        1.0017925339343043        1.0000000000000000        6.9400066739805622E-310
  0.79499459276708562        8.9330603392841998E-005   2.2980055818688783E-004   1.0000000000000000E-002   1.2000000000000000E-002   1.0017903349047399        0.0000000000000000        1.0017903349047399        1.0000000000000000        6.9400066739805622E-310
  0.80499470202948020        8.7525399661976338E-005   2.2516292615204492E-004   1.0000000000000000E-002   1.2000000000000000E-002   1.0017881755975870        0.0000000000000000        1.0017881755975870        1.0000000000000000        6.9400066739805622E-310
  0.81499483220376479        8.5374728155101657E-005   2.1963622300802399E-004   1.0000000000000000E-002   1.2000000000000000E-002   1.0017860645388135        0.0000000000000000        1.0017860645388135        1.0000000000000000        6.9400066739805622E-310
  0.82499498277666938        8.2887070577809054E-005   2.1324205098061100E-004   1.0000000000000000E-002   1.2000000000000000E-002   1.0017840100645583        0.0000000000000000        1.0017840100645583        1.0000000000000000        6.9400066739805622E-310
  0.83499515315435424        8.0072238707620146E-005   2.0600562004080558E-004   1.0000000000000000E-002   1.2000000000000000E-002   1.0017820202887451        0.0000000000000000        1.0017820202887451        1.0000000000000000        6.9400066739805622E-310
  0.84499534266475340        7.6941336810650476E-005   1.9795550802381712E-004   1.0000000000000000E-002   1.2000000000000000E-002   1.0017801030698852        0.0000000000000000        1.0017801030698852        1.0000000000000000        6.9400066739805622E-310
  0.85499555056023091        7.3506717325298997E-005   1.8912332996290360E-004   1.0000000000000000E-002   1.2000000000000000E-002   1.0017782659807777        0.0000000000000000        1.0017782659807777        1.0000000000000000        6.9400066739805622E-310
  0.86499577602051225        6.9781932299037329E-005   1.7954396807784434E-004   1.0000000000000000E-002   1.2000000000000000E-002   1.0017765162785426        0.0000000000000000        1.0017765162785426        1.0000000000000000        6.9400066739805622E-310
  0.87499601815592820        6.5781680426601143E-005   1.6925519042754189E-004   1.0000000000000000E-002   1.2000000000000000E-002   1.0017748608754409        0.0000000000000000        1.0017748608754409        1.0000000000000000        6.9400066739805622E-310
  0.88499627601091968        6.1521747583192097E-005   1.5829762129282443E-004   1.0000000000000000E-002   1.2000000000000000E-002   1.0017733063116985        0.0000000000000000        1.0017733063116985        1.0000000000000000        6.9400066739805622E-310
  0.89499654856781163        5.7018946693760062E-005   1.4671450027492483E-004   1.0000000000000000E-002   1.2000000000000000E-002   1.0017718587294540        0.0000000000000000        1.0017718587294540        1.0000000000000000        6.9400066739805622E-310
  0.90499683475083048        5.2291050394905057E-005   1.3455148978369635E-004   1.0000000000000000E-002   1.2000000000000000E-002   1.0017705238489512        0.0000000000000000        1.0017705238489512        1.0000000000000000        6.9400066739805622E-310
  0.91499713343034006        4.7356719551375066E-005   1.2185676910370091E-004   1.0000000000000000E-002   1.2000000000000000E-002   1.0017693069450571        0.0000000000000000        1.0017693069450571        1.0000000000000000        6.9400066739805622E-310
  0.92499744342732382        4.2235431915026136E-005   1.0868035140276788E-004   1.0000000000000000E-002   1.2000000000000000E-002   1.0017682128266472        0.0000000000000000        1.0017682128266472        1.0000000000000000        6.9400066739805622E-310
  0.93499776351802255        3.6947403254939102E-005   9.5074361714075906E-005   1.0000000000000000E-002   1.2000000000000000E-002   1.0017672458179303        0.0000000000000000        1.0017672458179303        1.0000000000000000        6.9400066739805622E-310
  0.94499809243877997        3.1513508803024481E-005   8.1092555975104119E-005   1.0000000000000000E-002   1.2000000000000000E-002   1.0017664097405807        0.0000000000000000        1.0017664097405807        1.0000000000000000        6.9400066739805622E-310
  0.95499842889103592        2.5955200180621636E-005   6.6790112560610737E-005   1.0000000000000000E-002   1.2000000000000000E-002   1.0017657078994142        0.0000000000000000        1.0017657078994142        1.0000000000000000        6.9400066739805622E-310
  0.96499877154644553        2.0294420531899216E-005   5.2223747648127983E-005   1.0000000000000000E-002   1.2000000000000000E-002   1.0017651430682522        0.0000000000000000        1.0017651430682522        1.0000000000000000        6.9400066739805622E-310
  0.97499911905215608        1.4553517934871614E-005   3.7450848057396513E-005   1.0000000000000000E-002   1.2000000000000000E-002   1.0017647174794424        0.0000000000000000        1.0017647174794424        1.0000000000000000        6.9400066739805622E-310
  0.98499947003612898        8.7551576770358822E-006   2.2529861555042885E-005   1.0000000000000000E-002   1.2000000000000000E-002   1.0017644328157349        0.0000000000000000        1.0017644328157349        1.0000000000000000        6.9400066739805622E-310
  0.99499982311257062        2.9222315942500625E-006   7.5199043614304628E-006   1.0000000000000000E-002   1.2000000000000000E-002   1.0017642902019659        0.0000000000000000        1.0017642902019659        1.0000000000000000        6.9400066739805622E-310
   1.0050001768874275       -2.9222338245353570E-006  -7.8170692141554809E-006   1.0000000000000000E-002   1.2000000000000000E-002   1.0017642902018036        0.0000000000000000        1.0017642902018036        1.0000000000000000        6.9400066739805622E-310
   1.0150005299638731       -8.7551646914250161E-006  -2.3420353944203498E-005   1.0000000000000000E-002   1.2000000000000000E-002   1.0017644328156403        0.0000000000000000        1.0017644328156403        1.0000000000000000        6.9400066739805622E-310
   1.0250008809478439       -1.4553529444269823E-005  -3.8930992070973502E-005   1.0000000000000000E-002   1.2000000000000000E-002   1.0017647174795028        0.0000000000000000        1.0017647174795028        1.0000000000000000        6.9400066739805622E-310
   1.0350012284535548       -2.0294436433803121E-005  -5.4287761967586334E-005   1.0000000000000000E-002   1.2000000000000000E-002   1.0017651430681900        0.0000000000000000        1.0017651430681900        1.0000000000000000        6.9400066739805622E-310
   1.0450015711089657       -2.5955220493645367E-005  -6.9429862693759503E-005   1.0000000000000000E-002   1.2000000000000000E-002   1.0017657078993967        0.0000000000000000        1.0017657078993967        1.0000000000000000        6.9400066739805622E-310
  -5.0001768874293750E-003   2.9225882348657690E-006  -3.5767633061438002E+077   1.0000000000000000E-002   1.2000000000000000E-002   1.0017642902019659        0.0000000000000000        1.0017642902019659        1.0000000000000000        6.9400066739805622E-310
  -1.5000529963871023E-002   8.7562262080201097E-006   0.0000000000000000        1.0000000000000000E-002   1.2000000000000000E-002   1.0017644328157349        0.0000000000000000        1.0017644328157349        1.0000000000000000        6.9400066739805622E-310
  -2.5000880947843918E-002   1.4555294120497926E-005  -3.5767633061438002E+077   1.0000000000000000E-002   1.2000000000000000E-002   1.0017647174794424        0.0000000000000000        1.0017647174794424        1.0000000000000000        6.9400066739805622E-310
  -3.5001228453554467E-002   2.0296897364541134E-005   6.9400068546417920E-310   1.0000000000000000E-002   1.2000000000000000E-002   1.0017651430682522        0.0000000000000000        1.0017651430682522        1.0000000000000000        6.9400066739805622E-310
  -4.5001571108964078E-002   2.5958367865923966E-005   6.9400066883177543E-310   1.0000000000000000E-002   1.2000000000000000E-002   1.0017657078994142        0.0000000000000000        1.0017657078994142        1.0000000000000000        6.9400066739805622E-310
