 # x, v, a, m, h, rho, u, P, c, ke
   1.6007999999999827     
   4.9995917961327676E-003  -1.6692008380462659E-006   1.7349138532907205E-005   1.0000000000000000E-002   1.2000000000000000E-002   1.0018837789681032        0.0000000000000000        1.0018837789681032        1.0000000000000000        6.9400066739805622E-310
   1.4998776999624784E-002  -5.0010165104680891E-006   5.1978925521112274E-005   1.0000000000000000E-002   1.2000000000000000E-002   1.0018834498797320        0.0000000000000000        1.0018834498797320        1.0000000000000000        6.9400066739805622E-310
   2.4997967030440334E-002  -8.3131011969918262E-006   8.6403429143011579E-005   1.0000000000000000E-002   1.2000000000000000E-002   1.0018827930030807        0.0000000000000000        1.0018827930030807        1.0000000000000000        6.9400066739805622E-310
   3.4997165085611341E-002  -1.1592387527770561E-005   1.2048672540565519E-004   1.0000000000000000E-002   1.2000000000000000E-002   1.0018818109332630        0.0000000000000000        1.0018818109332630        1.0000000000000000        6.9400066739805622E-310
   4.4996374330486540E-002  -1.4825936701628251E-005   1.5409415221157019E-004   1.0000000000000000E-002   1.2000000000000000E-002   1.0018805075503061        0.0000000000000000        1.0018805075503061        1.0000000000000000        6.9400066739805622E-310
   5.4995597886222776E-002  -1.8000990826266300E-005   1.8709307270636799E-004   1.0000000000000000E-002   1.2000000000000000E-002   1.0018788880035312        0.0000000000000000        1.0018788880035312        1.0000000000000000        6.9400066739805622E-310
   6.4994838817471492E-002  -2.1105022703844808E-005   2.1935315338961203E-004   1.0000000000000000E-002   1.2000000000000000E-002   1.0018769586909400        0.0000000000000000        1.0018769586909400        1.0000000000000000        6.9400066739805622E-310
   7.4994100120273882E-002  -2.4125784897588822E-005   2.5074697049287664E-004   1.0000000000000000E-002   1.2000000000000000E-002   1.0018747272344397        0.0000000000000000        1.0018747272344397        1.0000000000000000        6.9400066739805622E-310
   8.4993384710227687E-002  -2.7051358159356488E-005   2.8115060423328231E-004   1.0000000000000000E-002   1.2000000000000000E-002   1.0018722024493298        0.0000000000000000        1.0018722024493298        1.0000000000000000        6.9400066739805622E-310
   9.4992695410979766E-002  -2.9870198518621064E-005   3.1044404086522093E-004   1.0000000000000000E-002   1.2000000000000000E-002   1.0018693943090791        0.0000000000000000        1.0018693943090791        1.0000000000000000        6.9400066739805622E-310
  0.10499203494308171       -3.2571183117266634E-005   3.3851157982311975E-004   1.0000000000000000E-002   1.2000000000000000E-002   1.0018663139062394        0.0000000000000000        1.0018663139062394        1.0000000000000000        6.9400066739805622E-310
  0.11499140591324333       -3.5143653452052653E-005   3.6524244003555140E-004   1.0000000000000000E-002   1.2000000000000000E-002   1.0018629734085354        0.0000000000000000        1.0018629734085354        1.0000000000000000        6.9400066739805622E-310
  0.12499081080404588       -3.7577458028002620E-005   3.9053111715858790E-004   1.0000000000000000E-002   1.2000000000000000E-002   1.0018593860103884        0.0000000000000000        1.0018593860103884        1.0000000000000000        6.9400066739805622E-310
  0.13499025196414335       -3.9862991902382237E-005   4.1427779787728269E-004   1.0000000000000000E-002   1.2000000000000000E-002   1.0018555658808035        0.0000000000000000        1.0018555658808035        1.0000000000000000        6.9400066739805622E-310
  0.14498973159899217       -4.1991234729603754E-005   4.3638877743568116E-004   1.0000000000000000E-002   1.2000000000000000E-002   1.0018515281072458        0.0000000000000000        1.0018515281072458        1.0000000000000000        6.9400066739805622E-310
  0.15498925176214939       -4.3953786793964748E-005   4.5677678512667796E-004   1.0000000000000000E-002   1.2000000000000000E-002   1.0018472886360446        0.0000000000000000        1.0018472886360446        1.0000000000000000        6.9400066739805622E-310
  0.16498881434716539       -4.5742901472115045E-005   4.7536142609505561E-004   1.0000000000000000E-002   1.2000000000000000E-002   1.0018428642091233        0.0000000000000000        1.0018428642091233        1.0000000000000000        6.9400066739805622E-310
  0.17498842108011911       -4.7351516279574296E-005   4.9206936239531984E-004   1.0000000000000000E-002   1.2000000000000000E-002   1.0018382722978045        0.0000000000000000        1.0018382722978045        1.0000000000000000        6.9400066739805622E-310
  0.18498807351280347       -4.8773280932054897E-005   5.0683473874446605E-004   1.0000000000000000E-002   1.2000000000000000E-002   1.0018335310337159        0.0000000000000000        1.0018335310337159        1.0000000000000000        6.9400066739805622E-310
  0.19498777301661085       -5.0002581867999767E-005   5.1959930406564325E-004   1.0000000000000000E-002   1.2000000000000000E-002   1.0018286591371055        0.0000000000000000        1.0018286591371055        1.0000000000000000        6.9400066739805622E-310
  0.20498752077711938       -5.1034564745787935E-005   5.3031278185855513E-004   1.0000000000000000E-002   1.2000000000000000E-002   1.0018236758428456        0.0000000000000000        1.0018236758428456        1.0000000000000000        6.9400066739805622E-310
  0.21498731778942451       -5.1865153620426640E-005   5.3893294538553960E-004   1.0000000000000000E-002   1.2000000000000000E-002   1.0018186008243071        0.0000000000000000        1.0018186008243071        1.0000000000000000        6.9400066739805622E-310
  0.22498716485421405       -5.2491067516643490E-005   5.4542587505412854E-004   1.0000000000000000E-002   1.2000000000000000E-002   1.0018134541156927        0.0000000000000000        1.0018134541156927        1.0000000000000000        6.9400066739805622E-310
  0.23498706257461760       -5.2909832390623616E-005   5.4976602719225554E-004   1.0000000000000000E-002   1.2000000000000000E-002   1.0018082560328014        0.0000000000000000        1.0018082560328014        1.0000000000000000        6.9400066739805622E-310
  0.24498701135383166       -5.3119791954220834E-005   5.5193636314143646E-004   1.0000000000000000E-002   1.2000000000000000E-002   1.0018030270928764        0.0000000000000000        1.0018030270928764        1.0000000000000000        6.9400066739805622E-310
  0.25498701139353641       -5.3120113870333775E-005   5.5192838997442095E-004   1.0000000000000000E-002   1.2000000000000000E-002   1.0017977879336539        0.0000000000000000        1.0017977879336539        1.0000000000000000        6.9400066739805622E-310
  0.26498706269310390       -5.2910793188111031E-005   5.4974227238790974E-004   1.0000000000000000E-002   1.2000000000000000E-002   1.0017925592317243        0.0000000000000000        1.0017925592317243        1.0000000000000000        6.9400066739805622E-310
  0.27498716504961263       -5.2492651919516971E-005   5.4538672388471099E-004   1.0000000000000000E-002   1.2000000000000000E-002   1.0017873616208364        0.0000000000000000        1.0017873616208364        1.0000000000000000        6.9400066739805622E-310
  0.28498731805865524       -5.1867336852218858E-005   5.3887897885207536E-004   1.0000000000000000E-002   1.2000000000000000E-002   1.0017822156109160        0.0000000000000000        1.0017822156109160        1.0000000000000000        6.9400066739805622E-310
  0.29498752111593562       -5.1037312055296330E-005   5.3024486809949423E-004   1.0000000000000000E-002   1.2000000000000000E-002   1.0017771415068319        0.0000000000000000        1.0017771415068319        1.0000000000000000        6.9400066739805622E-310
  0.30498777341966860       -5.0005850266416756E-005   5.1951853004883475E-004   1.0000000000000000E-002   1.2000000000000000E-002   1.0017721593282032        0.0000000000000000        1.0017721593282032        1.0000000000000000        6.9400066739805622E-310
  0.31498807397374751       -4.8777018686445705E-005   5.0674235001135770E-004   1.0000000000000000E-002   1.2000000000000000E-002   1.0017672887308777        0.0000000000000000        1.0017672887308777        1.0000000000000000        6.9400066739805622E-310
  0.32498842159167940       -4.7355664524784080E-005   4.9196683462238155E-004   1.0000000000000000E-002   1.2000000000000000E-002   1.0017625489292712        0.0000000000000000        1.0017625489292712        1.0000000000000000        6.9400066739805622E-310
  0.33498881490127497       -4.5747394711345173E-005   4.7525036289375322E-004   1.0000000000000000E-002   1.2000000000000000E-002   1.0017579586205496        0.0000000000000000        1.0017579586205496        1.0000000000000000        6.9400066739805622E-310
  0.34498925235006866       -4.3958554104544036E-005   4.5665896287072627E-004   1.0000000000000000E-002   1.2000000000000000E-002   1.0017535359110099        0.0000000000000000        1.0017535359110099        1.0000000000000000        6.9400066739805622E-310
  0.35498973221145108       -4.1996201158384515E-005   4.3626601275637000E-004   1.0000000000000000E-002   1.2000000000000000E-002   1.0017492982449638        0.0000000000000000        1.0017492982449638        1.0000000000000000        6.9400066739805622E-310
  0.36499025259148155       -3.9868078847141122E-005   4.1415206306982810E-004   1.0000000000000000E-002   1.2000000000000000E-002   1.0017452623359049        0.0000000000000000        1.0017452623359049        1.0000000000000000        6.9400066739805622E-310
  0.37499081143636992       -3.7582585430935561E-005   3.9040439370374713E-004   1.0000000000000000E-002   1.2000000000000000E-002   1.0017414441005768        0.0000000000000000        1.0017414441005768        1.0000000000000000        6.9400066739805622E-310
  0.38499140654058261       -3.5148740573932565E-005   3.6511669057315288E-004   1.0000000000000000E-002   1.2000000000000000E-002   1.0017378585967669        0.0000000000000000        1.0017378585967669        1.0000000000000000        6.9400066739805622E-310
  0.39499203555554069       -3.2576149476105485E-005   3.3838882933423520E-004   1.0000000000000000E-002   1.2000000000000000E-002   1.0017345199635530        0.0000000000000000        1.0017345199635530        1.0000000000000000        6.9400066739805622E-310
  0.40499269599890075       -2.9874965938938918E-005   3.1032618486648289E-004   1.0000000000000000E-002   1.2000000000000000E-002   1.0017314413659568        0.0000000000000000        1.0017314413659568        1.0000000000000000        6.9400066739805622E-310
  0.41499338526433599       -2.7055851334670055E-005   2.8103956759917281E-004   1.0000000000000000E-002   1.2000000000000000E-002   1.0017286349431282        0.0000000000000000        1.0017286349431282        1.0000000000000000        6.9400066739805622E-310
  0.42499410063183335       -2.4129933160842816E-005   2.5064446115941053E-004   1.0000000000000000E-002   1.2000000000000000E-002   1.0017261117604053        0.0000000000000000        1.0017261117604053        1.0000000000000000        6.9400066739805622E-310
  0.43499483927841665       -2.1108760425634551E-005   2.1926075046607707E-004   1.0000000000000000E-002   1.2000000000000000E-002   1.0017238817663741        0.0000000000000000        1.0017238817663741        1.0000000000000000        6.9400066739805622E-310
  0.44499559828928226       -1.8004259282564446E-005   1.8701227766726447E-004   1.0000000000000000E-002   1.2000000000000000E-002   1.0017219537532231        0.0000000000000000        1.0017219537532231        1.0000000000000000        6.9400066739805622E-310
  0.45499637466930298       -1.4828684102064548E-005   1.5402624528348952E-004   1.0000000000000000E-002   1.2000000000000000E-002   1.0017203353221440        0.0000000000000000        1.0017203353221440        1.0000000000000000        6.9400066739805622E-310
  0.46499716535484154       -1.1594570529092682E-005   1.2043276823536786E-004   1.0000000000000000E-002   1.2000000000000000E-002   1.0017190328535663        0.0000000000000000        1.0017190328535663        1.0000000000000000        6.9400066739805622E-310
  0.47499796722583870       -8.3146858589966600E-006   8.6364267897209857E-005   1.0000000000000000E-002   1.2000000000000000E-002   1.0017180514824460        0.0000000000000000        1.0017180514824460        1.0000000000000000        6.9400066739805622E-310
  0.48499877711810996       -5.0019772797434162E-006   5.1955181246121640E-005   1.0000000000000000E-002   1.2000000000000000E-002   1.0017173950778022        0.0000000000000000        1.0017173950778022        1.0000000000000000        6.9400066739805622E-310
  0.49499959183583631       -1.6695227848003347E-006   1.7341187080077702E-005   1.0000000000000000E-002   1.2000000000000000E-002   1.0017170662272730        0.0000000000000000        1.0017170662272730        1.0000000000000000        6.9400066739805622E-310
  0.50500040816416514        1.6695227440265756E-006  -1.7341202910081677E-005   1.0000000000000000E-002   1.2000000000000000E-002   1.0017170662273525        0.0000000000000000        1.0017170662273525        1.0000000000000000        6.9400066739805622E-310
  0.51500122288188954        5.0019774276261853E-006  -5.1955160058625438E-005   1.0000000000000000E-002   1.2000000000000000E-002   1.0017173950778446        0.0000000000000000        1.0017173950778446        1.0000000000000000        6.9400066739805622E-310
  0.52500203277416202        8.3146857327552388E-006  -8.6364291491669576E-005   1.0000000000000000E-002   1.2000000000000000E-002   1.0017180514824977        0.0000000000000000        1.0017180514824977        1.0000000000000000        6.9400066739805622E-310
  0.53500283464515697        1.1594570563571727E-005  -1.2043274103312740E-004   1.0000000000000000E-002   1.2000000000000000E-002   1.0017190328536176        0.0000000000000000        1.0017190328536176        1.0000000000000000        6.9400066739805622E-310
  0.54500362533069624        1.4828684070672055E-005  -1.5402621927762539E-004   1.0000000000000000E-002   1.2000000000000000E-002   1.0017203353219426        0.0000000000000000        1.0017203353219426        1.0000000000000000        6.9400066739805622E-310
  0.55500440171072085        1.8004259244307129E-005  -1.8701232938500567E-004   1.0000000000000000E-002   1.2000000000000000E-002   1.0017219537531403        0.0000000000000000        1.0017219537531403        1.0000000000000000        6.9400066739805622E-310
  0.56500516072158447        2.1108760540957738E-005  -2.1926075820299928E-004   1.0000000000000000E-002   1.2000000000000000E-002   1.0017238817665619        0.0000000000000000        1.0017238817665619        1.0000000000000000        6.9400066739805622E-310
  0.57500589936816537        2.4129933099969804E-005  -2.5064442684197275E-004   1.0000000000000000E-002   1.2000000000000000E-002   1.0017261117604681        0.0000000000000000        1.0017261117604681        1.0000000000000000        6.9400066739805622E-310
  0.58500661473566384        2.7055851370108331E-005  -2.8103956674652153E-004   1.0000000000000000E-002   1.2000000000000000E-002   1.0017286349430314        0.0000000000000000        1.0017286349430314        1.0000000000000000        6.9400066739805622E-310
  0.59500730400110036        2.9874965736898927E-005  -3.1032620801330069E-004   1.0000000000000000E-002   1.2000000000000000E-002   1.0017314413659708        0.0000000000000000        1.0017314413659708        1.0000000000000000        6.9400066739805622E-310
  0.60500796444445859        3.2576149591153857E-005  -3.3838880235848023E-004   1.0000000000000000E-002   1.2000000000000000E-002   1.0017345199635406        0.0000000000000000        1.0017345199635406        1.0000000000000000        6.9400066739805622E-310
  0.61500859345941872        3.5148740585041598E-005  -3.6511670663319507E-004   1.0000000000000000E-002   1.2000000000000000E-002   1.0017378585967049        0.0000000000000000        1.0017378585967049        1.0000000000000000        6.9400066739805622E-310
  0.62500918856363075        3.7582585327754175E-005  -3.9040438574033942E-004   1.0000000000000000E-002   1.2000000000000000E-002   1.0017414441005592        0.0000000000000000        1.0017414441005592        1.0000000000000000        6.9400066739805622E-310
  0.63500974740852001        3.9868079001496322E-005  -4.1415207191874970E-004   1.0000000000000000E-002   1.2000000000000000E-002   1.0017452623358825        0.0000000000000000        1.0017452623358825        1.0000000000000000        6.9400066739805622E-310
  0.64501026778855020        4.1996201138323542E-005  -4.3626602018154159E-004   1.0000000000000000E-002   1.2000000000000000E-002   1.0017492982450211        0.0000000000000000        1.0017492982450211        1.0000000000000000        6.9400066739805622E-310
  0.65501074764993161        4.3958554098803538E-005  -4.5665895453161909E-004   1.0000000000000000E-002   1.2000000000000000E-002   1.0017535359110599        0.0000000000000000        1.0017535359110599        1.0000000000000000        6.9400066739805622E-310
  0.66501118509872525        4.5747394580902560E-005  -4.7525035821038841E-004   1.0000000000000000E-002   1.2000000000000000E-002   1.0017579586205436        0.0000000000000000        1.0017579586205436        1.0000000000000000        6.9400066739805622E-310
  0.67501157840832104        4.7355664634360450E-005  -4.9196683451491197E-004   1.0000000000000000E-002   1.2000000000000000E-002   1.0017625489292430        0.0000000000000000        1.0017625489292430        1.0000000000000000        6.9400066739805622E-310
  0.68501192602625338        4.8777018659917670E-005  -5.0674236109493620E-004   1.0000000000000000E-002   1.2000000000000000E-002   1.0017672887308959        0.0000000000000000        1.0017672887308959        1.0000000000000000        6.9400066739805622E-310
  0.69501222658033146        5.0005850251264224E-005  -5.1951852233234064E-004   1.0000000000000000E-002   1.2000000000000000E-002   1.0017721593282423        0.0000000000000000        1.0017721593282423        1.0000000000000000        6.9400066739805622E-310
  0.70501247888406426        5.1037312186577153E-005  -5.3024485614550088E-004   1.0000000000000000E-002   1.2000000000000000E-002   1.0017771415067735        0.0000000000000000        1.0017771415067735        1.0000000000000000        6.9400066739805622E-310
  0.71501268194134626        5.1867336780270199E-005  -5.3887900198112959E-004   1.0000000000000000E-002   1.2000000000000000E-002   1.0017822156109164        0.0000000000000000        1.0017822156109164        1.0000000000000000        6.9400066739805622E-310
  0.72501283495038715        5.2492651933798665E-005  -5.4538670324610905E-004   1.0000000000000000E-002   1.2000000000000000E-002   1.0017873616208464        0.0000000000000000        1.0017873616208464        1.0000000000000000        6.9400066739805622E-310
  0.73501293730689732        5.2910793140313707E-005  -5.4974228581539109E-004   1.0000000000000000E-002   1.2000000000000000E-002   1.0017925592317003        0.0000000000000000        1.0017925592317003        1.0000000000000000        6.9400066739805622E-310
  0.74501298860646403        5.3120114032468777E-005  -5.5192839357864898E-004   1.0000000000000000E-002   1.2000000000000000E-002   1.0017977879337079        0.0000000000000000        1.0017977879337079        1.0000000000000000        6.9400066739805622E-310
  0.75501298864616850        5.3119791833554621E-005  -5.5193637572514831E-004   1.0000000000000000E-002   1.2000000000000000E-002   1.0018030270930016        0.0000000000000000        1.0018030270930016        1.0000000000000000        6.9400066739805622E-310
  0.76501293742538012        5.2909832421051737E-005  -5.4976599394684911E-004   1.0000000000000000E-002   1.2000000000000000E-002   1.0018082560328365        0.0000000000000000        1.0018082560328365        1.0000000000000000        6.9400066739805622E-310
  0.77501283514578534        5.2491067368526532E-005  -5.4542587914241381E-004   1.0000000000000000E-002   1.2000000000000000E-002   1.0018134541155890        0.0000000000000000        1.0018134541155890        1.0000000000000000        6.9400066739805622E-310
  0.78501268221057563        5.1865153710156446E-005  -5.3893295380635919E-004   1.0000000000000000E-002   1.2000000000000000E-002   1.0018186008242702        0.0000000000000000        1.0018186008242702        1.0000000000000000        6.9400066739805622E-310
  0.79501247922288054        5.1034564749748587E-005  -5.3031277178305913E-004   1.0000000000000000E-002   1.2000000000000000E-002   1.0018236758427908        0.0000000000000000        1.0018236758427908        1.0000000000000000        6.9400066739805622E-310
  0.80501222698339048        5.0002581905404687E-005  -5.1959932128564645E-004   1.0000000000000000E-002   1.2000000000000000E-002   1.0018286591370884        0.0000000000000000        1.0018286591370884        1.0000000000000000        6.9400066739805622E-310
  0.81501192648719678        4.8773280895352939E-005  -5.0683473019663694E-004   1.0000000000000000E-002   1.2000000000000000E-002   1.0018335310337374        0.0000000000000000        1.0018335310337374        1.0000000000000000        6.9400066739805622E-310
  0.82501157891988175        4.7351516303989973E-005  -4.9206937240331428E-004   1.0000000000000000E-002   1.2000000000000000E-002   1.0018382722978338        0.0000000000000000        1.0018382722978338        1.0000000000000000        6.9400066739805622E-310
  0.83501118565283428        4.5742901398178223E-005  -4.7536141628778950E-004   1.0000000000000000E-002   1.2000000000000000E-002   1.0018428642091532        0.0000000000000000        1.0018428642091532        1.0000000000000000        6.9400066739805622E-310
  0.84501074823785094        4.3953786835894018E-005  -4.5677680238132012E-004   1.0000000000000000E-002   1.2000000000000000E-002   1.0018472886361067        0.0000000000000000        1.0018472886361067        1.0000000000000000        6.9400066739805622E-310
  0.85501026840100625        4.1991234841181547E-005  -4.3638876184548536E-004   1.0000000000000000E-002   1.2000000000000000E-002   1.0018515281073181        0.0000000000000000        1.0018515281073181        1.0000000000000000        6.9400066739805622E-310
  0.86500974803585540        3.9862991764753695E-005  -4.1427779623948169E-004   1.0000000000000000E-002   1.2000000000000000E-002   1.0018555658807948        0.0000000000000000        1.0018555658807948        1.0000000000000000        6.9400066739805622E-310
  0.87500918919595283        3.7577458042368651E-005  -3.9053111341136315E-004   1.0000000000000000E-002   1.2000000000000000E-002   1.0018593860103588        0.0000000000000000        1.0018593860103588        1.0000000000000000        6.9400066739805622E-310
  0.88500859408675603        3.5143653481608716E-005  -3.6524244756996893E-004   1.0000000000000000E-002   1.2000000000000000E-002   1.0018629734085185        0.0000000000000000        1.0018629734085185        1.0000000000000000        6.9400066739805622E-310
  0.89500796505691738        3.2571183189441484E-005  -3.3851157954511990E-004   1.0000000000000000E-002   1.2000000000000000E-002   1.0018663139062576        0.0000000000000000        1.0018663139062576        1.0000000000000000        6.9400066739805622E-310
  0.90500730458901912        2.9870198457416703E-005  -3.1044403446589541E-004   1.0000000000000000E-002   1.2000000000000000E-002   1.0018693943090662        0.0000000000000000        1.0018693943090662        1.0000000000000000        6.9400066739805622E-310
  0.91500661528977167        2.7051358165510433E-005  -2.8115060685340865E-004   1.0000000000000000E-002   1.2000000000000000E-002   1.0018722024493001        0.0000000000000000        1.0018722024493001        1.0000000000000000        6.9400066739805622E-310
  0.92500589987972570        2.4125784815512512E-005  -2.5074697794025269E-004   1.0000000000000000E-002   1.2000000000000000E-002   1.0018747272344548        0.0000000000000000        1.0018747272344548        1.0000000000000000        6.9400066739805622E-310
  0.93500516118252752        2.1105022821865676E-005  -2.1935314812004947E-004   1.0000000000000000E-002   1.2000000000000000E-002   1.0018769586909675        0.0000000000000000        1.0018769586909675        1.0000000000000000        6.9400066739805622E-310
  0.94500440211377612        1.8000990948535564E-005  -1.8709306540465320E-004   1.0000000000000000E-002   1.2000000000000000E-002   1.0018788880034959        0.0000000000000000        1.0018788880034959        1.0000000000000000        6.9400066739805622E-310
  0.95500362566951336        1.4825936475136430E-005  -1.5409416462475178E-004   1.0000000000000000E-002   1.2000000000000000E-002   1.0018805075503006        0.0000000000000000        1.0018805075503006        1.0000000000000000        6.9400066739805622E-310
  0.96500283491438754        1.1592387493396896E-005  -1.2048670656739091E-004   1.0000000000000000E-002   1.2000000000000000E-002   1.0018818109332241        0.0000000000000000        1.0018818109332241        1.0000000000000000        6.9400066739805622E-310
  0.97500203296956034        8.3131013450088940E-006  -8.6403443156690685E-005   1.0000000000000000E-002   1.2000000000000000E-002   1.0018827930030192        0.0000000000000000        1.0018827930030192        1.0000000000000000        6.9400066739805622E-310
  0.98500122300037540        5.0010164496228309E-006  -5.1978917426254156E-005   1.0000000000000000E-002   1.2000000000000000E-002   1.0018834498797033        0.0000000000000000        1.0018834498797033        1.0000000000000000        6.9400066739805622E-310
  0.99500040820386837        1.6692008745578566E-006  -1.7349146653522496E-005   1.0000000000000000E-002   1.2000000000000000E-002   1.0018837789680650        0.0000000000000000        1.0018837789680650        1.0000000000000000        6.9400066739805622E-310
   1.0049995917961327       -1.6691957920549079E-006   1.7176812282748699E-005   1.0000000000000000E-002   1.2000000000000000E-002   1.0018837789681032        0.0000000000000000        1.0018837789681032        1.0000000000000000        6.9400066739805622E-310
   1.0149987769996247       -5.0010013841017964E-006   5.1462645989985845E-005   1.0000000000000000E-002   1.2000000000000000E-002   1.0018834498797320        0.0000000000000000        1.0018834498797320        1.0000000000000000        6.9400066739805622E-310
   1.0249979670304403       -8.3130760521402916E-006   8.5545230599670674E-005   1.0000000000000000E-002   1.2000000000000000E-002   1.0018827930030807        0.0000000000000000        1.0018827930030807        1.0000000000000000        6.9400066739805622E-310
   1.0349971650856113       -1.1592352463635499E-005   1.1928997466625901E-004   1.0000000000000000E-002   1.2000000000000000E-002   1.0018818109332630        0.0000000000000000        1.0018818109332630        1.0000000000000000        6.9400066739805622E-310
   1.0449963743304866       -1.4825891861449746E-005   1.5256358266313441E-004   1.0000000000000000E-002   1.2000000000000000E-002   1.0018805075503061        0.0000000000000000        1.0018805075503061        1.0000000000000000        6.9400066739805622E-310
  -4.9995917961316305E-003   1.6694076695773650E-006  -3.5767633061438002E+077   1.0000000000000000E-002   1.2000000000000000E-002   1.0018837789680650        0.0000000000000000        1.0018837789680650        1.0000000000000000        6.9400066739805622E-310
  -1.4998776999624597E-002   5.0016359770377998E-006   0.0000000000000000        1.0000000000000000E-002   1.2000000000000000E-002   1.0018834498797033        0.0000000000000000        1.0018834498797033        1.0000000000000000        6.9400066739805622E-310
  -2.4997967030439661E-002   8.3141311935236270E-006  -3.5767633061438002E+077   1.0000000000000000E-002   1.2000000000000000E-002   1.0018827930030192        0.0000000000000000        1.0018827930030192        1.0000000000000000        6.9400066739805622E-310
  -3.4997165085612458E-002   1.1593823592606580E-005   6.9400068546417920E-310   1.0000000000000000E-002   1.2000000000000000E-002   1.0018818109332241        0.0000000000000000        1.0018818109332241        1.0000000000000000        6.9400066739805622E-310
  -4.4996374330486644E-002   1.4827773146111738E-005   6.9400066883177543E-310   1.0000000000000000E-002   1.2000000000000000E-002   1.0018805075503006        0.0000000000000000        1.0018805075503006        1.0000000000000000        6.9400066739805622E-310
