 # x, v, a, m, h, rho, u, P, c, ke
   3.0504000000000544     
   5.0004143771842030E-003   1.6031000076051708E-006  -1.7602610061118185E-005   1.0000000000000000E-002   1.2000000000000000E-002   1.0017157976496320        0.0000000000000000        1.0017157976496320        1.0000000000000000        6.9400066739805622E-310
   1.5001241496668502E-002   4.8029691159232044E-006  -5.2738499879190215E-005   1.0000000000000000E-002   1.2000000000000000E-002   1.0017161314574368        0.0000000000000000        1.0017161314574368        1.0000000000000000        6.9400066739805622E-310
   2.5002063717942384E-002   7.9838719553777317E-006  -8.7666528867380578E-005   1.0000000000000000E-002   1.2000000000000000E-002   1.0017167977581720        0.0000000000000000        1.0017167977581720        1.0000000000000000        6.9400066739805622E-310
   3.5002877796985868E-002   1.1133247835737155E-005  -1.2224894491907889E-004   1.0000000000000000E-002   1.2000000000000000E-002   1.0017177939263244        0.0000000000000000        1.0017177939263244        1.0000000000000000        6.9400066739805622E-310
   4.5003680521883874E-002   1.4238659841409266E-005  -1.5634954861898365E-004   1.0000000000000000E-002   1.2000000000000000E-002   1.0017191160368584        0.0000000000000000        1.0017191160368584        1.0000000000000000        6.9400066739805622E-310
   5.5004468725473467E-002   1.7287846018162101E-005  -1.8983385958204479E-004   1.0000000000000000E-002   1.2000000000000000E-002   1.0017207588806851        0.0000000000000000        1.0017207588806851        1.0000000000000000        6.9400066739805622E-310
   6.5005239297837275E-002   2.0268767112110155E-005  -2.2256982989787844E-004   1.0000000000000000E-002   1.2000000000000000E-002   1.0017227159842830        0.0000000000000000        1.0017227159842830        1.0000000000000000        6.9400066739805622E-310
   7.5005989198570683E-002   2.3169652253443481E-005  -2.5442849646850618E-004   1.0000000000000000E-002   1.2000000000000000E-002   1.0017249796359120        0.0000000000000000        1.0017249796359120        1.0000000000000000        6.9400066739805622E-310
   8.5006715468755281E-002   2.5979048682797817E-005  -2.8528413294370836E-004   1.0000000000000000E-002   1.2000000000000000E-002   1.0017275409154818        0.0000000000000000        1.0017275409154818        1.0000000000000000        6.9400066739805622E-310
   9.5007415242643181E-002   2.8685865075880820E-005  -3.1501513317611085E-004   1.0000000000000000E-002   1.2000000000000000E-002   1.0017303897294410        0.0000000000000000        1.0017303897294410        1.0000000000000000        6.9400066739805622E-310
  0.10500808575894609        3.1279415409660355E-005  -3.4350418625628265E-004   1.0000000000000000E-002   1.2000000000000000E-002   1.0017335148506412        0.0000000000000000        1.0017335148506412        1.0000000000000000        6.9400066739805622E-310
  0.11500872437173627        3.3749461963446980E-005  -3.7063896729527812E-004   1.0000000000000000E-002   1.2000000000000000E-002   1.0017369039622825        0.0000000000000000        1.0017369039622825        1.0000000000000000        6.9400066739805622E-310
  0.12500932856087479        3.6086254721623243E-005  -3.9631236403891990E-004   1.0000000000000000E-002   1.2000000000000000E-002   1.0017405437062705        0.0000000000000000        1.0017405437062705        1.0000000000000000        6.9400066739805622E-310
  0.13500989594196355        3.8280571498517658E-005  -4.2042311798962118E-004   1.0000000000000000E-002   1.2000000000000000E-002   1.0017444197355945        0.0000000000000000        1.0017444197355945        1.0000000000000000        6.9400066739805622E-310
  0.14501042427574745        4.0323752579432190E-005  -4.4287604723258767E-004   1.0000000000000000E-002   1.2000000000000000E-002   1.0017485167709466        0.0000000000000000        1.0017485167709466        1.0000000000000000        6.9400066739805622E-310
  0.15501091147695351        4.2207735658438990E-005  -4.6358242435573516E-004   1.0000000000000000E-002   1.2000000000000000E-002   1.0017528186600391        0.0000000000000000        1.0017528186600391        1.0000000000000000        6.9400066739805622E-310
  0.16501135562253491        4.3925088186588779E-005  -4.8246061074674884E-004   1.0000000000000000E-002   1.2000000000000000E-002   1.0017573084418223        0.0000000000000000        1.0017573084418223        1.0000000000000000        6.9400066739805622E-310
  0.17501175495924737        4.5469035675880952E-005  -4.9943597645185633E-004   1.0000000000000000E-002   1.2000000000000000E-002   1.0017619684132972        0.0000000000000000        1.0017619684132972        1.0000000000000000        6.9400066739805622E-310
  0.18501210791058323        4.6833488808708425E-005  -5.1444140855938514E-004   1.0000000000000000E-002   1.2000000000000000E-002   1.0017667801983696        0.0000000000000000        1.0017667801983696        1.0000000000000000        6.9400066739805622E-310
  0.19501241308300216        4.8013067650774606E-005  -5.2741758021390694E-004   1.0000000000000000E-002   1.2000000000000000E-002   1.0017717248204636        0.0000000000000000        1.0017717248204636        1.0000000000000000        6.9400066739805622E-310
  0.20501266927143985        4.9003122328541324E-005  -5.3831316528363260E-004   1.0000000000000000E-002   1.2000000000000000E-002   1.0017767827773008        0.0000000000000000        1.0017767827773008        1.0000000000000000        6.9400066739805622E-310
  0.21501287546407449        4.9799751873699879E-005  -5.4708504271250291E-004   1.0000000000000000E-002   1.2000000000000000E-002   1.0017819341178098        0.0000000000000000        1.0017819341178098        1.0000000000000000        6.9400066739805622E-310
  0.22501303084632771        5.0399818727784648E-005  -5.5369836762508839E-004   1.0000000000000000E-002   1.2000000000000000E-002   1.0017871585202727        0.0000000000000000        1.0017871585202727        1.0000000000000000        6.9400066739805622E-310
  0.23501313480410305        5.0800961836253007E-005  -5.5812696971990761E-004   1.0000000000000000E-002   1.2000000000000000E-002   1.0017924353727350        0.0000000000000000        1.0017924353727350        1.0000000000000000        6.9400066739805622E-310
  0.24501318692621074        5.1001605513222254E-005  -5.6035316570746119E-004   1.0000000000000000E-002   1.2000000000000000E-002   1.0017977438544323        0.0000000000000000        1.0017977438544323        1.0000000000000000        6.9400066739805622E-310
  0.25501318700601083        5.1000965048216449E-005  -5.6036797173941721E-004   1.0000000000000000E-002   1.2000000000000000E-002   1.0018030630173251        0.0000000000000000        1.0018030630173251        1.0000000000000000        6.9400066739805622E-310
  0.26501313504224483        5.0799051169630605E-005  -5.5817115979728271E-004   1.0000000000000000E-002   1.2000000000000000E-002   1.0018083718689688        0.0000000000000000        1.0018083718689688        1.0000000000000000        6.9400066739805622E-310
  0.27501303123905524        5.0396667592700227E-005  -5.5377124415922907E-004   1.0000000000000000E-002   1.2000000000000000E-002   1.0018136494555285        0.0000000000000000        1.0018136494555285        1.0000000000000000        6.9400066739805622E-310
  0.28501287600519265        4.9795410031747732E-005  -5.4718542725762376E-004   1.0000000000000000E-002   1.2000000000000000E-002   1.0018188749444985        0.0000000000000000        1.0018188749444985        1.0000000000000000        6.9400066739805622E-310
  0.29501266995241732        4.8997658756513591E-005  -5.3843953537047184E-004   1.0000000000000000E-002   1.2000000000000000E-002   1.0018240277069630        0.0000000000000000        1.0018240277069630        1.0000000000000000        6.9400066739805622E-310
  0.30501241389309591        4.8006567994885067E-005  -5.2756785269369999E-004   1.0000000000000000E-002   1.2000000000000000E-002   1.0018290873986253        0.0000000000000000        1.0018290873986253        1.0000000000000000        6.9400066739805622E-310
  0.31501210883702208        4.6826055669165589E-005  -5.1461330889335244E-004   1.0000000000000000E-002   1.2000000000000000E-002   1.0018340340410787        0.0000000000000000        1.0018340340410787        1.0000000000000000        6.9400066739805622E-310
  0.32501175598741872        4.5460786160451769E-005  -4.9962673599956986E-004   1.0000000000000000E-002   1.2000000000000000E-002   1.0018388481003753        0.0000000000000000        1.0018388481003753        1.0000000000000000        6.9400066739805622E-310
  0.33501135673622512        4.3916152763381186E-005  -4.8266725821921597E-004   1.0000000000000000E-002   1.2000000000000000E-002   1.0018435105639349        0.0000000000000000        1.0018435105639349        1.0000000000000000        6.9400066739805622E-310
  0.34501091265859773        4.2198254912102973E-005  -4.6380168939030852E-004   1.0000000000000000E-002   1.2000000000000000E-002   1.0018480030165282        0.0000000000000000        1.0018480030165282        1.0000000000000000        6.9400066739805622E-310
  0.35501042550670747        4.0313875758078718E-005  -4.4310440168882081E-004   1.0000000000000000E-002   1.2000000000000000E-002   1.0018523077126402        0.0000000000000000        1.0018523077126402        1.0000000000000000        6.9400066739805622E-310
  0.36500989720283056        3.8270455078589861E-005  -4.2065704720428698E-004   1.0000000000000000E-002   1.2000000000000000E-002   1.0018564076470240        0.0000000000000000        1.0018564076470240        1.0000000000000000        6.9400066739805622E-310
  0.37500932983176516        3.6076057900748823E-005  -3.9654819443235567E-004   1.0000000000000000E-002   1.2000000000000000E-002   1.0018602866221527        0.0000000000000000        1.0018602866221527        1.0000000000000000        6.9400066739805622E-310
  0.38500872563260385        3.3739345258116520E-005  -3.7087290344928192E-004   1.0000000000000000E-002   1.2000000000000000E-002   1.0018639293119664        0.0000000000000000        1.0018639293119664        1.0000000000000000        6.9400066739805622E-310
  0.39500808698990703        3.1269538973635025E-005  -3.4373256149766718E-004   1.0000000000000000E-002   1.2000000000000000E-002   1.0018673213227691        0.0000000000000000        1.0018673213227691        1.0000000000000000        6.9400066739805622E-310
  0.40500741642428589        2.8676384304559578E-005  -3.1523437503544471E-004   1.0000000000000000E-002   1.2000000000000000E-002   1.0018704492509736        0.0000000000000000        1.0018704492509736        1.0000000000000000        6.9400066739805622E-310
  0.41500671658244476        2.5970113177059667E-005  -2.8549078278938822E-004   1.0000000000000000E-002   1.2000000000000000E-002   1.0018733007356508        0.0000000000000000        1.0018733007356508        1.0000000000000000        6.9400066739805622E-310
  0.42500599022674085        2.3161402787102463E-005  -2.5461924120673274E-004   1.0000000000000000E-002   1.2000000000000000E-002   1.0018758645072536        0.0000000000000000        1.0018758645072536        1.0000000000000000        6.9400066739805622E-310
  0.43500524022427672        2.0261333771965010E-005  -2.2274174703618144E-004   1.0000000000000000E-002   1.2000000000000000E-002   1.0018781304331075        0.0000000000000000        1.0018781304331075        1.0000000000000000        6.9400066739805622E-310
  0.44500446953556749        1.7281346371766541E-005  -1.8998413663950942E-004   1.0000000000000000E-002   1.2000000000000000E-002   1.0018800895571718        0.0000000000000000        1.0018800895571718        1.0000000000000000        6.9400066739805622E-310
  0.45500368120286083        1.4233196036297373E-005  -1.5647591165635077E-004   1.0000000000000000E-002   1.2000000000000000E-002   1.0018817341357995        0.0000000000000000        1.0018817341357995        1.0000000000000000        6.9400066739805622E-310
  0.46500287833810411        1.1128906148150673E-005  -1.2234934840460454E-004   1.0000000000000000E-002   1.2000000000000000E-002   1.0018830576683508        0.0000000000000000        1.0018830576683508        1.0000000000000000        6.9400066739805622E-310
  0.47500206411066759        7.9807208199461730E-006  -8.7739370445483189E-005   1.0000000000000000E-002   1.2000000000000000E-002   1.0018840549229406        0.0000000000000000        1.0018840549229406        1.0000000000000000        6.9400066739805622E-310
  0.48500124173481002        4.8010586183945048E-006  -5.2782699743403327E-005   1.0000000000000000E-002   1.2000000000000000E-002   1.0018847219576481        0.0000000000000000        1.0018847219576481        1.0000000000000000        6.9400066739805622E-310
  0.49500041445698467        1.6024597699854445E-006  -1.7617432121141974E-005   1.0000000000000000E-002   1.2000000000000000E-002   1.0018850561355293        0.0000000000000000        1.0018850561355293        1.0000000000000000        6.9400066739805622E-310
  0.50499958554301638       -1.6024596852201596E-006   1.7617424518334701E-005   1.0000000000000000E-002   1.2000000000000000E-002   1.0018850561355626        0.0000000000000000        1.0018850561355626        1.0000000000000000        6.9400066739805622E-310
  0.51499875826519037       -4.8010585089098459E-006   5.2782694734077040E-005   1.0000000000000000E-002   1.2000000000000000E-002   1.0018847219577363        0.0000000000000000        1.0018847219577363        1.0000000000000000        6.9400066739805622E-310
  0.52499793588933164       -7.9807211477436867E-006   8.7739381910978409E-005   1.0000000000000000E-002   1.2000000000000000E-002   1.0018840549230084        0.0000000000000000        1.0018840549230084        1.0000000000000000        6.9400066739805622E-310
  0.53499712166189473       -1.1128906107471724E-005   1.2234936509347705E-004   1.0000000000000000E-002   1.2000000000000000E-002   1.0018830576682809        0.0000000000000000        1.0018830576682809        1.0000000000000000        6.9400066739805622E-310
  0.54499631879714017       -1.4233195847602441E-005   1.5647588017131397E-004   1.0000000000000000E-002   1.2000000000000000E-002   1.0018817341358062        0.0000000000000000        1.0018817341358062        1.0000000000000000        6.9400066739805622E-310
  0.55499553046443106       -1.7281346515800614E-005   1.8998416654802952E-004   1.0000000000000000E-002   1.2000000000000000E-002   1.0018800895571813        0.0000000000000000        1.0018800895571813        1.0000000000000000        6.9400066739805622E-310
  0.56499475977572400       -2.0261333774666974E-005   2.2274172638248046E-004   1.0000000000000000E-002   1.2000000000000000E-002   1.0018781304330708        0.0000000000000000        1.0018781304330708        1.0000000000000000        6.9400066739805622E-310
  0.57499400977325865       -2.3161402747860294E-005   2.5461924889214060E-004   1.0000000000000000E-002   1.2000000000000000E-002   1.0018758645072900        0.0000000000000000        1.0018758645072900        1.0000000000000000        6.9400066739805622E-310
  0.58499328341755508       -2.5970113201542551E-005   2.8549077114981003E-004   1.0000000000000000E-002   1.2000000000000000E-002   1.0018733007356848        0.0000000000000000        1.0018733007356848        1.0000000000000000        6.9400066739805622E-310
  0.59499258357571327       -2.8676384122289242E-005   3.1523435655245180E-004   1.0000000000000000E-002   1.2000000000000000E-002   1.0018704492511554        0.0000000000000000        1.0018704492511554        1.0000000000000000        6.9400066739805622E-310
  0.60499191301008870       -3.1269539006189049E-005   3.4373261625386675E-004   1.0000000000000000E-002   1.2000000000000000E-002   1.0018673213227887        0.0000000000000000        1.0018673213227887        1.0000000000000000        6.9400066739805622E-310
  0.61499127436739476       -3.3739345408266344E-005   3.7087290125104033E-004   1.0000000000000000E-002   1.2000000000000000E-002   1.0018639293117388        0.0000000000000000        1.0018639293117388        1.0000000000000000        6.9400066739805622E-310
  0.62499067016823584       -3.6076057712717856E-005   3.9654815385858910E-004   1.0000000000000000E-002   1.2000000000000000E-002   1.0018602866221291        0.0000000000000000        1.0018602866221291        1.0000000000000000        6.9400066739805622E-310
  0.63499010279716828       -3.8270455097931221E-005   4.2065706537641745E-004   1.0000000000000000E-002   1.2000000000000000E-002   1.0018564076470915        0.0000000000000000        1.0018564076470915        1.0000000000000000        6.9400066739805622E-310
  0.64498957449329186       -4.0313875923190586E-005   4.4310440936978779E-004   1.0000000000000000E-002   1.2000000000000000E-002   1.0018523077125929        0.0000000000000000        1.0018523077125929        1.0000000000000000        6.9400066739805622E-310
  0.65498908734140215       -4.2198255054016988E-005   4.6380169238879887E-004   1.0000000000000000E-002   1.2000000000000000E-002   1.0018480030164345        0.0000000000000000        1.0018480030164345        1.0000000000000000        6.9400066739805622E-310
  0.66498864326377627       -4.3916152510029302E-005   4.8266723847678605E-004   1.0000000000000000E-002   1.2000000000000000E-002   1.0018435105639216        0.0000000000000000        1.0018435105639216        1.0000000000000000        6.9400066739805622E-310
  0.67498824401258128       -4.5460786312003040E-005   4.9962675083214947E-004   1.0000000000000000E-002   1.2000000000000000E-002   1.0018388481003744        0.0000000000000000        1.0018388481003744        1.0000000000000000        6.9400066739805622E-310
  0.68498789116297942       -4.6826055510809093E-005   5.1461328458302091E-004   1.0000000000000000E-002   1.2000000000000000E-002   1.0018340340411283        0.0000000000000000        1.0018340340411283        1.0000000000000000        6.9400066739805622E-310
  0.69498758610690292       -4.8006568045915259E-005   5.2756789036489948E-004   1.0000000000000000E-002   1.2000000000000000E-002   1.0018290873986140        0.0000000000000000        1.0018290873986140        1.0000000000000000        6.9400066739805622E-310
  0.70498733004758440       -4.8997658459333233E-005   5.3843950941612206E-004   1.0000000000000000E-002   1.2000000000000000E-002   1.0018240277068946        0.0000000000000000        1.0018240277068946        1.0000000000000000        6.9400066739805622E-310
  0.71498712399480779       -4.9795410153012506E-005   5.4718543553011756E-004   1.0000000000000000E-002   1.2000000000000000E-002   1.0018188749445160        0.0000000000000000        1.0018188749445160        1.0000000000000000        6.9400066739805622E-310
  0.72498696876094593       -5.0396667868723938E-005   5.5377123937372374E-004   1.0000000000000000E-002   1.2000000000000000E-002   1.0018136494555254        0.0000000000000000        1.0018136494555254        1.0000000000000000        6.9400066739805622E-310
  0.73498686495775567       -5.0799051112502847E-005   5.5817117160295027E-004   1.0000000000000000E-002   1.2000000000000000E-002   1.0018083718689386        0.0000000000000000        1.0018083718689386        1.0000000000000000        6.9400066739805622E-310
  0.74498681299399105       -5.1000965127395652E-005   5.6036794828351333E-004   1.0000000000000000E-002   1.2000000000000000E-002   1.0018030630173451        0.0000000000000000        1.0018030630173451        1.0000000000000000        6.9400066739805622E-310
  0.75498681307378945       -5.1001605426582276E-005   5.6035316882763198E-004   1.0000000000000000E-002   1.2000000000000000E-002   1.0017977438545438        0.0000000000000000        1.0017977438545438        1.0000000000000000        6.9400066739805622E-310
  0.76498686519589643       -5.0800961962391784E-005   5.5812697738311101E-004   1.0000000000000000E-002   1.2000000000000000E-002   1.0017924353728007        0.0000000000000000        1.0017924353728007        1.0000000000000000        6.9400066739805622E-310
  0.77498696915367105       -5.0399818460492878E-005   5.5369838704066865E-004   1.0000000000000000E-002   1.2000000000000000E-002   1.0017871585202092        0.0000000000000000        1.0017871585202092        1.0000000000000000        6.9400066739805622E-310
  0.78498712453592656       -4.9799751842549591E-005   5.4708501337685789E-004   1.0000000000000000E-002   1.2000000000000000E-002   1.0017819341177969        0.0000000000000000        1.0017819341177969        1.0000000000000000        6.9400066739805622E-310
  0.79498733072855898       -4.9003122313135868E-005   5.3831320155506290E-004   1.0000000000000000E-002   1.2000000000000000E-002   1.0017767827772552        0.0000000000000000        1.0017767827772552        1.0000000000000000        6.9400066739805622E-310
  0.80498758691699968       -4.8013067883008204E-005   5.2741756269902851E-004   1.0000000000000000E-002   1.2000000000000000E-002   1.0017717248203306        0.0000000000000000        1.0017717248203306        1.0000000000000000        6.9400066739805622E-310
  0.81498789208941858       -4.6833488720715749E-005   5.1444140137668626E-004   1.0000000000000000E-002   1.2000000000000000E-002   1.0017667801983554        0.0000000000000000        1.0017667801983554        1.0000000000000000        6.9400066739805622E-310
  0.82498824504075474       -4.5469035709773884E-005   4.9943595309631661E-004   1.0000000000000000E-002   1.2000000000000000E-002   1.0017619684134098        0.0000000000000000        1.0017619684134098        1.0000000000000000        6.9400066739805622E-310
  0.83498864437746456       -4.3925088200329422E-005   4.8246063004242501E-004   1.0000000000000000E-002   1.2000000000000000E-002   1.0017573084419622        0.0000000000000000        1.0017573084419622        1.0000000000000000        6.9400066739805622E-310
  0.84498908852304544       -4.2207735671359908E-005   4.6358245110411644E-004   1.0000000000000000E-002   1.2000000000000000E-002   1.0017528186599671        0.0000000000000000        1.0017528186599671        1.0000000000000000        6.9400066739805622E-310
  0.85498957572425371       -4.0323752657840831E-005   4.4287603346582216E-004   1.0000000000000000E-002   1.2000000000000000E-002   1.0017485167708224        0.0000000000000000        1.0017485167708224        1.0000000000000000        6.9400066739805622E-310
  0.86499010405803811       -3.8280571493732233E-005   4.2042310161161112E-004   1.0000000000000000E-002   1.2000000000000000E-002   1.0017444197356000        0.0000000000000000        1.0017444197356000        1.0000000000000000        6.9400066739805622E-310
  0.87499067143912623       -3.6086254683784756E-005   3.9631235547155086E-004   1.0000000000000000E-002   1.2000000000000000E-002   1.0017405437063889        0.0000000000000000        1.0017405437063889        1.0000000000000000        6.9400066739805622E-310
  0.88499127562826274       -3.3749461850162720E-005   3.7063899372657971E-004   1.0000000000000000E-002   1.2000000000000000E-002   1.0017369039623210        0.0000000000000000        1.0017369039623210        1.0000000000000000        6.9400066739805622E-310
  0.89499191424105418       -3.1279415242332764E-005   3.4350418022732754E-004   1.0000000000000000E-002   1.2000000000000000E-002   1.0017335148505881        0.0000000000000000        1.0017335148505881        1.0000000000000000        6.9400066739805622E-310
  0.90499258475735711       -2.8685865230454680E-005   3.1501513135445691E-004   1.0000000000000000E-002   1.2000000000000000E-002   1.0017303897294279        0.0000000000000000        1.0017303897294279        1.0000000000000000        6.9400066739805622E-310
  0.91499328453124518       -2.5979048790380149E-005   2.8528412788730861E-004   1.0000000000000000E-002   1.2000000000000000E-002   1.0017275409154893        0.0000000000000000        1.0017275409154893        1.0000000000000000        6.9400066739805622E-310
  0.92499401080142951       -2.3169652315778797E-005   2.5442849674472967E-004   1.0000000000000000E-002   1.2000000000000000E-002   1.0017249796359509        0.0000000000000000        1.0017249796359509        1.0000000000000000        6.9400066739805622E-310
  0.93499476070216214       -2.0268766928355305E-005   2.2256985303314991E-004   1.0000000000000000E-002   1.2000000000000000E-002   1.0017227159842108        0.0000000000000000        1.0017227159842108        1.0000000000000000        6.9400066739805622E-310
  0.94499553127452840       -1.7287846048943685E-005   1.8983382893367207E-004   1.0000000000000000E-002   1.2000000000000000E-002   1.0017207588806458        0.0000000000000000        1.0017207588806458        1.0000000000000000        6.9400066739805622E-310
  0.95499631947811647       -1.4238660016990336E-005   1.5634955505383630E-004   1.0000000000000000E-002   1.2000000000000000E-002   1.0017191160369372        0.0000000000000000        1.0017191160369372        1.0000000000000000        6.9400066739805622E-310
  0.96499712220301403       -1.1133247581684497E-005   1.2224895738910391E-004   1.0000000000000000E-002   1.2000000000000000E-002   1.0017177939263029        0.0000000000000000        1.0017177939263029        1.0000000000000000        6.9400066739805622E-310
  0.97499793628205866       -7.9838721105602511E-006   8.7666512115447404E-005   1.0000000000000000E-002   1.2000000000000000E-002   1.0017167977581813        0.0000000000000000        1.0017167977581813        1.0000000000000000        6.9400066739805622E-310
  0.98499875850333107       -4.8029692635236032E-006   5.2738525959661331E-005   1.0000000000000000E-002   1.2000000000000000E-002   1.0017161314574046        0.0000000000000000        1.0017161314574046        1.0000000000000000        6.9400066739805622E-310
  0.99499958562281743       -1.6030998202712995E-006   1.7602593354482110E-005   1.0000000000000000E-002   1.2000000000000000E-002   1.0017157976495468        0.0000000000000000        1.0017157976495468        1.0000000000000000        6.9400066739805622E-310
   1.0050004143771842        1.6030948967462348E-006  -1.7436877579157795E-005   1.0000000000000000E-002   1.2000000000000000E-002   1.0017157976496320        0.0000000000000000        1.0017157976496320        1.0000000000000000        6.9400066739805622E-310
   1.0150012414966685        4.8029537926509530E-006  -5.2241973182098889E-005   1.0000000000000000E-002   1.2000000000000000E-002   1.0017161314574368        0.0000000000000000        1.0017161314574368        1.0000000000000000        6.9400066739805622E-310
   1.0250020637179424        7.9838464780763972E-006  -8.6841164963047390E-005   1.0000000000000000E-002   1.2000000000000000E-002   1.0017167977581720        0.0000000000000000        1.0017167977581720        1.0000000000000000        6.9400066739805622E-310
   1.0350028777969860        1.1133212317963898E-005  -1.2109799399517840E-004   1.0000000000000000E-002   1.2000000000000000E-002   1.0017177939263244        0.0000000000000000        1.0017177939263244        1.0000000000000000        6.9400066739805622E-310
   1.0450036805218839        1.4238614410082300E-005  -1.5487758085441783E-004   1.0000000000000000E-002   1.2000000000000000E-002   1.0017191160368584        0.0000000000000000        1.0017191160368584        1.0000000000000000        6.9400066739805622E-310
  -5.0004143771825715E-003  -1.6032986896445353E-006  -3.5767633061438002E+077   1.0000000000000000E-002   1.2000000000000000E-002   1.0017157976495468        0.0000000000000000        1.0017157976495468        1.0000000000000000        6.9400066739805622E-310
  -1.5001241496668927E-002  -4.8035651063472169E-006   0.0000000000000000        1.0000000000000000E-002   1.2000000000000000E-002   1.0017161314574046        0.0000000000000000        1.0017161314574046        1.0000000000000000        6.9400066739805622E-310
  -2.5002063717941336E-002  -7.9848625543885373E-006  -3.5767633061438002E+077   1.0000000000000000E-002   1.2000000000000000E-002   1.0017167977581813        0.0000000000000000        1.0017167977581813        1.0000000000000000        6.9400066739805622E-310
  -3.5002877796985965E-002  -1.1134628705746547E-005   6.9400068546417920E-310   1.0000000000000000E-002   1.2000000000000000E-002   1.0017177939263029        0.0000000000000000        1.0017177939263029        1.0000000000000000        6.9400066739805622E-310
  -4.5003680521883527E-002  -1.4240426391415197E-005   6.9400066883177543E-310   1.0000000000000000E-002   1.2000000000000000E-002   1.0017191160369372        0.0000000000000000        1.0017191160369372        1.0000000000000000        6.9400066739805622E-310
