 # x, v, a, m, h, rho, u, P, c, ke
   1.4015999999999862     
   5.0001369125342639E-003  -3.0119034637766639E-006  -5.8194479670703458E-006   1.0000000000000000E-002   1.2000000000000000E-002   1.0017724530428884        0.0000000000000000        1.0017724530428884        1.0000000000000000        6.9400066739805622E-310
   1.5000410197121384E-002  -9.0238205334980721E-006  -1.7435380461172656E-005   1.0000000000000000E-002   1.2000000000000000E-002   1.0017725634099013        0.0000000000000000        1.0017725634099013        1.0000000000000000        6.9400066739805622E-310
   2.5000681862396144E-002  -1.5000115602042304E-005  -2.8982452108472501E-005   1.0000000000000000E-002   1.2000000000000000E-002   1.0017727837081909        0.0000000000000000        1.0017727837081909        1.0000000000000000        6.9400066739805622E-310
   3.5000950835922869E-002  -2.0917197218735287E-005  -4.0414976401947911E-005   1.0000000000000000E-002   1.2000000000000000E-002   1.0017731130674135        0.0000000000000000        1.0017731130674135        1.0000000000000000        6.9400066739805622E-310
   4.5001216055906144E-002  -2.6751707514465206E-005  -5.1687846473136290E-005   1.0000000000000000E-002   1.2000000000000000E-002   1.0017735501863938        0.0000000000000000        1.0017735501863938        1.0000000000000000        6.9400066739805622E-310
   5.5001476475377974E-002  -3.2480615035208290E-005  -6.2756526317819805E-005   1.0000000000000000E-002   1.2000000000000000E-002   1.0017740933385602        0.0000000000000000        1.0017740933385602        1.0000000000000000        6.9400066739805622E-310
   6.5001731066335389E-002  -3.8081305621570677E-005  -7.3577275524705499E-005   1.0000000000000000E-002   1.2000000000000000E-002   1.0017747403784145        0.0000000000000000        1.0017747403784145        1.0000000000000000        6.9400066739805622E-310
   7.5001978823802939E-002  -4.3531671327624730E-005  -8.4107360808438614E-005   1.0000000000000000E-002   1.2000000000000000E-002   1.0017754887501134        0.0000000000000000        1.0017754887501134        1.0000000000000000        6.9400066739805622E-310
   8.5002218769801269E-002  -4.8810198220184328E-005  -9.4305187844589966E-005   1.0000000000000000E-002   1.2000000000000000E-002   1.0017763354976326        0.0000000000000000        1.0017763354976326        1.0000000000000000        6.9400066739805622E-310
   9.5002449957210411E-002  -5.3896051050656798E-005  -1.0413048112845047E-004   1.0000000000000000E-002   1.2000000000000000E-002   1.0017772772764182        0.0000000000000000        1.0017772772764182        1.0000000000000000        6.9400066739805622E-310
  0.10500267147351081       -5.8769155900015038E-005  -1.1354446253886152E-004   1.0000000000000000E-002   1.2000000000000000E-002   1.0017783103667497        0.0000000000000000        1.0017783103667497        1.0000000000000000        6.9400066739805622E-310
  0.11500288244438411       -6.3410278686163465E-005  -1.2250994355600398E-004   1.0000000000000000E-002   1.2000000000000000E-002   1.0017794306883876        0.0000000000000000        1.0017794306883876        1.0000000000000000        6.9400066739805622E-310
  0.12500308203716773       -6.7801102021474612E-005  -1.3099153230999860E-004   1.0000000000000000E-002   1.2000000000000000E-002   1.0017806338166253        0.0000000000000000        1.0017806338166253        1.0000000000000000        6.9400066739805622E-310
  0.13500326946414193       -7.1924297099606687E-005  -1.3895577615041788E-004   1.0000000000000000E-002   1.2000000000000000E-002   1.0017819150000224        0.0000000000000000        1.0017819150000224        1.0000000000000000        6.9400066739805622E-310
  0.14500344398563586       -7.5763591664547284E-005  -1.4637122341731867E-004   1.0000000000000000E-002   1.2000000000000000E-002   1.0017832691790816        0.0000000000000000        1.0017832691790816        1.0000000000000000        6.9400066739805622E-310
  0.15500360491294979       -7.9303835136170799E-005  -1.5320862564394133E-004   1.0000000000000000E-002   1.2000000000000000E-002   1.0017846910062091        0.0000000000000000        1.0017846910062091        1.0000000000000000        6.9400066739805622E-310
  0.16500375161107028       -8.2531057536984468E-005  -1.5944100311315879E-004   1.0000000000000000E-002   1.2000000000000000E-002   1.0017861748669197        0.0000000000000000        1.0017861748669197        1.0000000000000000        6.9400066739805622E-310
  0.17500388350117718       -8.5432525199106892E-005  -1.6504380741899638E-004   1.0000000000000000E-002   1.2000000000000000E-002   1.0017877149021353        0.0000000000000000        1.0017877149021353        1.0000000000000000        6.9400066739805622E-310
  0.18500400006292181       -8.7996790598905992E-005  -1.6999492401303939E-004   1.0000000000000000E-002   1.2000000000000000E-002   1.0017893050312678        0.0000000000000000        1.0017893050312678        1.0000000000000000        6.9400066739805622E-310
  0.19500410083648245       -9.0213737569140324E-005  -1.7427486420373839E-004   1.0000000000000000E-002   1.2000000000000000E-002   1.0017909389762263        0.0000000000000000        1.0017909389762263        1.0000000000000000        6.9400066739805622E-310
  0.20500418542437274       -9.2074621237287686E-005  -1.7786676514841560E-004   1.0000000000000000E-002   1.2000000000000000E-002   1.0017926102863339        0.0000000000000000        1.0017926102863339        1.0000000000000000        6.9400066739805622E-310
  0.21500425349300889       -9.3572102679890772E-005  -1.8075650556070855E-004   1.0000000000000000E-002   1.2000000000000000E-002   1.0017943123637960        0.0000000000000000        1.0017943123637960        1.0000000000000000        6.9400066739805622E-310
  0.22500430477401964       -9.4700277274626353E-005  -1.8293269401947754E-004   1.0000000000000000E-002   1.2000000000000000E-002   1.0017960384896636        0.0000000000000000        1.0017960384896636        1.0000000000000000        6.9400066739805622E-310
  0.23500433906530577       -9.5454698070487982E-005  -1.8438681543653246E-004   1.0000000000000000E-002   1.2000000000000000E-002   1.0017977818504413        0.0000000000000000        1.0017977818504413        1.0000000000000000        6.9400066739805622E-310
  0.24500435623182887       -9.5832393693624264E-005  -1.8511316516534038E-004   1.0000000000000000E-002   1.2000000000000000E-002   1.0017995355650640        0.0000000000000000        1.0017995355650640        1.0000000000000000        6.9400066739805622E-310
  0.25500435620614287       -9.5831879827847606E-005  -1.8510895042211928E-004   1.0000000000000000E-002   1.2000000000000000E-002   1.0018012927120561        0.0000000000000000        1.0018012927120561        1.0000000000000000        6.9400066739805622E-310
  0.26500433898865117       -9.5453164312584368E-005  -1.8437420156391937E-004   1.0000000000000000E-002   1.2000000000000000E-002   1.0018030463567558        0.0000000000000000        1.0018030463567558        1.0000000000000000        6.9400066739805622E-310
  0.27500430464760584       -9.4697747840502826E-005  -1.8291189675956332E-004   1.0000000000000000E-002   1.2000000000000000E-002   1.0018047895787021        0.0000000000000000        1.0018047895787021        1.0000000000000000        6.9400066739805622E-310
  0.28500425331882867       -9.3568617849536489E-005  -1.8072783233513690E-004   1.0000000000000000E-002   1.2000000000000000E-002   1.0018065154990090        0.0000000000000000        1.0018065154990090        1.0000000000000000        6.9400066739805622E-310
  0.29500418520517446       -9.2070235712645614E-005  -1.7783069432653065E-004   1.0000000000000000E-002   1.2000000000000000E-002   1.0018082173074403        0.0000000000000000        1.0018082173074403        1.0000000000000000        6.9400066739805622E-310
  0.30500410057572291       -9.0208520341578393E-005  -1.7423196075405656E-004   1.0000000000000000E-002   1.2000000000000000E-002   1.0018098882893931        0.0000000000000000        1.0018098882893931        1.0000000000000000        6.9400066739805622E-310
  0.31500399976471311       -8.7990823979669939E-005  -1.6994586385798982E-004   1.0000000000000000E-002   1.2000000000000000E-002   1.0018115218522281        0.0000000000000000        1.0018115218522281        1.0000000000000000        6.9400066739805622E-310
  0.32500388317022089       -8.5425903531843327E-005  -1.6498933715780595E-004   1.0000000000000000E-002   1.2000000000000000E-002   1.0018131115511668        0.0000000000000000        1.0018131115511668        1.0000000000000000        6.9400066739805622E-310
  0.33500375125258725       -8.2523885162467137E-005  -1.5938201361276327E-004   1.0000000000000000E-002   1.2000000000000000E-002   1.0018146511149286        0.0000000000000000        1.0018146511149286        1.0000000000000000        6.9400066739805622E-310
  0.34500360453259316       -7.9296225027513300E-005  -1.5314603199367838E-004   1.0000000000000000E-002   1.2000000000000000E-002   1.0018161344704350        0.0000000000000000        1.0018161344704350        1.0000000000000000        6.9400066739805622E-310
  0.35500344358940489       -7.5755664051931819E-005  -1.4630602942489190E-004   1.0000000000000000E-002   1.2000000000000000E-002   1.0018175557665743        0.0000000000000000        1.0018175557665743        1.0000000000000000        6.9400066739805622E-310
  0.36500326905828462       -7.1916176762609928E-005  -1.3888899446090619E-004   1.0000000000000000E-002   1.2000000000000000E-002   1.0018189093972512        0.0000000000000000        1.0018189093972512        1.0000000000000000        6.9400066739805622E-310
  0.37500308162808449       -6.7792917106447104E-005  -1.3092421711213831E-004   1.0000000000000000E-002   1.2000000000000000E-002   1.0018201900234434        0.0000000000000000        1.0018201900234434        1.0000000000000000        6.9400066739805622E-310
  0.38500288203852656       -6.3402158376413980E-005  -1.2244316256193599E-004   1.0000000000000000E-002   1.2000000000000000E-002   1.0018213925944863        0.0000000000000000        1.0018213925944863        1.0000000000000000        6.9400066739805622E-310
  0.39500267107727893       -5.8761228096838518E-005  -1.1347925185756225E-004   1.0000000000000000E-002   1.2000000000000000E-002   1.0018225123676672        0.0000000000000000        1.0018225123676672        1.0000000000000000        6.9400066739805622E-310
  0.40500244957685433       -5.3888441088555312E-005  -1.0406789821892914E-004   1.0000000000000000E-002   1.2000000000000000E-002   1.0018235449269832        0.0000000000000000        1.0018235449269832        1.0000000000000000        6.9400066739805622E-310
  0.41500221841131874       -4.8803025794968578E-005  -9.4246201264525098E-005   1.0000000000000000E-002   1.2000000000000000E-002   1.0018244862006298        0.0000000000000000        1.0018244862006298        1.0000000000000000        6.9400066739805622E-310
  0.42500197849284704       -4.3525049693555966E-005  -8.4052891625496784E-005   1.0000000000000000E-002   1.2000000000000000E-002   1.0018253324767061        0.0000000000000000        1.0018253324767061        1.0000000000000000        6.9400066739805622E-310
  0.43500173076812698       -3.8075339068372592E-005  -7.3528218424101510E-005   1.0000000000000000E-002   1.2000000000000000E-002   1.0018260804182346        0.0000000000000000        1.0018260804182346        1.0000000000000000        6.9400066739805622E-310
  0.44500147621461800       -3.2475397845942148E-005  -6.2713607656306181E-005   1.0000000000000000E-002   1.2000000000000000E-002   1.0018267270759127        0.0000000000000000        1.0018267270759127        1.0000000000000000        6.9400066739805622E-310
  0.45500121583670849       -2.6747321822722683E-005  -5.1651781657113816E-005   1.0000000000000000E-002   1.2000000000000000E-002   1.0018272698998771        0.0000000000000000        1.0018272698998771        1.0000000000000000        6.9400066739805622E-310
  0.46500095066174374       -2.0913712159730202E-005  -4.0386319178686847E-005   1.0000000000000000E-002   1.2000000000000000E-002   1.0018277067499310        0.0000000000000000        1.0018277067499310        1.0000000000000000        6.9400066739805622E-310
  0.47500068173598198       -1.4997586464160787E-005  -2.8961639548796825E-005   1.0000000000000000E-002   1.2000000000000000E-002   1.0018280359035927        0.0000000000000000        1.0018280359035927        1.0000000000000000        6.9400066739805622E-310
  0.48500041012046696       -9.0222867885110513E-006  -1.7422763479935099E-005   1.0000000000000000E-002   1.2000000000000000E-002   1.0018282560629712        0.0000000000000000        1.0018282560629712        1.0000000000000000        6.9400066739805622E-310
  0.49500013688684880       -3.0113894916211739E-006  -5.8152352018225884E-006   1.0000000000000000E-002   1.2000000000000000E-002   1.0018283663600516        0.0000000000000000        1.0018283663600516        1.0000000000000000        6.9400066739805622E-310
  0.50499986311315304        3.0113894838929813E-006   5.8152095050445496E-006   1.0000000000000000E-002   1.2000000000000000E-002   1.0018283663601764        0.0000000000000000        1.0018283663601764        1.0000000000000000        6.9400066739805622E-310
  0.51499958987953176        9.0222869111745342E-006   1.7422809017730856E-005   1.0000000000000000E-002   1.2000000000000000E-002   1.0018282560629950        0.0000000000000000        1.0018282560629950        1.0000000000000000        6.9400066739805622E-310
  0.52499931826401935        1.4997586289692358E-005   2.8961621277190375E-005   1.0000000000000000E-002   1.2000000000000000E-002   1.0018280359034915        0.0000000000000000        1.0018280359034915        1.0000000000000000        6.9400066739805622E-310
  0.53499904933825748        2.0913712248121319E-005   4.0386305010464696E-005   1.0000000000000000E-002   1.2000000000000000E-002   1.0018277067499877        0.0000000000000000        1.0018277067499877        1.0000000000000000        6.9400066739805622E-310
  0.54499878416329139        2.6747321883543358E-005   5.1651795978990833E-005   1.0000000000000000E-002   1.2000000000000000E-002   1.0018272698999220        0.0000000000000000        1.0018272698999220        1.0000000000000000        6.9400066739805622E-310
  0.55499852378538228        3.2475397751471635E-005   6.2713606999942328E-005   1.0000000000000000E-002   1.2000000000000000E-002   1.0018267270758960        0.0000000000000000        1.0018267270758960        1.0000000000000000        6.9400066739805622E-310
  0.56499826923187335        3.8075339182474320E-005   7.3528222469754212E-005   1.0000000000000000E-002   1.2000000000000000E-002   1.0018260804182124        0.0000000000000000        1.0018260804182124        1.0000000000000000        6.9400066739805622E-310
  0.57499802150715351        4.3525049707480740E-005   8.4052901888398424E-005   1.0000000000000000E-002   1.2000000000000000E-002   1.0018253324766109        0.0000000000000000        1.0018253324766109        1.0000000000000000        6.9400066739805622E-310
  0.58499778158868376        4.8803025789888854E-005   9.4246170604606050E-005   1.0000000000000000E-002   1.2000000000000000E-002   1.0018244862006276        0.0000000000000000        1.0018244862006276        1.0000000000000000        6.9400066739805622E-310
  0.59499755042314628        5.3888440794086863E-005   1.0406790939221366E-004   1.0000000000000000E-002   1.2000000000000000E-002   1.0018235449270749        0.0000000000000000        1.0018235449270749        1.0000000000000000        6.9400066739805622E-310
  0.60499732892272140        5.8761228241907560E-005   1.1347926205473868E-004   1.0000000000000000E-002   1.2000000000000000E-002   1.0018225123676527        0.0000000000000000        1.0018225123676527        1.0000000000000000        6.9400066739805622E-310
  0.61499711796147460        6.3402158449145176E-005   1.2244314806242329E-004   1.0000000000000000E-002   1.2000000000000000E-002   1.0018213925945003        0.0000000000000000        1.0018213925945003        1.0000000000000000        6.9400066739805622E-310
  0.62499691837191551        6.7792917099071751E-005   1.3092422981131335E-004   1.0000000000000000E-002   1.2000000000000000E-002   1.0018201900234640        0.0000000000000000        1.0018201900234640        1.0000000000000000        6.9400066739805622E-310
  0.63499673094171605        7.1916176813654694E-005   1.3888899120839682E-004   1.0000000000000000E-002   1.2000000000000000E-002   1.0018189093972278        0.0000000000000000        1.0018189093972278        1.0000000000000000        6.9400066739805622E-310
  0.64499655641059572        7.5755664007639667E-005   1.4630602292964312E-004   1.0000000000000000E-002   1.2000000000000000E-002   1.0018175557665945        0.0000000000000000        1.0018175557665945        1.0000000000000000        6.9400066739805622E-310
  0.65499639546740718        7.9296225002176742E-005   1.5314602133109645E-004   1.0000000000000000E-002   1.2000000000000000E-002   1.0018161344705316        0.0000000000000000        1.0018161344705316        1.0000000000000000        6.9400066739805622E-310
  0.66499624874741126        8.2523885114979935E-005   1.5938203584564548E-004   1.0000000000000000E-002   1.2000000000000000E-002   1.0018146511149737        0.0000000000000000        1.0018146511149737        1.0000000000000000        6.9400066739805622E-310
  0.67499611682977845        8.5425903628110790E-005   1.6498934125230846E-004   1.0000000000000000E-002   1.2000000000000000E-002   1.0018131115510931        0.0000000000000000        1.0018131115510931        1.0000000000000000        6.9400066739805622E-310
  0.68499600023528706        8.7990823941074795E-005   1.6994585911067617E-004   1.0000000000000000E-002   1.2000000000000000E-002   1.0018115218521590        0.0000000000000000        1.0018115218521590        1.0000000000000000        6.9400066739805622E-310
  0.69499589942427786        9.0208520377620092E-005   1.7423195007371106E-004   1.0000000000000000E-002   1.2000000000000000E-002   1.0018098882893922        0.0000000000000000        1.0018098882893922        1.0000000000000000        6.9400066739805622E-310
  0.70499581479482565        9.2070235807262352E-005   1.7783069804355733E-004   1.0000000000000000E-002   1.2000000000000000E-002   1.0018082173074696        0.0000000000000000        1.0018082173074696        1.0000000000000000        6.9400066739805622E-310
  0.71499574668117150        9.3568617649155138E-005   1.8072782726274994E-004   1.0000000000000000E-002   1.2000000000000000E-002   1.0018065154990430        0.0000000000000000        1.0018065154990430        1.0000000000000000        6.9400066739805622E-310
  0.72499569535239361        9.4697747946756889E-005   1.8291190360031351E-004   1.0000000000000000E-002   1.2000000000000000E-002   1.0018047895787325        0.0000000000000000        1.0018047895787325        1.0000000000000000        6.9400066739805622E-310
  0.73499566101134828        9.5453164270610632E-005   1.8437421005668142E-004   1.0000000000000000E-002   1.2000000000000000E-002   1.0018030463567140        0.0000000000000000        1.0018030463567140        1.0000000000000000        6.9400066739805622E-310
  0.74499564379385752        9.5831879874591194E-005   1.8510894267009803E-004   1.0000000000000000E-002   1.2000000000000000E-002   1.0018012927120115        0.0000000000000000        1.0018012927120115        1.0000000000000000        6.9400066739805622E-310
  0.75499564376817152        9.5832393660736428E-005   1.8511316442815229E-004   1.0000000000000000E-002   1.2000000000000000E-002   1.0017995355650584        0.0000000000000000        1.0017995355650584        1.0000000000000000        6.9400066739805622E-310
  0.76499566093469462        9.5454698115165948E-005   1.8438681995647244E-004   1.0000000000000000E-002   1.2000000000000000E-002   1.0017977818504191        0.0000000000000000        1.0017977818504191        1.0000000000000000        6.9400066739805622E-310
  0.77499569522598122        9.4700277103404660E-005   1.8293268748159619E-004   1.0000000000000000E-002   1.2000000000000000E-002   1.0017960384896463        0.0000000000000000        1.0017960384896463        1.0000000000000000        6.9400066739805622E-310
  0.78499574650699200        9.3572102701151638E-005   1.8075649470006283E-004   1.0000000000000000E-002   1.2000000000000000E-002   1.0017943123638646        0.0000000000000000        1.0017943123638646        1.0000000000000000        6.9400066739805622E-310
  0.79499581457562651        9.2074621340320056E-005   1.7786678634390540E-004   1.0000000000000000E-002   1.2000000000000000E-002   1.0017926102863492        0.0000000000000000        1.0017926102863492        1.0000000000000000        6.9400066739805622E-310
  0.80499589916351821        9.0213737534164721E-005   1.7427484710008656E-004   1.0000000000000000E-002   1.2000000000000000E-002   1.0017909389762261        0.0000000000000000        1.0017909389762261        1.0000000000000000        6.9400066739805622E-310
  0.81499599993707750        8.7996790583860180E-005   1.6999493792990705E-004   1.0000000000000000E-002   1.2000000000000000E-002   1.0017893050312832        0.0000000000000000        1.0017893050312832        1.0000000000000000        6.9400066739805622E-310
  0.82499611649882310        8.5432525281801161E-005   1.6504379948933945E-004   1.0000000000000000E-002   1.2000000000000000E-002   1.0017877149021206        0.0000000000000000        1.0017877149021206        1.0000000000000000        6.9400066739805622E-310
  0.83499624838892939        8.2531057546222819E-005   1.5944101138654077E-004   1.0000000000000000E-002   1.2000000000000000E-002   1.0017861748669081        0.0000000000000000        1.0017861748669081        1.0000000000000000        6.9400066739805622E-310
  0.84499639508705071        7.9303835111418409E-005   1.5320861418555154E-004   1.0000000000000000E-002   1.2000000000000000E-002   1.0017846910062056        0.0000000000000000        1.0017846910062056        1.0000000000000000        6.9400066739805622E-310
  0.85499655601436397        7.5763591694770423E-005   1.4637122426108817E-004   1.0000000000000000E-002   1.2000000000000000E-002   1.0017832691791331        0.0000000000000000        1.0017832691791331        1.0000000000000000        6.9400066739805622E-310
  0.86499673053585735        7.1924296941028540E-005   1.3895578585110258E-004   1.0000000000000000E-002   1.2000000000000000E-002   1.0017819150000193        0.0000000000000000        1.0017819150000193        1.0000000000000000        6.9400066739805622E-310
  0.87499691796283230        6.7801102196455600E-005   1.3099152038531514E-004   1.0000000000000000E-002   1.2000000000000000E-002   1.0017806338166360        0.0000000000000000        1.0017806338166360        1.0000000000000000        6.9400066739805622E-310
  0.88499711755561494        6.3410278674584512E-005   1.2250995364926354E-004   1.0000000000000000E-002   1.2000000000000000E-002   1.0017794306884071        0.0000000000000000        1.0017794306884071        1.0000000000000000        6.9400066739805622E-310
  0.89499732852648872        5.8769155887912746E-005   1.1354446299183252E-004   1.0000000000000000E-002   1.2000000000000000E-002   1.0017783103667186        0.0000000000000000        1.0017783103667186        1.0000000000000000        6.9400066739805622E-310
  0.90499755004278937        5.3896050969829669E-005   1.0413047909985096E-004   1.0000000000000000E-002   1.2000000000000000E-002   1.0017772772763966        0.0000000000000000        1.0017772772763966        1.0000000000000000        6.9400066739805622E-310
  0.91499778123019870        4.8810198298590874E-005   9.4305184759946314E-005   1.0000000000000000E-002   1.2000000000000000E-002   1.0017763354976330        0.0000000000000000        1.0017763354976330        1.0000000000000000        6.9400066739805622E-310
  0.92499802117619678        4.3531671373631616E-005   8.4107364562768794E-005   1.0000000000000000E-002   1.2000000000000000E-002   1.0017754887501096        0.0000000000000000        1.0017754887501096        1.0000000000000000        6.9400066739805622E-310
  0.93499826893366467        3.8081305617964065E-005   7.3577273146163691E-005   1.0000000000000000E-002   1.2000000000000000E-002   1.0017747403784076        0.0000000000000000        1.0017747403784076        1.0000000000000000        6.9400066739805622E-310
  0.94499852352462188        3.2480615051651781E-005   6.2756528543594925E-005   1.0000000000000000E-002   1.2000000000000000E-002   1.0017740933385497        0.0000000000000000        1.0017740933385497        1.0000000000000000        6.9400066739805622E-310
  0.95499878394409421        2.6751707251397840E-005   5.1687835734171017E-005   1.0000000000000000E-002   1.2000000000000000E-002   1.0017735501864267        0.0000000000000000        1.0017735501864267        1.0000000000000000        6.9400066739805622E-310
  0.96499904916407619        2.0917197278455985E-005   4.0414994264992288E-005   1.0000000000000000E-002   1.2000000000000000E-002   1.0017731130674108        0.0000000000000000        1.0017731130674108        1.0000000000000000        6.9400066739805622E-310
  0.97499931813760432        1.5000115716345523E-005   2.8982435709146159E-005   1.0000000000000000E-002   1.2000000000000000E-002   1.0017727837081811        0.0000000000000000        1.0017727837081811        1.0000000000000000        6.9400066739805622E-310
  0.98499958980287794        9.0238204214116726E-006   1.7435391772124831E-005   1.0000000000000000E-002   1.2000000000000000E-002   1.0017725634099202        0.0000000000000000        1.0017725634099202        1.0000000000000000        6.9400066739805622E-310
  0.99499986308746569        3.0119035356455718E-006   5.8194439942482745E-006   1.0000000000000000E-002   1.2000000000000000E-002   1.0017724530428640        0.0000000000000000        1.0017724530428640        1.0000000000000000        6.9400066739805622E-310
   1.0050001369125343       -3.0119052649161677E-006  -6.1259788779466362E-006   1.0000000000000000E-002   1.2000000000000000E-002   1.0017724530428884        0.0000000000000000        1.0017724530428884        1.0000000000000000        6.9400066739805622E-310
   1.0150004101971213       -9.0238259301657175E-006  -1.8353748177268869E-005   1.0000000000000000E-002   1.2000000000000000E-002   1.0017725634099013        0.0000000000000000        1.0017725634099013        1.0000000000000000        6.9400066739805622E-310
   1.0250006818623962       -1.5000124576345205E-005  -3.0509026597513866E-005   1.0000000000000000E-002   1.2000000000000000E-002   1.0017727837081909        0.0000000000000000        1.0017727837081909        1.0000000000000000        6.9400066739805622E-310
   1.0350009508359228       -2.0917209730268430E-005  -4.2543738416611632E-005   1.0000000000000000E-002   1.2000000000000000E-002   1.0017731130674135        0.0000000000000000        1.0017731130674135        1.0000000000000000        6.9400066739805622E-310
   1.0450012160559061       -2.6751723514888590E-005  -5.4410381298275468E-005   1.0000000000000000E-002   1.2000000000000000E-002   1.0017735501863938        0.0000000000000000        1.0017735501863938        1.0000000000000000        6.9400066739805622E-310
  -5.0001369125343142E-003   3.0122713772598068E-006  -3.5767633061438002E+077   1.0000000000000000E-002   1.2000000000000000E-002   1.0017724530428640        0.0000000000000000        1.0017724530428640        1.0000000000000000        6.9400066739805622E-310
  -1.5000410197122060E-002   9.0249224529411708E-006   0.0000000000000000        1.0000000000000000E-002   1.2000000000000000E-002   1.0017725634099202        0.0000000000000000        1.0017725634099202        1.0000000000000000        6.9400066739805622E-310
  -2.5000681862395679E-002   1.5001947614401704E-005  -3.5767633061438002E+077   1.0000000000000000E-002   1.2000000000000000E-002   1.0017727837081811        0.0000000000000000        1.0017727837081811        1.0000000000000000        6.9400066739805622E-310
  -3.5000950835923805E-002   2.0919751796332149E-005   6.9400068546417920E-310   1.0000000000000000E-002   1.2000000000000000E-002   1.0017731130674108        0.0000000000000000        1.0017731130674108        1.0000000000000000        6.9400066739805622E-310
  -4.5001216055905791E-002   2.6754974280560242E-005   6.9400066883177543E-310   1.0000000000000000E-002   1.2000000000000000E-002   1.0017735501864267        0.0000000000000000        1.0017735501864267        1.0000000000000000        6.9400066739805622E-310
