 # x, v, a, m, h, rho, u, P, c, ke
   2.7000000000000282     
   4.9995429142709324E-003   9.9425698254555843E-007   1.9420052143281907E-005   1.0000000000000000E-002   1.2000000000000000E-002   1.0018937630920250        0.0000000000000000        1.0018937630920250        1.0000000000000000        6.9400066739805622E-310
   1.4998630546361824E-002   2.9788416616422526E-006   5.8183534938471837E-005   1.0000000000000000E-002   1.2000000000000000E-002   1.0018933947150945        0.0000000000000000        1.0018933947150945        1.0000000000000000        6.9400066739805622E-310
   2.4997723581981109E-002   4.9516542411975559E-006   9.6717563982551269E-005   1.0000000000000000E-002   1.2000000000000000E-002   1.0018926594147963        0.0000000000000000        1.0018926594147963        1.0000000000000000        6.9400066739805622E-310
   3.4996825599802550E-002   6.9048992487107254E-006   1.3487016391522388E-004   1.0000000000000000E-002   1.2000000000000000E-002   1.0018915600922207        0.0000000000000000        1.0018915600922207        1.0000000000000000        6.9400066739805622E-310
   4.4995940143080664E-002   8.8308574571929937E-006   1.7249083963299938E-004   1.0000000000000000E-002   1.2000000000000000E-002   1.0018901010848893        0.0000000000000000        1.0018901010848893        1.0000000000000000        6.9400066739805622E-310
   5.4995070705674803E-002   1.0721919245175753E-005   2.0943121471095338E-004   1.0000000000000000E-002   1.2000000000000000E-002   1.0018882881495665        0.0000000000000000        1.0018882881495665        1.0000000000000000        6.9400066739805622E-310
   6.4994220718273280E-002   1.2570612793169034E-005   2.4554555344558082E-004   1.0000000000000000E-002   1.2000000000000000E-002   1.0018861284397096        0.0000000000000000        1.0018861284397096        1.0000000000000000        6.9400066739805622E-310
   7.4993393534854888E-002   1.4369634172660622E-005   2.8069154749754688E-004   1.0000000000000000E-002   1.2000000000000000E-002   1.0018836304765513        0.0000000000000000        1.0018836304765513        1.0000000000000000        6.9400066739805622E-310
   8.4992592419481955E-002   1.6111877123204121E-005   3.1473036634999119E-004   1.0000000000000000E-002   1.2000000000000000E-002   1.0018808041162421        0.0000000000000000        1.0018808041162421        1.0000000000000000        6.9400066739805622E-310
   9.4991820533399371E-002   1.7790459757657744E-005   3.4752781869951122E-004   1.0000000000000000E-002   1.2000000000000000E-002   1.0018776605112805        0.0000000000000000        1.0018776605112805        1.0000000000000000        6.9400066739805622E-310
  0.10499108092257825        1.9398753240238032E-005   3.7895456347758483E-004   1.0000000000000000E-002   1.2000000000000000E-002   1.0018742120653290        0.0000000000000000        1.0018742120653290        1.0000000000000000        6.9400066739805622E-310
  0.11499037650570360        2.0930406843469522E-005   4.0888654026272064E-004   1.0000000000000000E-002   1.2000000000000000E-002   1.0018704723851137        0.0000000000000000        1.0018704723851137        1.0000000000000000        6.9400066739805622E-310
  0.12498971006265144        2.2379373961648842E-005   4.3720564093074898E-004   1.0000000000000000E-002   1.2000000000000000E-002   1.0018664562269162        0.0000000000000000        1.0018664562269162        1.0000000000000000        6.9400066739805622E-310
  0.13498908422352179        2.3739935511669464E-005   4.6380011181579306E-004   1.0000000000000000E-002   1.2000000000000000E-002   1.0018621794380933        0.0000000000000000        1.0018621794380933        1.0000000000000000        6.9400066739805622E-310
  0.14498850145825831        2.5006722700407793E-005   4.8856503555327890E-004   1.0000000000000000E-002   1.2000000000000000E-002   1.0018576588943904        0.0000000000000000        1.0018576588943904        1.0000000000000000        6.9400066739805622E-310
  0.15498796406690546        2.6174738043351240E-005   5.1140263232518635E-004   1.0000000000000000E-002   1.2000000000000000E-002   1.0018529124334798        0.0000000000000000        1.0018529124334798        1.0000000000000000        6.9400066739805622E-310
  0.16498747417052612        2.7239374728848254E-005   5.3222270913355629E-004   1.0000000000000000E-002   1.2000000000000000E-002   1.0018479587849671        0.0000000000000000        1.0018479587849671        1.0000000000000000        6.9400066739805622E-310
  0.17498703370282417        2.8196436199362182E-005   5.5094307273773069E-004   1.0000000000000000E-002   1.2000000000000000E-002   1.0018428174963083        0.0000000000000000        1.0018428174963083        1.0000000000000000        6.9400066739805622E-310
  0.18498664440251031        2.9042151019967735E-005   5.6748980227450119E-004   1.0000000000000000E-002   1.2000000000000000E-002   1.0018375088554903        0.0000000000000000        1.0018375088554903        1.0000000000000000        6.9400066739805622E-310
  0.19498630780643575        2.9773187865320025E-005   5.8179751817277747E-004   1.0000000000000000E-002   1.2000000000000000E-002   1.0018320538111556        0.0000000000000000        1.0018320538111556        1.0000000000000000        6.9400066739805622E-310
  0.20498602524351775        3.0386669714078607E-005   5.9380969631206426E-004   1.0000000000000000E-002   1.2000000000000000E-002   1.0018264738899190        0.0000000000000000        1.0018264738899190        1.0000000000000000        6.9400066739805622E-310
  0.21498579782949001        3.0880184168963672E-005   6.0347880191002901E-004   1.0000000000000000E-002   1.2000000000000000E-002   1.0018207911116013        0.0000000000000000        1.0018207911116013        1.0000000000000000        6.9400066739805622E-310
  0.22498562646248429        3.1251792570150355E-005   6.1076661383463460E-004   1.0000000000000000E-002   1.2000000000000000E-002   1.0018150279023152        0.0000000000000000        1.0018150279023152        1.0000000000000000        6.9400066739805622E-310
  0.23498551181947988        3.1500037828681553E-005   6.1564427947669031E-004   1.0000000000000000E-002   1.2000000000000000E-002   1.0018092070057123        0.0000000000000000        1.0018092070057123        1.0000000000000000        6.9400066739805622E-310
  0.24498545435362232        3.1623951090677588E-005   6.1809241414678695E-004   1.0000000000000000E-002   1.2000000000000000E-002   1.0018033513935933        0.0000000000000000        1.0018033513935933        1.0000000000000000        6.9400066739805622E-310
  0.25498545429241842        3.1623053969704816E-005   6.1810131191375461E-004   1.0000000000000000E-002   1.2000000000000000E-002   1.0017974841749426        0.0000000000000000        1.0017974841749426        1.0000000000000000        6.9400066739805622E-310
  0.26498551163683709        3.1497359988197787E-005   6.1567074764834473E-004   1.0000000000000000E-002   1.2000000000000000E-002   1.0017916285050319        0.0000000000000000        1.0017916285050319        1.0000000000000000        6.9400066739805622E-310
  0.27498562616128031        3.1247376232505770E-005   6.1081030566256800E-004   1.0000000000000000E-002   1.2000000000000000E-002   1.0017858074938415        0.0000000000000000        1.0017858074938415        1.0000000000000000        6.9400066739805622E-310
  0.28498579741447733        3.0874099287377801E-005   6.0353897807541301E-004   1.0000000000000000E-002   1.2000000000000000E-002   1.0017800441148506        0.0000000000000000        1.0017800441148506        1.0000000000000000        6.9400066739805622E-310
  0.29498602472124119        3.0379012225898132E-005   5.9388540392557587E-004   1.0000000000000000E-002   1.2000000000000000E-002   1.0017743611146659        0.0000000000000000        1.0017743611146659        1.0000000000000000        6.9400066739805622E-310
  0.30498630718512953        2.9764078639998435E-005   5.8188760876376477E-004   1.0000000000000000E-002   1.2000000000000000E-002   1.0017687809226907        0.0000000000000000        1.0017687809226907        1.0000000000000000        6.9400066739805622E-310
  0.31498664369197305        2.9031733265548555E-005   5.6759284653562503E-004   1.0000000000000000E-002   1.2000000000000000E-002   1.0017633255628577        0.0000000000000000        1.0017633255628577        1.0000000000000000        6.9400066739805622E-310
  0.32498703291426295        2.8184874699993697E-005   5.5105742335470609E-004   1.0000000000000000E-002   1.2000000000000000E-002   1.0017580165669004        0.0000000000000000        1.0017580165669004        1.0000000000000000        6.9400066739805622E-310
  0.33498747331637779        2.7226851439085266E-005   5.3234655099920758E-004   1.0000000000000000E-002   1.2000000000000000E-002   1.0017528748891971        0.0000000000000000        1.0017528748891971        1.0000000000000000        6.9400066739805622E-310
  0.34498796316063973        2.6161450503769901E-005   5.1153402401116210E-004   1.0000000000000000E-002   1.2000000000000000E-002   1.0017479208238913        0.0000000000000000        1.0017479208238913        1.0000000000000000        6.9400066739805622E-310
  0.35498850051416525        2.4992880821380183E-005   4.8870195385042337E-004   1.0000000000000000E-002   1.2000000000000000E-002   1.0017431739247249        0.0000000000000000        1.0017431739247249        1.0000000000000000        6.9400066739805622E-310
  0.36498908325649343        2.3725757263893719E-005   4.6394032651964068E-004   1.0000000000000000E-002   1.2000000000000000E-002   1.0017386529283201        0.0000000000000000        1.0017386529283201        1.0000000000000000        6.9400066739805622E-310
  0.37498970908793733        2.2365082890608995E-005   4.3734697343200679E-004   1.0000000000000000E-002   1.2000000000000000E-002   1.0017343756796737        0.0000000000000000        1.0017343756796737        1.0000000000000000        6.9400066739805622E-310
  0.38499037553867543        2.0916228628334195E-005   4.0902676028053975E-004   1.0000000000000000E-002   1.2000000000000000E-002   1.0017303590616047        0.0000000000000000        1.0017303590616047        1.0000000000000000        6.9400066739805622E-310
  0.39499107997848726        1.9384911363384779E-005   3.7909143453251914E-004   1.0000000000000000E-002   1.2000000000000000E-002   1.0017266189288818        0.0000000000000000        1.0017266189288818        1.0000000000000000        6.9400066739805622E-310
  0.40499181962713132        1.7777172421642105E-005   3.4765925967317202E-004   1.0000000000000000E-002   1.2000000000000000E-002   1.0017231700446767        0.0000000000000000        1.0017231700446767        1.0000000000000000        6.9400066739805622E-310
  0.41499259156533286        1.6099353959815488E-005   3.1485422576338351E-004   1.0000000000000000E-002   1.2000000000000000E-002   1.0017200260226045        0.0000000000000000        1.0017200260226045        1.0000000000000000        6.9400066739805622E-310
  0.42499339274629622        1.4358072621619244E-005   2.8080584660106211E-004   1.0000000000000000E-002   1.2000000000000000E-002   1.0017171992734200        0.0000000000000000        1.0017171992734200        1.0000000000000000        6.9400066739805622E-310
  0.43499422000773591        1.2560194903236813E-005   2.4564860451192772E-004   1.0000000000000000E-002   1.2000000000000000E-002   1.0017147009553127        0.0000000000000000        1.0017147009553127        1.0000000000000000        6.9400066739805622E-310
  0.44499507008436762        1.0712809946618667E-005   2.0952131714402356E-004   1.0000000000000000E-002   1.2000000000000000E-002   1.0017125409298751        0.0000000000000000        1.0017125409298751        1.0000000000000000        6.9400066739805622E-310
  0.45499593962080243        8.8231999465044607E-006   1.7256657226116801E-004   1.0000000000000000E-002   1.2000000000000000E-002   1.0017107277236490        0.0000000000000000        1.0017107277236490        1.0000000000000000        6.9400066739805622E-310
  0.46499682518479102        6.8988143729639988E-006   1.3493030783084947E-004   1.0000000000000000E-002   1.2000000000000000E-002   1.0017092684944815        0.0000000000000000        1.0017092684944815        1.0000000000000000        6.9400066739805622E-310
  0.47499772328077672        4.9472382930250685E-006   9.6761272866174863E-005   1.0000000000000000E-002   1.2000000000000000E-002   1.0017081690022802        0.0000000000000000        1.0017081690022802        1.0000000000000000        6.9400066739805622E-310
  0.48499863036371943        2.9761637602440347E-006   5.8210006558034877E-005   1.0000000000000000E-002   1.2000000000000000E-002   1.0017074335872806        0.0000000000000000        1.0017074335872806        1.0000000000000000        6.9400066739805622E-310
  0.49499954285306907        9.9335961837005169E-007   1.9428914422192634E-005   1.0000000000000000E-002   1.2000000000000000E-002   1.0017070651527247        0.0000000000000000        1.0017070651527247        1.0000000000000000        6.9400066739805622E-310
  0.50500045714693065       -9.9335974962503269E-007  -1.9428898071716105E-005   1.0000000000000000E-002   1.2000000000000000E-002   1.0017070651526381        0.0000000000000000        1.0017070651526381        1.0000000000000000        6.9400066739805622E-310
  0.51500136963628251       -2.9761636072826818E-006  -5.8210039020956117E-005   1.0000000000000000E-002   1.2000000000000000E-002   1.0017074335872871        0.0000000000000000        1.0017074335872871        1.0000000000000000        6.9400066739805622E-310
  0.52500227671922262       -4.9472383000413253E-006  -9.6761233873365882E-005   1.0000000000000000E-002   1.2000000000000000E-002   1.0017081690022547        0.0000000000000000        1.0017081690022547        1.0000000000000000        6.9400066739805622E-310
  0.53500317481521142       -6.8988143717510934E-006  -1.3493034526312897E-004   1.0000000000000000E-002   1.2000000000000000E-002   1.0017092684944353        0.0000000000000000        1.0017092684944353        1.0000000000000000        6.9400066739805622E-310
  0.54500406037919835       -8.8231999529973969E-006  -1.7256658715947282E-004   1.0000000000000000E-002   1.2000000000000000E-002   1.0017107277238548        0.0000000000000000        1.0017107277238548        1.0000000000000000        6.9400066739805622E-310
  0.55500492991563011       -1.0712809783161072E-005  -2.0952127615814220E-004   1.0000000000000000E-002   1.2000000000000000E-002   1.0017125409299545        0.0000000000000000        1.0017125409299545        1.0000000000000000        6.9400066739805622E-310
  0.56500577999226320       -1.2560195197771478E-005  -2.4564860119369314E-004   1.0000000000000000E-002   1.2000000000000000E-002   1.0017147009551897        0.0000000000000000        1.0017147009551897        1.0000000000000000        6.9400066739805622E-310
  0.57500660725370445       -1.4358072733490380E-005  -2.8080586741907609E-004   1.0000000000000000E-002   1.2000000000000000E-002   1.0017171992733869        0.0000000000000000        1.0017171992733869        1.0000000000000000        6.9400066739805622E-310
  0.58500740843466670       -1.6099353805909859E-005  -3.1485420583088342E-004   1.0000000000000000E-002   1.2000000000000000E-002   1.0017200260225669        0.0000000000000000        1.0017200260225669        1.0000000000000000        6.9400066739805622E-310
  0.59500818037287007       -1.7777172395338787E-005  -3.4765927784174977E-004   1.0000000000000000E-002   1.2000000000000000E-002   1.0017231700446261        0.0000000000000000        1.0017231700446261        1.0000000000000000        6.9400066739805622E-310
  0.60500892002151352       -1.9384911080053936E-005  -3.7909143700964876E-004   1.0000000000000000E-002   1.2000000000000000E-002   1.0017266189289356        0.0000000000000000        1.0017266189289356        1.0000000000000000        6.9400066739805622E-310
  0.61500962446132457       -2.0916228764982351E-005  -4.0902674460507882E-004   1.0000000000000000E-002   1.2000000000000000E-002   1.0017303590615914        0.0000000000000000        1.0017303590615914        1.0000000000000000        6.9400066739805622E-310
  0.62501029091206384       -2.2365083177577243E-005  -4.3734698919362103E-004   1.0000000000000000E-002   1.2000000000000000E-002   1.0017343756796622        0.0000000000000000        1.0017343756796622        1.0000000000000000        6.9400066739805622E-310
  0.63501091674350696       -2.3725757216017513E-005  -4.6394032943908314E-004   1.0000000000000000E-002   1.2000000000000000E-002   1.0017386529283971        0.0000000000000000        1.0017386529283971        1.0000000000000000        6.9400066739805622E-310
  0.64501149948583414       -2.4992880736424425E-005  -4.8870193945838025E-004   1.0000000000000000E-002   1.2000000000000000E-002   1.0017431739247460        0.0000000000000000        1.0017431739247460        1.0000000000000000        6.9400066739805622E-310
  0.65501203683936027       -2.6161450331237879E-005  -5.1153402705672590E-004   1.0000000000000000E-002   1.2000000000000000E-002   1.0017479208238613        0.0000000000000000        1.0017479208238613        1.0000000000000000        6.9400066739805622E-310
  0.66501252668362232       -2.7226851693256129E-005  -5.3234655364686745E-004   1.0000000000000000E-002   1.2000000000000000E-002   1.0017528748891948        0.0000000000000000        1.0017528748891948        1.0000000000000000        6.9400066739805622E-310
  0.67501296708573699       -2.8184874479277368E-005  -5.5105741665606445E-004   1.0000000000000000E-002   1.2000000000000000E-002   1.0017580165668774        0.0000000000000000        1.0017580165668774        1.0000000000000000        6.9400066739805622E-310
  0.68501335630802751       -2.9031733370620796E-005  -5.6759284705520940E-004   1.0000000000000000E-002   1.2000000000000000E-002   1.0017633255628080        0.0000000000000000        1.0017633255628080        1.0000000000000000        6.9400066739805622E-310
  0.69501369281487146       -2.9764078433835861E-005  -5.8188761185196114E-004   1.0000000000000000E-002   1.2000000000000000E-002   1.0017687809226614        0.0000000000000000        1.0017687809226614        1.0000000000000000        6.9400066739805622E-310
  0.70501397527875997       -3.0379012470733395E-005  -5.9388541396554473E-004   1.0000000000000000E-002   1.2000000000000000E-002   1.0017743611146872        0.0000000000000000        1.0017743611146872        1.0000000000000000        6.9400066739805622E-310
  0.71501420258552340       -3.0874099296518039E-005  -6.0353898958176444E-004   1.0000000000000000E-002   1.2000000000000000E-002   1.0017800441149802        0.0000000000000000        1.0017800441149802        1.0000000000000000        6.9400066739805622E-310
  0.72501437383871792       -3.1247376239375146E-005  -6.1081027283194089E-004   1.0000000000000000E-002   1.2000000000000000E-002   1.0017858074938633        0.0000000000000000        1.0017858074938633        1.0000000000000000        6.9400066739805622E-310
  0.73501448836316341       -3.1497360023140288E-005  -6.1567077500157552E-004   1.0000000000000000E-002   1.2000000000000000E-002   1.0017916285050386        0.0000000000000000        1.0017916285050386        1.0000000000000000        6.9400066739805622E-310
  0.74501454570757963       -3.1623053926419989E-005  -6.1810128049444302E-004   1.0000000000000000E-002   1.2000000000000000E-002   1.0017974841749278        0.0000000000000000        1.0017974841749278        1.0000000000000000        6.9400066739805622E-310
  0.75501454564637849       -3.1623951315360944E-005  -6.1809244427912802E-004   1.0000000000000000E-002   1.2000000000000000E-002   1.0018033513935685        0.0000000000000000        1.0018033513935685        1.0000000000000000        6.9400066739805622E-310
  0.76501448818051876       -3.1500037688074876E-005  -6.1564425568239045E-004   1.0000000000000000E-002   1.2000000000000000E-002   1.0018092070057230        0.0000000000000000        1.0018092070057230        1.0000000000000000        6.9400066739805622E-310
  0.77501437353751612       -3.1251792333150251E-005  -6.1076662743708710E-004   1.0000000000000000E-002   1.2000000000000000E-002   1.0018150279022719        0.0000000000000000        1.0018150279022719        1.0000000000000000        6.9400066739805622E-310
  0.78501420217050966       -3.0880184156806106E-005  -6.0347879542010929E-004   1.0000000000000000E-002   1.2000000000000000E-002   1.0018207911115955        0.0000000000000000        1.0018207911115955        1.0000000000000000        6.9400066739805622E-310
  0.79501397475648272       -3.0386669858384439E-005  -5.9380970561750956E-004   1.0000000000000000E-002   1.2000000000000000E-002   1.0018264738899234        0.0000000000000000        1.0018264738899234        1.0000000000000000        6.9400066739805622E-310
  0.80501369219356378       -2.9773187960146665E-005  -5.8179750344322656E-004   1.0000000000000000E-002   1.2000000000000000E-002   1.0018320538111369        0.0000000000000000        1.0018320538111369        1.0000000000000000        6.9400066739805622E-310
  0.81501335559749055       -2.9042150908179640E-005  -5.6748981501009155E-004   1.0000000000000000E-002   1.2000000000000000E-002   1.0018375088554601        0.0000000000000000        1.0018375088554601        1.0000000000000000        6.9400066739805622E-310
  0.82501296629717602       -2.8196436258512784E-005  -5.5094306463754350E-004   1.0000000000000000E-002   1.2000000000000000E-002   1.0018428174963034        0.0000000000000000        1.0018428174963034        1.0000000000000000        6.9400066739805622E-310
  0.83501252582947472       -2.7239374796395431E-005  -5.3222271179897973E-004   1.0000000000000000E-002   1.2000000000000000E-002   1.0018479587849303        0.0000000000000000        1.0018479587849303        1.0000000000000000        6.9400066739805622E-310
  0.84501203593309560       -2.6174737934151201E-005  -5.1140263453142154E-004   1.0000000000000000E-002   1.2000000000000000E-002   1.0018529124334770        0.0000000000000000        1.0018529124334770        1.0000000000000000        6.9400066739805622E-310
  0.85501149854174241       -2.5006722574197224E-005  -4.8856502635530319E-004   1.0000000000000000E-002   1.2000000000000000E-002   1.0018576588943477        0.0000000000000000        1.0018576588943477        1.0000000000000000        6.9400066739805622E-310
  0.86501091577648037       -2.3739935523125046E-005  -4.6380014460734031E-004   1.0000000000000000E-002   1.2000000000000000E-002   1.0018621794381579        0.0000000000000000        1.0018621794381579        1.0000000000000000        6.9400066739805622E-310
  0.87501028993734797       -2.2379374072640810E-005  -4.3720562367166593E-004   1.0000000000000000E-002   1.2000000000000000E-002   1.0018664562270536        0.0000000000000000        1.0018664562270536        1.0000000000000000        6.9400066739805622E-310
  0.88500962349429546       -2.0930406785863387E-005  -4.0888652223891597E-004   1.0000000000000000E-002   1.2000000000000000E-002   1.0018704723850864        0.0000000000000000        1.0018704723850864        1.0000000000000000        6.9400066739805622E-310
  0.89500891907742186       -1.9398753253148234E-005  -3.7895456040271114E-004   1.0000000000000000E-002   1.2000000000000000E-002   1.0018742120652171        0.0000000000000000        1.0018742120652171        1.0000000000000000        6.9400066739805622E-310
  0.90500817946660206       -1.7790459837151417E-005  -3.4752783353830807E-004   1.0000000000000000E-002   1.2000000000000000E-002   1.0018776605112096        0.0000000000000000        1.0018776605112096        1.0000000000000000        6.9400066739805622E-310
  0.91500740758051979       -1.6111877201407197E-005  -3.1473038828799815E-004   1.0000000000000000E-002   1.2000000000000000E-002   1.0018808041163441        0.0000000000000000        1.0018808041163441        1.0000000000000000        6.9400066739805622E-310
  0.92500660646514410       -1.4369634177141484E-005  -2.8069150864595827E-004   1.0000000000000000E-002   1.2000000000000000E-002   1.0018836304765770        0.0000000000000000        1.0018836304765770        1.0000000000000000        6.9400066739805622E-310
  0.93500577928172790       -1.2570612726420249E-005  -2.4554556964506702E-004   1.0000000000000000E-002   1.2000000000000000E-002   1.0018861284396268        0.0000000000000000        1.0018861284396268        1.0000000000000000        6.9400066739805622E-310
  0.94500492929432633       -1.0721919435727136E-005  -2.0943123479888470E-004   1.0000000000000000E-002   1.2000000000000000E-002   1.0018882881496571        0.0000000000000000        1.0018882881496571        1.0000000000000000        6.9400066739805622E-310
  0.95500405985691839       -8.8308572462182522E-006  -1.7249081786818721E-004   1.0000000000000000E-002   1.2000000000000000E-002   1.0018901010849661        0.0000000000000000        1.0018901010849661        1.0000000000000000        6.9400066739805622E-310
  0.96500317440019689       -6.9048991180366961E-006  -1.3487015642965616E-004   1.0000000000000000E-002   1.2000000000000000E-002   1.0018915600921661        0.0000000000000000        1.0018915600921661        1.0000000000000000        6.9400066739805622E-310
  0.97500227641801929       -4.9516543473941973E-006  -9.6717576761662372E-005   1.0000000000000000E-002   1.2000000000000000E-002   1.0018926594147686        0.0000000000000000        1.0018926594147686        1.0000000000000000        6.9400066739805622E-310
  0.98500136945363825       -2.9788415056508316E-006  -5.8183542103407149E-005   1.0000000000000000E-002   1.2000000000000000E-002   1.0018933947151529        0.0000000000000000        1.0018933947151529        1.0000000000000000        6.9400066739805622E-310
  0.99500045708572815       -9.9425707772489820E-007  -1.9420042634443746E-005   1.0000000000000000E-002   1.2000000000000000E-002   1.0018937630920730        0.0000000000000000        1.0018937630920730        1.0000000000000000        6.9400066739805622E-310
   1.0049995429142708        9.9426271500859602E-007   1.9519224247588340E-005   1.0000000000000000E-002   1.2000000000000000E-002   1.0018937630920250        0.0000000000000000        1.0018937630920250        1.0000000000000000        6.9400066739805622E-310
   1.0149986305463619        2.9788588281302170E-006   5.8480649865799705E-005   1.0000000000000000E-002   1.2000000000000000E-002   1.0018933947150945        0.0000000000000000        1.0018933947150945        1.0000000000000000        6.9400066739805622E-310
   1.0249977235819812        4.9516827751983178E-006   9.7211432461108416E-005   1.0000000000000000E-002   1.2000000000000000E-002   1.0018926594147963        0.0000000000000000        1.0018926594147963        1.0000000000000000        6.9400066739805622E-310
   1.0349968255998026        6.9049390432314713E-006   1.3555884948512897E-004   1.0000000000000000E-002   1.2000000000000000E-002   1.0018915600922207        0.0000000000000000        1.0018915600922207        1.0000000000000000        6.9400066739805622E-310
   1.0449959401430806        8.8309083512169234E-006   1.7337158638763839E-004   1.0000000000000000E-002   1.2000000000000000E-002   1.0018901010848893        0.0000000000000000        1.0018901010848893        1.0000000000000000        6.9400066739805622E-310
  -4.9995429142718484E-003  -9.9437608950985850E-007  -3.5767633061438002E+077   1.0000000000000000E-002   1.2000000000000000E-002   1.0018937630920730        0.0000000000000000        1.0018937630920730        1.0000000000000000        6.9400066739805622E-310
  -1.4998630546361746E-002  -2.9791980327562698E-006   0.0000000000000000        1.0000000000000000E-002   1.2000000000000000E-002   1.0018933947151529        0.0000000000000000        1.0018933947151529        1.0000000000000000        6.9400066739805622E-310
  -2.4997723581980713E-002  -4.9522469973499744E-006  -3.5767633061438002E+077   1.0000000000000000E-002   1.2000000000000000E-002   1.0018926594147686        0.0000000000000000        1.0018926594147686        1.0000000000000000        6.9400066739805622E-310
  -3.4996825599803105E-002  -6.9057255392092580E-006   6.9400068546417920E-310   1.0000000000000000E-002   1.2000000000000000E-002   1.0018915600921661        0.0000000000000000        1.0018915600921661        1.0000000000000000        6.9400066739805622E-310
  -4.4995940143081614E-002  -8.8319141324234717E-006   6.9400066883177543E-310   1.0000000000000000E-002   1.2000000000000000E-002   1.0018901010849661        0.0000000000000000        1.0018901010849661        1.0000000000000000        6.9400066739805622E-310
