 # x, v, a, m, h, rho, u, P, c, ke
   1.6511999999999818     
   4.9995310076784332E-003  -7.2121614464030956E-007   1.9930878594642820E-005   1.0000000000000000E-002   1.2000000000000000E-002   1.0018961950055647        0.0000000000000000        1.0018961950055647        1.0000000000000000        6.9400066739805622E-310
   1.4998594874023359E-002  -2.1608056457509817E-006   5.9713907372582753E-005   1.0000000000000000E-002   1.2000000000000000E-002   1.0018958169379364        0.0000000000000000        1.0018958169379364        1.0000000000000000        6.9400066739805622E-310
   2.4997664286016671E-002  -3.5918788278632293E-006   9.9261208601930662E-005   1.0000000000000000E-002   1.2000000000000000E-002   1.0018950622960769        0.0000000000000000        1.0018950622960769        1.0000000000000000        6.9400066739805622E-310
   3.4996742916431019E-002  -5.0087949878389479E-006   1.3841668166225674E-004   1.0000000000000000E-002   1.2000000000000000E-002   1.0018939340602824        0.0000000000000000        1.0018939340602824        1.0000000000000000        6.9400066739805622E-310
   4.4995834401654826E-002  -6.4059695156226944E-006   1.7702569240007904E-004   1.0000000000000000E-002   1.2000000000000000E-002   1.0018924366865523        0.0000000000000000        1.0018924366865523        1.0000000000000000        6.9400066739805622E-310
   5.4994942327331174E-002  -7.7778944261461814E-006   2.1493586521170727E-004   1.0000000000000000E-002   1.2000000000000000E-002   1.0018905760888299        0.0000000000000000        1.0018905760888299        1.0000000000000000        6.9400066739805622E-310
   6.4994070214209887E-002  -9.1191617729072922E-006   2.5199755290206127E-004   1.0000000000000000E-002   1.2000000000000000E-002   1.0018883596152877        0.0000000000000000        1.0018883596152877        1.0000000000000000        6.9400066739805622E-310
   7.4993221504250460E-002  -1.0424484023055701E-005   2.8806443319062680E-004   1.0000000000000000E-002   1.2000000000000000E-002   1.0018857960195426        0.0000000000000000        1.0018857960195426        1.0000000000000000        6.9400066739805622E-310
   8.4992399547034067E-002  -1.1688714162671533E-005   3.2299413366754237E-004   1.0000000000000000E-002   1.2000000000000000E-002   1.0018828954260222        0.0000000000000000        1.0018828954260222        1.0000000000000000        6.9400066739805622E-310
   9.4991607586542640E-002  -1.2906866674437843E-005   3.5664878978458603E-004   1.0000000000000000E-002   1.2000000000000000E-002   1.0018796692897625        0.0000000000000000        1.0018796692897625        1.0000000000000000        6.9400066739805622E-310
  0.10499084874835560       -1.4074137631154342E-005   3.8889557887067383E-004   1.0000000000000000E-002   1.2000000000000000E-002   1.0018761303509720        0.0000000000000000        1.0018761303509720        1.0000000000000000        6.9400066739805622E-310
  0.11499012602731627       -1.5185922597145602E-005   4.1960717936717629E-004   1.0000000000000000E-002   1.2000000000000000E-002   1.0018722925848902        0.0000000000000000        1.0018722925848902        1.0000000000000000        6.9400066739805622E-310
  0.12498944227570603       -1.6237835215428788E-005   4.4866240509477961E-004   1.0000000000000000E-002   1.2000000000000000E-002   1.0018681711464512        0.0000000000000000        1.0018681711464512        1.0000000000000000        6.9400066739805622E-310
  0.13498880019199105       -1.7225724534793630E-005   4.7594658634864118E-004   1.0000000000000000E-002   1.2000000000000000E-002   1.0018637823101113        0.0000000000000000        1.0018637823101113        1.0000000000000000        6.9400066739805622E-310
  0.14498820231017234       -1.8145691376752310E-005   5.0135202946322011E-004   1.0000000000000000E-002   1.2000000000000000E-002   1.0018591434057202        0.0000000000000000        1.0018591434057202        1.0000000000000000        6.9400066739805622E-310
  0.15498765098978293       -1.8994103758323075E-005   5.2477850586818420E-004   1.0000000000000000E-002   1.2000000000000000E-002   1.0018542727498492        0.0000000000000000        1.0018542727498492        1.0000000000000000        6.9400066739805622E-310
  0.16498714840657980       -1.9767610823372594E-005   5.4613356376798095E-004   1.0000000000000000E-002   1.2000000000000000E-002   1.0018491895733341        0.0000000000000000        1.0018491895733341        1.0000000000000000        6.9400066739805622E-310
  0.17498669654395638       -2.0463156922899463E-005   5.6533293117144723E-004   1.0000000000000000E-002   1.2000000000000000E-002   1.0018439139454480        0.0000000000000000        1.0018439139454480        1.0000000000000000        6.9400066739805622E-310
  0.18498629718511433       -2.1077992841515106E-005   5.8230088994282170E-004   1.0000000000000000E-002   1.2000000000000000E-002   1.0018384666943614        0.0000000000000000        1.0018384666943614        1.0000000000000000        6.9400066739805622E-310
  0.19498595190603121       -2.1609687448481569E-005   5.9697048763407423E-004   1.0000000000000000E-002   1.2000000000000000E-002   1.0018328693248579        0.0000000000000000        1.0018328693248579        1.0000000000000000        6.9400066739805622E-310
  0.20498566206923963       -2.2056136697323644E-005   6.0928386290459713E-004   1.0000000000000000E-002   1.2000000000000000E-002   1.0018271439334732        0.0000000000000000        1.0018271439334732        1.0000000000000000        6.9400066739805622E-310
  0.21498542881845298       -2.2415572713535347E-005   6.1919244696184705E-004   1.0000000000000000E-002   1.2000000000000000E-002   1.0018213131211831        0.0000000000000000        1.0018213131211831        1.0000000000000000        6.9400066739805622E-310
  0.22498525307405087       -2.2686570346086270E-005   6.2665723691157638E-004   1.0000000000000000E-002   1.2000000000000000E-002   1.0018153999038313        0.0000000000000000        1.0018153999038313        1.0000000000000000        6.9400066739805622E-310
  0.23498513552945735       -2.2868053065010213E-005   6.3164876495314104E-004   1.0000000000000000E-002   1.2000000000000000E-002   1.0018094276214096        0.0000000000000000        1.0018094276214096        1.0000000000000000        6.9400066739805622E-310
  0.24498507664839947       -2.2959297244981516E-005   6.3414737826761325E-004   1.0000000000000000E-002   1.2000000000000000E-002   1.0018034198461701        0.0000000000000000        1.0018034198461701        1.0000000000000000        6.9400066739805622E-310
  0.25498507666308134       -2.2959935513204821E-005   6.3414327294264439E-004   1.0000000000000000E-002   1.2000000000000000E-002   1.0017974002892742        0.0000000000000000        1.0017974002892742        1.0000000000000000        6.9400066739805622E-310
  0.26498513557327008       -2.2869957617635654E-005   6.3163654251940926E-004   1.0000000000000000E-002   1.2000000000000000E-002   1.0017913927070647        0.0000000000000000        1.0017913927070647        1.0000000000000000        6.9400066739805622E-310
  0.27498525314630395       -2.2689711127149844E-005   6.2663707837362637E-004   1.0000000000000000E-002   1.2000000000000000E-002   1.0017854208075885        0.0000000000000000        1.0017854208075885        1.0000000000000000        6.9400066739805622E-310
  0.28498542891800616       -2.2419900408227084E-005   6.1916469295830723E-004   1.0000000000000000E-002   1.2000000000000000E-002   1.0017795081570007        0.0000000000000000        1.0017795081570007        1.0000000000000000        6.9400066739805622E-310
  0.29498566219452543       -2.2061582857485398E-005   6.0924889738167565E-004   1.0000000000000000E-002   1.2000000000000000E-002   1.0017736780865010        0.0000000000000000        1.0017736780865010        1.0000000000000000        6.9400066739805622E-310
  0.30498595205507162       -2.1616166175321917E-005   5.9692891548035476E-004   1.0000000000000000E-002   1.2000000000000000E-002   1.0017679536002355        0.0000000000000000        1.0017679536002355        1.0000000000000000        6.9400066739805622E-310
  0.31498629735556005       -2.1085402080407945E-005   5.8225333583727945E-004   1.0000000000000000E-002   1.2000000000000000E-002   1.0017623572847947        0.0000000000000000        1.0017623572847947        1.0000000000000000        6.9400066739805622E-310
  0.32498669673311859       -2.0471379737979032E-005   5.6528016050894081E-004   1.0000000000000000E-002   1.2000000000000000E-002   1.0017569112201810        0.0000000000000000        1.0017569112201810        1.0000000000000000        6.9400066739805622E-310
  0.33498714861147538       -1.9776517605188015E-005   5.4607640208992336E-004   1.0000000000000000E-002   1.2000000000000000E-002   1.0017516368924022        0.0000000000000000        1.0017516368924022        1.0000000000000000        6.9400066739805622E-310
  0.34498765120718061       -1.9003553920789941E-005   5.2471784707730507E-004   1.0000000000000000E-002   1.2000000000000000E-002   1.0017465551092115        0.0000000000000000        1.0017465551092115        1.0000000000000000        6.9400066739805622E-310
  0.35498820253664209       -1.8155536186592167E-005   5.0128886509259729E-004   1.0000000000000000E-002   1.2000000000000000E-002   1.0017416859177708        0.0000000000000000        1.0017416859177708        1.0000000000000000        6.9400066739805622E-310
  0.36498880042396320       -1.7235808447606769E-005   4.7588187052571840E-004   1.0000000000000000E-002   1.2000000000000000E-002   1.0017370485258548        0.0000000000000000        1.0017370485258548        1.0000000000000000        6.9400066739805622E-310
  0.37498944250952171       -1.6247999145513326E-005   4.4859717891032602E-004   1.0000000000000000E-002   1.2000000000000000E-002   1.0017326612262942        0.0000000000000000        1.0017326612262942        1.0000000000000000        6.9400066739805622E-310
  0.38499012625928808       -1.5196006484974804E-005   4.1954247840081393E-004   1.0000000000000000E-002   1.2000000000000000E-002   1.0017285413245540        0.0000000000000000        1.0017285413245540        1.0000000000000000        6.9400066739805622E-310
  0.39499084897482689       -1.4083982241631581E-005   3.8883238296261169E-004   1.0000000000000000E-002   1.2000000000000000E-002   1.0017247050710281        0.0000000000000000        1.0017247050710281        1.0000000000000000        6.9400066739805622E-310
  0.40499160780393967       -1.2916317054026193E-005   3.5658813991368277E-004   1.0000000000000000E-002   1.2000000000000000E-002   1.0017211675967705        0.0000000000000000        1.0017211675967705        1.0000000000000000        6.9400066739805622E-310
  0.41499239975192853       -1.1697620901136304E-005   3.2293697797403098E-004   1.0000000000000000E-002   1.2000000000000000E-002   1.0017179428537644        0.0000000000000000        1.0017179428537644        1.0000000000000000        6.9400066739805622E-310
  0.42499322169341103       -1.0432706868713447E-005   2.8801167632952485E-004   1.0000000000000000E-002   1.2000000000000000E-002   1.0017150435602675        0.0000000000000000        1.0017150435602675        1.0000000000000000        6.9400066739805622E-310
  0.43499407038465526       -9.1265711464125035E-006   2.5194998524735723E-004   1.0000000000000000E-002   1.2000000000000000E-002   1.0017124811509861        0.0000000000000000        1.0017124811509861        1.0000000000000000        6.9400066739805622E-310
  0.44499494247637095       -7.7843731788890156E-006   2.1489429243182201E-004   1.0000000000000000E-002   1.2000000000000000E-002   1.0017102657315813        0.0000000000000000        1.0017102657315813        1.0000000000000000        6.9400066739805622E-310
  0.45499583452693931       -6.4114155134077760E-006   1.7699074751131860E-004   1.0000000000000000E-002   1.2000000000000000E-002   1.0017084060388737        0.0000000000000000        1.0017084060388737        1.0000000000000000        6.9400066739805622E-310
  0.46499674301598531       -5.0131225727565720E-006   1.3838889541517574E-004   1.0000000000000000E-002   1.2000000000000000E-002   1.0017069094069957        0.0000000000000000        1.0017069094069957        1.0000000000000000        6.9400066739805622E-310
  0.47499766435826857       -3.5950197865148155E-006   9.9241077998080129E-005   1.0000000000000000E-002   1.2000000000000000E-002   1.0017057817379846        0.0000000000000000        1.0017057817379846        1.0000000000000000        6.9400066739805622E-310
  0.48499859491783687       -2.1627102778637957E-006   5.9701670703127263E-005   1.0000000000000000E-002   1.2000000000000000E-002   1.0017050274789998        0.0000000000000000        1.0017050274789998        1.0000000000000000        6.9400066739805622E-310
  0.49499953102236061       -7.2185426611278480E-007   1.9926778170642478E-005   1.0000000000000000E-002   1.2000000000000000E-002   1.0017046496044590        0.0000000000000000        1.0017046496044590        1.0000000000000000        6.9400066739805622E-310
  0.50500046897763939        7.2185431185755107E-007  -1.9926769161848767E-005   1.0000000000000000E-002   1.2000000000000000E-002   1.0017046496044111        0.0000000000000000        1.0017046496044111        1.0000000000000000        6.9400066739805622E-310
  0.51500140508216441        2.1627104368225052E-006  -5.9701694787861470E-005   1.0000000000000000E-002   1.2000000000000000E-002   1.0017050274790300        0.0000000000000000        1.0017050274790300        1.0000000000000000        6.9400066739805622E-310
  0.52500233564173071        3.5950194741630699E-006  -9.9241057109011876E-005   1.0000000000000000E-002   1.2000000000000000E-002   1.0017057817380273        0.0000000000000000        1.0017057817380273        1.0000000000000000        6.9400066739805622E-310
  0.53500325698401496        5.0131225581175802E-006  -1.3838890009232330E-004   1.0000000000000000E-002   1.2000000000000000E-002   1.0017069094069604        0.0000000000000000        1.0017069094069604        1.0000000000000000        6.9400066739805622E-310
  0.54500416547306085        6.4114156883782158E-006  -1.7699074682386851E-004   1.0000000000000000E-002   1.2000000000000000E-002   1.0017084060388664        0.0000000000000000        1.0017084060388664        1.0000000000000000        6.9400066739805622E-310
  0.55500505752362939        7.7843729930558772E-006  -2.1489429499332857E-004   1.0000000000000000E-002   1.2000000000000000E-002   1.0017102657315717        0.0000000000000000        1.0017102657315717        1.0000000000000000        6.9400066739805622E-310
  0.56500592961534524        9.1265712906256345E-006  -2.5194999537880847E-004   1.0000000000000000E-002   1.2000000000000000E-002   1.0017124811510414        0.0000000000000000        1.0017124811510414        1.0000000000000000        6.9400066739805622E-310
  0.57500677830658797        1.0432707051879887E-005  -2.8801165205916135E-004   1.0000000000000000E-002   1.2000000000000000E-002   1.0017150435602531        0.0000000000000000        1.0017150435602531        1.0000000000000000        6.9400066739805622E-310
  0.58500760024807230        1.1697620764293183E-005  -3.2293698940044635E-004   1.0000000000000000E-002   1.2000000000000000E-002   1.0017179428536978        0.0000000000000000        1.0017179428536978        1.0000000000000000        6.9400066739805622E-310
  0.59500839219606072        1.2916316832528700E-005  -3.5658812960459585E-004   1.0000000000000000E-002   1.2000000000000000E-002   1.0017211675967097        0.0000000000000000        1.0017211675967097        1.0000000000000000        6.9400066739805622E-310
  0.60500915102517527        1.4083982434825439E-005  -3.8883241697629245E-004   1.0000000000000000E-002   1.2000000000000000E-002   1.0017247050710643        0.0000000000000000        1.0017247050710643        1.0000000000000000        6.9400066739805622E-310
  0.61500987374071170        1.5196006403890910E-005  -4.1954246989917010E-004   1.0000000000000000E-002   1.2000000000000000E-002   1.0017285413247186        0.0000000000000000        1.0017285413247186        1.0000000000000000        6.9400066739805622E-310
  0.62501055749047663        1.6247999221960001E-005  -4.4859714607969892E-004   1.0000000000000000E-002   1.2000000000000000E-002   1.0017326612262598        0.0000000000000000        1.0017326612262598        1.0000000000000000        6.9400066739805622E-310
  0.63501119957603758        1.7235808391323001E-005  -4.7588189361036370E-004   1.0000000000000000E-002   1.2000000000000000E-002   1.0017370485257839        0.0000000000000000        1.0017370485257839        1.0000000000000000        6.9400066739805622E-310
  0.64501179746335779        1.8155536138027056E-005  -5.0128885747735552E-004   1.0000000000000000E-002   1.2000000000000000E-002   1.0017416859177686        0.0000000000000000        1.0017416859177686        1.0000000000000000        6.9400066739805622E-310
  0.65501234879282000        1.9003553989463503E-005  -5.2471784593510762E-004   1.0000000000000000E-002   1.2000000000000000E-002   1.0017465551091669        0.0000000000000000        1.0017465551091669        1.0000000000000000        6.9400066739805622E-310
  0.66501285138852539        1.9776517550125086E-005  -5.4607639447645795E-004   1.0000000000000000E-002   1.2000000000000000E-002   1.0017516368923207        0.0000000000000000        1.0017516368923207        1.0000000000000000        6.9400066739805622E-310
  0.67501330326688380        2.0471379748785329E-005  -5.6528018476686981E-004   1.0000000000000000E-002   1.2000000000000000E-002   1.0017569112201721        0.0000000000000000        1.0017569112201721        1.0000000000000000        6.9400066739805622E-310
  0.68501370264444095        2.1085402066758097E-005  -5.8225333064143570E-004   1.0000000000000000E-002   1.2000000000000000E-002   1.0017623572848784        0.0000000000000000        1.0017623572848784        1.0000000000000000        6.9400066739805622E-310
  0.69501404794492883        2.1616166211967957E-005  -5.9692890688989309E-004   1.0000000000000000E-002   1.2000000000000000E-002   1.0017679536002486        0.0000000000000000        1.0017679536002486        1.0000000000000000        6.9400066739805622E-310
  0.70501433780547551        2.2061582888108631E-005  -6.0924891095570644E-004   1.0000000000000000E-002   1.2000000000000000E-002   1.0017736780865436        0.0000000000000000        1.0017736780865436        1.0000000000000000        6.9400066739805622E-310
  0.71501457108199340        2.2419900185066069E-005  -6.1916468158607074E-004   1.0000000000000000E-002   1.2000000000000000E-002   1.0017795081570495        0.0000000000000000        1.0017795081570495        1.0000000000000000        6.9400066739805622E-310
  0.72501474685369593        2.2689711254720108E-005  -6.2663707726517970E-004   1.0000000000000000E-002   1.2000000000000000E-002   1.0017854208075827        0.0000000000000000        1.0017854208075827        1.0000000000000000        6.9400066739805622E-310
  0.73501486442672959        2.2869957633302257E-005  -6.3163653217834792E-004   1.0000000000000000E-002   1.2000000000000000E-002   1.0017913927070052        0.0000000000000000        1.0017913927070052        1.0000000000000000        6.9400066739805622E-310
  0.74501492333691988        2.2959935665190070E-005  -6.3414329258826285E-004   1.0000000000000000E-002   1.2000000000000000E-002   1.0017974002892580        0.0000000000000000        1.0017974002892580        1.0000000000000000        6.9400066739805622E-310
  0.75501492335160048        2.2959297131531935E-005  -6.3414736490674528E-004   1.0000000000000000E-002   1.2000000000000000E-002   1.0018034198461809        0.0000000000000000        1.0018034198461809        1.0000000000000000        6.9400066739805622E-310
  0.76501486447054357        2.2868053137822547E-005  -6.3164877377985817E-004   1.0000000000000000E-002   1.2000000000000000E-002   1.0018094276214002        0.0000000000000000        1.0018094276214002        1.0000000000000000        6.9400066739805622E-310
  0.77501474692594929        2.2686570214792151E-005  -6.2665722867905060E-004   1.0000000000000000E-002   1.2000000000000000E-002   1.0018153999038275        0.0000000000000000        1.0018153999038275        1.0000000000000000        6.9400066739805622E-310
  0.78501457118154805        2.2415572721130349E-005  -6.1919246389940952E-004   1.0000000000000000E-002   1.2000000000000000E-002   1.0018213131212164        0.0000000000000000        1.0018213131212164        1.0000000000000000        6.9400066739805622E-310
  0.79501433793075993        2.2056136783135644E-005  -6.0928385792990980E-004   1.0000000000000000E-002   1.2000000000000000E-002   1.0018271439335618        0.0000000000000000        1.0018271439335618        1.0000000000000000        6.9400066739805622E-310
  0.80501404809396793        2.1609687431921136E-005  -5.9697048587281643E-004   1.0000000000000000E-002   1.2000000000000000E-002   1.0018328693249150        0.0000000000000000        1.0018328693249150        1.0000000000000000        6.9400066739805622E-310
  0.81501370281488406        2.1077992842534411E-005  -5.8230087786892426E-004   1.0000000000000000E-002   1.2000000000000000E-002   1.0018384666943556        0.0000000000000000        1.0018384666943556        1.0000000000000000        6.9400066739805622E-310
  0.82501330345604296        2.0463156823163780E-005  -5.6533293854776900E-004   1.0000000000000000E-002   1.2000000000000000E-002   1.0018439139454220        0.0000000000000000        1.0018439139454220        1.0000000000000000        6.9400066739805622E-310
  0.83501285159341909        1.9767610899078207E-005  -5.4613355086097215E-004   1.0000000000000000E-002   1.2000000000000000E-002   1.0018491895732848        0.0000000000000000        1.0018491895732848        1.0000000000000000        6.9400066739805622E-310
  0.84501234901021738        1.8994103673961880E-005  -5.2477851835863731E-004   1.0000000000000000E-002   1.2000000000000000E-002   1.0018542727497901        0.0000000000000000        1.0018542727497901        1.0000000000000000        6.9400066739805622E-310
  0.85501179768982793        1.8145691467707670E-005  -5.0135203928647343E-004   1.0000000000000000E-002   1.2000000000000000E-002   1.0018591434057695        0.0000000000000000        1.0018591434057695        1.0000000000000000        6.9400066739805622E-310
  0.86501119980800800        1.7225724488296445E-005  -4.7594656745175712E-004   1.0000000000000000E-002   1.2000000000000000E-002   1.0018637823101160        0.0000000000000000        1.0018637823101160        1.0000000000000000        6.9400066739805622E-310
  0.87501055772429415        1.6237835193899274E-005  -4.4866241204388757E-004   1.0000000000000000E-002   1.2000000000000000E-002   1.0018681711464030        0.0000000000000000        1.0018681711464030        1.0000000000000000        6.9400066739805622E-310
  0.88500987397268394        1.5185922613126403E-005  -4.1960718712807932E-004   1.0000000000000000E-002   1.2000000000000000E-002   1.0018722925849097        0.0000000000000000        1.0018722925849097        1.0000000000000000        6.9400066739805622E-310
  0.89500915125164415        1.4074137750100319E-005  -3.8889558013366354E-004   1.0000000000000000E-002   1.2000000000000000E-002   1.0018761303510326        0.0000000000000000        1.0018761303510326        1.0000000000000000        6.9400066739805622E-310
  0.90500839241345621        1.2906866741542582E-005  -3.5664877732077827E-004   1.0000000000000000E-002   1.2000000000000000E-002   1.0018796692897678        0.0000000000000000        1.0018796692897678        1.0000000000000000        6.9400066739805622E-310
  0.91500760045296570        1.1688714068715669E-005  -3.2299414586223207E-004   1.0000000000000000E-002   1.2000000000000000E-002   1.0018828954260295        0.0000000000000000        1.0018828954260295        1.0000000000000000        6.9400066739805622E-310
  0.92500677849574819        1.0424483996970859E-005  -2.8806441343132150E-004   1.0000000000000000E-002   1.2000000000000000E-002   1.0018857960195200        0.0000000000000000        1.0018857960195200        1.0000000000000000        6.9400066739805622E-310
  0.93500592978579022        9.1191619187704112E-006  -2.5199755977833860E-004   1.0000000000000000E-002   1.2000000000000000E-002   1.0018883596151966        0.0000000000000000        1.0018883596151966        1.0000000000000000        6.9400066739805622E-310
  0.94500505767266962        7.7778944907026738E-006  -2.1493588464860380E-004   1.0000000000000000E-002   1.2000000000000000E-002   1.0018905760888657        0.0000000000000000        1.0018905760888657        1.0000000000000000        6.9400066739805622E-310
  0.95500416559834433        6.4059693511793749E-006  -1.7702567155009064E-004   1.0000000000000000E-002   1.2000000000000000E-002   1.0018924366865818        0.0000000000000000        1.0018924366865818        1.0000000000000000        6.9400066739805622E-310
  0.96500325708356904        5.0087950351034415E-006  -1.3841668376635141E-004   1.0000000000000000E-002   1.2000000000000000E-002   1.0018939340602209        0.0000000000000000        1.0018939340602209        1.0000000000000000        6.9400066739805622E-310
  0.97500233571398409        3.5918787775802505E-006  -9.9261231489400359E-005   1.0000000000000000E-002   1.2000000000000000E-002   1.0018950622961362        0.0000000000000000        1.0018950622961362        1.0000000000000000        6.9400066739805622E-310
  0.98500140512597534        2.1608057265311027E-006  -5.9713889170254220E-005   1.0000000000000000E-002   1.2000000000000000E-002   1.0018958169380132        0.0000000000000000        1.0018958169380132        1.0000000000000000        6.9400066739805622E-310
  0.99500046899232064        7.2121605280443404E-007  -1.9930878563556576E-005   1.0000000000000000E-002   1.2000000000000000E-002   1.0018961950055543        0.0000000000000000        1.0018961950055543        1.0000000000000000        6.9400066739805622E-310
   1.0049995310076785       -7.2121030825400198E-007   1.9854973688282485E-005   1.0000000000000000E-002   1.2000000000000000E-002   1.0018961950055647        0.0000000000000000        1.0018961950055647        1.0000000000000000        6.9400066739805622E-310
   1.0149985948740234       -2.1607881664103398E-006   5.9486503953820602E-005   1.0000000000000000E-002   1.2000000000000000E-002   1.0018958169379364        0.0000000000000000        1.0018958169379364        1.0000000000000000        6.9400066739805622E-310
   1.0249976642860166       -3.5918497745477427E-006   9.8883191968823780E-005   1.0000000000000000E-002   1.2000000000000000E-002   1.0018950622960769        0.0000000000000000        1.0018950622960769        1.0000000000000000        6.9400066739805622E-310
   1.0349967429164311       -5.0087544695909920E-006   1.3788954046667357E-004   1.0000000000000000E-002   1.2000000000000000E-002   1.0018939340602824        0.0000000000000000        1.0018939340602824        1.0000000000000000        6.9400066739805622E-310
   1.0449958344016548       -6.4059176997889374E-006   1.7635148484806962E-004   1.0000000000000000E-002   1.2000000000000000E-002   1.0018924366865523        0.0000000000000000        1.0018924366865523        1.0000000000000000        6.9400066739805622E-310
  -4.9995310076793587E-003   7.2130713330757357E-007  -3.5767633061438002E+077   1.0000000000000000E-002   1.2000000000000000E-002   1.0018961950055543        0.0000000000000000        1.0018961950055543        1.0000000000000000        6.9400066739805622E-310
  -1.4998594874024662E-002   2.1610786170114487E-006   0.0000000000000000        1.0000000000000000E-002   1.2000000000000000E-002   1.0018958169380132        0.0000000000000000        1.0018958169380132        1.0000000000000000        6.9400066739805622E-310
  -2.4997664286015908E-002   3.5923323963462667E-006  -3.5767633061438002E+077   1.0000000000000000E-002   1.2000000000000000E-002   1.0018950622961362        0.0000000000000000        1.0018950622961362        1.0000000000000000        6.9400066739805622E-310
  -3.4996742916430956E-002   5.0094276096817602E-006   6.9400068546417920E-310   1.0000000000000000E-002   1.2000000000000000E-002   1.0018939340602209        0.0000000000000000        1.0018939340602209        1.0000000000000000        6.9400066739805622E-310
  -4.4995834401655666E-002   6.4067783873827393E-006   6.9400066883177543E-310   1.0000000000000000E-002   1.2000000000000000E-002   1.0018924366865818        0.0000000000000000        1.0018924366865818        1.0000000000000000        6.9400066739805622E-310
