 # x, v, a, m, h, rho, u, P, c, ke
   3.4008000000000806     
   4.9999147133118404E-003  -3.0921784514503607E-006   3.6265342258090527E-006   1.0000000000000000E-002   1.2000000000000000E-002   1.0018178284418855        0.0000000000000000        1.0018178284418855        1.0000000000000000        6.9400066739805622E-310
   1.4999744476743850E-002  -9.2643232036920691E-006   1.0865310324348343E-005   1.0000000000000000E-002   1.2000000000000000E-002   1.0018177596588973        0.0000000000000000        1.0018177596588973        1.0000000000000000        6.9400066739805622E-310
   2.4999575249274084E-002  -1.5399882354837730E-005   1.8061049348538916E-005   1.0000000000000000E-002   1.2000000000000000E-002   1.0018176223650563        0.0000000000000000        1.0018176223650563        1.0000000000000000        6.9400066739805622E-310
   3.4999407699193068E-002  -2.1474626776378711E-005   2.5185363321078569E-005   1.0000000000000000E-002   1.2000000000000000E-002   1.0018174171036833        0.0000000000000000        1.0018174171036833        1.0000000000000000        6.9400066739805622E-310
   4.4999242488161194E-002  -2.7464566397008284E-005   3.2209977461228334E-005   1.0000000000000000E-002   1.2000000000000000E-002   1.0018171446870374        0.0000000000000000        1.0018171446870374        1.0000000000000000        6.9400066739805622E-310
   5.4999080268577090E-002  -3.3346048306811285E-005   3.9107170413998915E-005   1.0000000000000000E-002   1.2000000000000000E-002   1.0018168061932102        0.0000000000000000        1.0018168061932102        1.0000000000000000        6.9400066739805622E-310
   6.4998921681006808E-002  -3.9095848553406669E-005   4.5849654460639044E-005   1.0000000000000000E-002   1.2000000000000000E-002   1.0018164029613676        0.0000000000000000        1.0018164029613676        1.0000000000000000        6.9400066739805622E-310
   7.4998767351648718E-002  -4.4691263082072277E-005   5.2410713588635360E-005   1.0000000000000000E-002   1.2000000000000000E-002   1.0018159365870358        0.0000000000000000        1.0018159365870358        1.0000000000000000        6.9400066739805622E-310
   8.4998617889850761E-002  -5.0110199678872957E-005   5.8764465065586080E-005   1.0000000000000000E-002   1.2000000000000000E-002   1.0018154089154003        0.0000000000000000        1.0018154089154003        1.0000000000000000        6.9400066739805622E-310
   9.4998473885708770E-002  -5.5331263590218896E-005   6.4885762294686344E-005   1.0000000000000000E-002   1.2000000000000000E-002   1.0018148220338254        0.0000000000000000        1.0018148220338254        1.0000000000000000        6.9400066739805622E-310
  0.10499833590773100       -6.0333842950489134E-005   7.0750375629202722E-005   1.0000000000000000E-002   1.2000000000000000E-002   1.0018141782640881        0.0000000000000000        1.0018141782640881        1.0000000000000000        6.9400066739805622E-310
  0.11499820450058401       -6.5098189694383593E-005   7.6335283577755320E-005   1.0000000000000000E-002   1.2000000000000000E-002   1.0018134801522180        0.0000000000000000        1.0018134801522180        1.0000000000000000        6.9400066739805622E-310
  0.12499808018296178       -6.9605498844655506E-005   8.1618264563765308E-005   1.0000000000000000E-002   1.2000000000000000E-002   1.0018127304589808        0.0000000000000000        1.0018127304589808        1.0000000000000000        6.9400066739805622E-310
  0.13499796344551462       -7.3837980863052094E-005   8.6578509534973591E-005   1.0000000000000000E-002   1.2000000000000000E-002   1.0018119321493892        0.0000000000000000        1.0018119321493892        1.0000000000000000        6.9400066739805622E-310
  0.14499785474892063       -7.7778932382269807E-005   9.1196496855516784E-005   1.0000000000000000E-002   1.2000000000000000E-002   1.0018110883798355        0.0000000000000000        1.0018110883798355        1.0000000000000000        6.9400066739805622E-310
  0.15499775452207235       -8.1412804168335505E-005   9.5453979180426529E-005   1.0000000000000000E-002   1.2000000000000000E-002   1.0018102024860192        0.0000000000000000        1.0018102024860192        1.0000000000000000        6.9400066739805622E-310
  0.16499766316038028       -8.4725259294858655E-005   9.9334202096734714E-005   1.0000000000000000E-002   1.2000000000000000E-002   1.0018092779697374        0.0000000000000000        1.0018092779697374        1.0000000000000000        6.9400066739805622E-310
  0.17499758102421900       -8.7703232053164441E-005   1.0282185055210391E-004   1.0000000000000000E-002   1.2000000000000000E-002   1.0018083184849733        0.0000000000000000        1.0018083184849733        1.0000000000000000        6.9400066739805622E-310
  0.18499750843750290       -9.0334977984958905E-005   1.0590322395387375E-004   1.0000000000000000E-002   1.2000000000000000E-002   1.0018073278234261        0.0000000000000000        1.0018073278234261        1.0000000000000000        6.9400066739805622E-310
  0.19499744568641467       -9.2610121178202085E-005   1.0856621735833016E-004   1.0000000000000000E-002   1.2000000000000000E-002   1.0018063098992402        0.0000000000000000        1.0018063098992402        1.0000000000000000        6.9400066739805622E-310
  0.20499739301828138       -9.4519694237122211E-005   1.1080034747301681E-004   1.0000000000000000E-002   1.2000000000000000E-002   1.0018052687337688        0.0000000000000000        1.0018052687337688        1.0000000000000000        6.9400066739805622E-310
  0.21499735064059913       -9.6056173289238282E-005   1.1259689107578907E-004   1.0000000000000000E-002   1.2000000000000000E-002   1.0018042084394776        0.0000000000000000        1.0018042084394776        1.0000000000000000        6.9400066739805622E-310
  0.22499731872022555       -9.7213509051665342E-005   1.1394877936243830E-004   1.0000000000000000E-002   1.2000000000000000E-002   1.0018031332037631        0.0000000000000000        1.0018031332037631        1.0000000000000000        6.9400066739805622E-310
  0.23499729738271985       -9.7987148498100991E-005   1.1485082317186368E-004   1.0000000000000000E-002   1.2000000000000000E-002   1.0018020472722040        0.0000000000000000        1.0018020472722040        1.0000000000000000        6.9400066739805622E-310
  0.24499728671186355       -9.8374053718482289E-005   1.1529950845634573E-004   1.0000000000000000E-002   1.2000000000000000E-002   1.0018009549316296        0.0000000000000000        1.0018009549316296        1.0000000000000000        6.9400066739805622E-310
  0.25499728674933375       -9.8372713380251423E-005   1.1529305564028647E-004   1.0000000000000000E-002   1.2000000000000000E-002   1.0017998604939693        0.0000000000000000        1.0017998604939693        1.0000000000000000        6.9400066739805622E-310
  0.26499729749453532       -9.7983148931569212E-005   1.1483166550441126E-004   1.0000000000000000E-002   1.2000000000000000E-002   1.0017987682786202        0.0000000000000000        1.0017987682786202        1.0000000000000000        6.9400066739805622E-310
  0.27499731890462226       -9.7206913701033132E-005   1.1391723087239569E-004   1.0000000000000000E-002   1.2000000000000000E-002   1.0017976825950001        0.0000000000000000        1.0017976825950001        1.0000000000000000        6.9400066739805622E-310
  0.28499735089467332       -9.6047085798389427E-005   1.1255335547932788E-004   1.0000000000000000E-002   1.2000000000000000E-002   1.0017966077264493        0.0000000000000000        1.0017966077264493        1.0000000000000000        6.9400066739805622E-310
  0.29499739333802311       -9.4508257651317840E-005   1.1074558961166048E-004   1.0000000000000000E-002   1.2000000000000000E-002   1.0017955479127880        0.0000000000000000        1.0017955479127880        1.0000000000000000        6.9400066739805622E-310
  0.30499744606678331       -9.2596516447191780E-005   1.0850105266069221E-004   1.0000000000000000E-002   1.2000000000000000E-002   1.0017945073337107        0.0000000000000000        1.0017945073337107        1.0000000000000000        6.9400066739805622E-310
  0.31499750887249711       -9.0319419295193022E-005   1.0582873989406494E-004   1.0000000000000000E-002   1.2000000000000000E-002   1.0017934900923857        0.0000000000000000        1.0017934900923857        1.0000000000000000        6.9400066739805622E-310
  0.32499758150698188       -8.7685964821995285E-005   1.0273914393010841E-004   1.0000000000000000E-002   1.2000000000000000E-002   1.0017925001994652        0.0000000000000000        1.0017925001994652        1.0000000000000000        6.9400066739805622E-310
  0.33499766368329559       -8.4706555912137461E-005   9.9244641360130004E-005   1.0000000000000000E-002   1.2000000000000000E-002   1.0017915415570595        0.0000000000000000        1.0017915415570595        1.0000000000000000        6.9400066739805622E-310
  0.34499775507689401       -8.1392959284765253E-005   9.5358964518510447E-005   1.0000000000000000E-002   1.2000000000000000E-002   1.0017906179433127        0.0000000000000000        1.0017906179433127        1.0000000000000000        6.9400066739805622E-310
  0.35499785532690042       -7.7758259518998071E-005   9.1097494540726132E-005   1.0000000000000000E-002   1.2000000000000000E-002   1.0017897329982148        0.0000000000000000        1.0017897329982148        1.0000000000000000        6.9400066739805622E-310
  0.36499796403753615       -7.3816805672090226E-005   8.6477119647376810E-005   1.0000000000000000E-002   1.2000000000000000E-002   1.0017888902085446        0.0000000000000000        1.0017888902085446        1.0000000000000000        6.9400066739805622E-310
  0.37499808077969021       -6.9584155428696975E-005   8.1516032383710524E-005   1.0000000000000000E-002   1.2000000000000000E-002   1.0017880928946086        0.0000000000000000        1.0017880928946086        1.0000000000000000        6.9400066739805622E-310
  0.38499820509260602       -6.5077014656295817E-005   7.6233866625585733E-005   1.0000000000000000E-002   1.2000000000000000E-002   1.0017873441971754        0.0000000000000000        1.0017873441971754        1.0000000000000000        6.9400066739805622E-310
  0.39499833648570770       -6.0313170086962618E-005   7.0651425813750279E-005   1.0000000000000000E-002   1.2000000000000000E-002   1.0017866470650634        0.0000000000000000        1.0017866470650634        1.0000000000000000        6.9400066739805622E-310
  0.40499847444053089       -5.5311418859664759E-005   6.4790712720252941E-005   1.0000000000000000E-002   1.2000000000000000E-002   1.0017860042439548        0.0000000000000000        1.0017860042439548        1.0000000000000000        6.9400066739805622E-310
  0.41499861841276514       -5.0091496153003690E-005   5.8674905777600372E-005   1.0000000000000000E-002   1.2000000000000000E-002   1.0017854182650869        0.0000000000000000        1.0017854182650869        1.0000000000000000        6.9400066739805622E-310
  0.42499876783440965       -4.4673995869260744E-005   5.2328040744953341E-005   1.0000000000000000E-002   1.2000000000000000E-002   1.0017848914356295        0.0000000000000000        1.0017848914356295        1.0000000000000000        6.9400066739805622E-310
  0.43499892211600227       -3.9080289659142123E-005   4.5775137982317915E-005   1.0000000000000000E-002   1.2000000000000000E-002   1.0017844258299280        0.0000000000000000        1.0017844258299280        1.0000000000000000        6.9400066739805622E-310
  0.44499908064894572       -3.3332443689600433E-005   3.9042012555334793E-005   1.0000000000000000E-002   1.2000000000000000E-002   1.0017840232810593        0.0000000000000000        1.0017840232810593        1.0000000000000000        6.9400066739805622E-310
  0.45499924280790344       -2.7453129921238775E-005   3.2155224634067281E-005   1.0000000000000000E-002   1.2000000000000000E-002   1.0017836853735742        0.0000000000000000        1.0017836853735742        1.0000000000000000        6.9400066739805622E-310
  0.46499940795326766       -2.1465539143315532E-005   2.5141851261345494E-005   1.0000000000000000E-002   1.2000000000000000E-002   1.0017834134374339        0.0000000000000000        1.0017834134374339        1.0000000000000000        6.9400066739805622E-310
  0.47499957543367471       -1.5393287034068253E-005   1.8029445778999786E-005   1.0000000000000000E-002   1.2000000000000000E-002   1.0017832085433533        0.0000000000000000        1.0017832085433533        1.0000000000000000        6.9400066739805622E-310
  0.48499974458856054       -9.2603237740384715E-006   1.0846148271959066E-005   1.0000000000000000E-002   1.2000000000000000E-002   1.0017830714977409        0.0000000000000000        1.0017830714977409        1.0000000000000000        6.9400066739805622E-310
  0.49499991475077970       -3.0908379969498999E-006   3.6201475124286731E-006   1.0000000000000000E-002   1.2000000000000000E-002   1.0017830028396848        0.0000000000000000        1.0017830028396848        1.0000000000000000        6.9400066739805622E-310
  0.50500008524921924        3.0908379232456808E-006  -3.6201352466846970E-006   1.0000000000000000E-002   1.2000000000000000E-002   1.0017830028396324        0.0000000000000000        1.0017830028396324        1.0000000000000000        6.9400066739805622E-310
  0.51500025541143946        9.2603238888895001E-006  -1.0846143878140424E-005   1.0000000000000000E-002   1.2000000000000000E-002   1.0017830714976115        0.0000000000000000        1.0017830714976115        1.0000000000000000        6.9400066739805622E-310
  0.52500042456632701        1.5393287006602241E-005  -1.8029468328961684E-005   1.0000000000000000E-002   1.2000000000000000E-002   1.0017832085432972        0.0000000000000000        1.0017832085432972        1.0000000000000000        6.9400066739805622E-310
  0.53500059204673356        2.1465539045442928E-005  -2.5141854716359546E-005   1.0000000000000000E-002   1.2000000000000000E-002   1.0017834134375077        0.0000000000000000        1.0017834134375077        1.0000000000000000        6.9400066739805622E-310
  0.54500075719209629        2.7453130046520955E-005  -3.2155185973437028E-005   1.0000000000000000E-002   1.2000000000000000E-002   1.0017836853734821        0.0000000000000000        1.0017836853734821        1.0000000000000000        6.9400066739805622E-310
  0.55500091935105766        3.3332443413338272E-005  -3.9042058400440283E-005   1.0000000000000000E-002   1.2000000000000000E-002   1.0017840232809991        0.0000000000000000        1.0017840232809991        1.0000000000000000        6.9400066739805622E-310
  0.56500107788399900        3.9080289896101270E-005  -4.5775142805126734E-005   1.0000000000000000E-002   1.2000000000000000E-002   1.0017844258301056        0.0000000000000000        1.0017844258301056        1.0000000000000000        6.9400066739805622E-310
  0.57500123216558963        4.4673995973520769E-005  -5.2328016280966949E-005   1.0000000000000000E-002   1.2000000000000000E-002   1.0017848914357050        0.0000000000000000        1.0017848914357050        1.0000000000000000        6.9400066739805622E-310
  0.58500138158723469        5.0091496094089669E-005  -5.8674903759659003E-005   1.0000000000000000E-002   1.2000000000000000E-002   1.0017854182650541        0.0000000000000000        1.0017854182650541        1.0000000000000000        6.9400066739805622E-310
  0.59500152555946917        5.5311418982786711E-005  -6.4790711389761668E-005   1.0000000000000000E-002   1.2000000000000000E-002   1.0017860042439031        0.0000000000000000        1.0017860042439031        1.0000000000000000        6.9400066739805622E-310
  0.60500166351429330        6.0313169803682220E-005  -7.0651442911184859E-005   1.0000000000000000E-002   1.2000000000000000E-002   1.0017866470650794        0.0000000000000000        1.0017866470650794        1.0000000000000000        6.9400066739805622E-310
  0.61500179490739360        6.5077014840485422E-005  -7.6233846116657844E-005   1.0000000000000000E-002   1.2000000000000000E-002   1.0017873441971810        0.0000000000000000        1.0017873441971810        1.0000000000000000        6.9400066739805622E-310
  0.62500191922031045        6.9584155436248294E-005  -8.1516026586569978E-005   1.0000000000000000E-002   1.2000000000000000E-002   1.0017880928944891        0.0000000000000000        1.0017880928944891        1.0000000000000000        6.9400066739805622E-310
  0.63500203596246618        7.3816805356629448E-005  -8.6477142841268062E-005   1.0000000000000000E-002   1.2000000000000000E-002   1.0017888902085101        0.0000000000000000        1.0017888902085101        1.0000000000000000        6.9400066739805622E-310
  0.64500214467310091        7.7758259499954955E-005  -9.1097493598368828E-005   1.0000000000000000E-002   1.2000000000000000E-002   1.0017897329982737        0.0000000000000000        1.0017897329982737        1.0000000000000000        6.9400066739805622E-310
  0.65500224492310699        8.1392959658501817E-005  -9.5358958238200842E-005   1.0000000000000000E-002   1.2000000000000000E-002   1.0017906179433504        0.0000000000000000        1.0017906179433504        1.0000000000000000        6.9400066739805622E-310
  0.66500233631670480        8.4706555859659379E-005  -9.9244624650829394E-005   1.0000000000000000E-002   1.2000000000000000E-002   1.0017915415569807        0.0000000000000000        1.0017915415569807        1.0000000000000000        6.9400066739805622E-310
  0.67500241849302123        8.7685964872867759E-005  -1.0273919873071691E-004   1.0000000000000000E-002   1.2000000000000000E-002   1.0017925001995700        0.0000000000000000        1.0017925001995700        1.0000000000000000        6.9400066739805622E-310
  0.68500249112750089        9.0319419181723214E-005  -1.0582868708475246E-004   1.0000000000000000E-002   1.2000000000000000E-002   1.0017934900924939        0.0000000000000000        1.0017934900924939        1.0000000000000000        6.9400066739805622E-310
  0.69500255393321742        9.2596516480861882E-005  -1.0850107242799112E-004   1.0000000000000000E-002   1.2000000000000000E-002   1.0017945073336645        0.0000000000000000        1.0017945073336645        1.0000000000000000        6.9400066739805622E-310
  0.70500260666197612        9.4508257662365453E-005  -1.1074556968271310E-004   1.0000000000000000E-002   1.2000000000000000E-002   1.0017955479127547        0.0000000000000000        1.0017955479127547        1.0000000000000000        6.9400066739805622E-310
  0.71500264910532796        9.6047085864411634E-005  -1.1255337428384138E-004   1.0000000000000000E-002   1.2000000000000000E-002   1.0017966077264000        0.0000000000000000        1.0017966077264000        1.0000000000000000        6.9400066739805622E-310
  0.72500268109537813        9.7206913526869294E-005  -1.1391723087594841E-004   1.0000000000000000E-002   1.2000000000000000E-002   1.0017976825950414        0.0000000000000000        1.0017976825950414        1.0000000000000000        6.9400066739805622E-310
  0.73500270250546507        9.7983148958366096E-005  -1.1483167770087732E-004   1.0000000000000000E-002   1.2000000000000000E-002   1.0017987682787095        0.0000000000000000        1.0017987682787095        1.0000000000000000        6.9400066739805622E-310
  0.74500271325066481        9.8372713604422081E-005  -1.1529303944080027E-004   1.0000000000000000E-002   1.2000000000000000E-002   1.0017998604940435        0.0000000000000000        1.0017998604940435        1.0000000000000000        6.9400066739805622E-310
  0.75500271328813517        9.8374053509850173E-005  -1.1529949367350412E-004   1.0000000000000000E-002   1.2000000000000000E-002   1.0018009549315672        0.0000000000000000        1.0018009549315672        1.0000000000000000        6.9400066739805622E-310
  0.76500270261727998        9.7987148548133859E-005  -1.1485081859685664E-004   1.0000000000000000E-002   1.2000000000000000E-002   1.0018020472720517        0.0000000000000000        1.0018020472720517        1.0000000000000000        6.9400066739805622E-310
  0.77500268127977656        9.7213508957033222E-005  -1.1394881576443083E-004   1.0000000000000000E-002   1.2000000000000000E-002   1.0018031332037554        0.0000000000000000        1.0018031332037554        1.0000000000000000        6.9400066739805622E-310
  0.78500264935940078        9.6056173625275307E-005  -1.1259687885001313E-004   1.0000000000000000E-002   1.2000000000000000E-002   1.0018042084395786        0.0000000000000000        1.0018042084395786        1.0000000000000000        6.9400066739805622E-310
  0.79500260698171843        9.4519693987567317E-005  -1.1080034283761364E-004   1.0000000000000000E-002   1.2000000000000000E-002   1.0018052687337908        0.0000000000000000        1.0018052687337908        1.0000000000000000        6.9400066739805622E-310
  0.80500255431358492        9.2610121194962956E-005  -1.0856621256838395E-004   1.0000000000000000E-002   1.2000000000000000E-002   1.0018063098992256        0.0000000000000000        1.0018063098992256        1.0000000000000000        6.9400066739805622E-310
  0.81500249156249727        9.0334977913085910E-005  -1.0590323251147282E-004   1.0000000000000000E-002   1.2000000000000000E-002   1.0018073278234245        0.0000000000000000        1.0018073278234245        1.0000000000000000        6.9400066739805622E-310
  0.82500241897578064        8.7703232103674385E-005  -1.0282184757759438E-004   1.0000000000000000E-002   1.2000000000000000E-002   1.0018083184849951        0.0000000000000000        1.0018083184849951        1.0000000000000000        6.9400066739805622E-310
  0.83500233683961933        8.4725259244995316E-005  -9.9334190547750723E-005   1.0000000000000000E-002   1.2000000000000000E-002   1.0018092779697008        0.0000000000000000        1.0018092779697008        1.0000000000000000        6.9400066739805622E-310
  0.84500224547792790        8.1412804097861767E-005  -9.5453968032899184E-005   1.0000000000000000E-002   1.2000000000000000E-002   1.0018102024858788        0.0000000000000000        1.0018102024858788        1.0000000000000000        6.9400066739805622E-310
  0.85500214525108220        7.7778932420594456E-005  -9.1196548503980068E-005   1.0000000000000000E-002   1.2000000000000000E-002   1.0018110883798688        0.0000000000000000        1.0018110883798688        1.0000000000000000        6.9400066739805622E-310
  0.86500203655448515        7.3837980857876398E-005  -8.6578512098256510E-005   1.0000000000000000E-002   1.2000000000000000E-002   1.0018119321496775        0.0000000000000000        1.0018119321496775        1.0000000000000000        6.9400066739805622E-310
  0.87500191981703446        6.9605498829202224E-005  -8.1618202507627302E-005   1.0000000000000000E-002   1.2000000000000000E-002   1.0018127304589903        0.0000000000000000        1.0018127304589903        1.0000000000000000        6.9400066739805622E-310
  0.88500179549941571        6.5098189918808875E-005  -7.6335294433960144E-005   1.0000000000000000E-002   1.2000000000000000E-002   1.0018134801520042        0.0000000000000000        1.0018134801520042        1.0000000000000000        6.9400066739805622E-310
  0.89500166409227000        6.0333842991901490E-005  -7.0750390127827245E-005   1.0000000000000000E-002   1.2000000000000000E-002   1.0018141782639900        0.0000000000000000        1.0018141782639900        1.0000000000000000        6.9400066739805622E-310
  0.90500152611429285        5.5331263462084657E-005  -6.4885776695611241E-005   1.0000000000000000E-002   1.2000000000000000E-002   1.0018148220338534        0.0000000000000000        1.0018148220338534        1.0000000000000000        6.9400066739805622E-310
  0.91500138211014947        5.0110199532102768E-005  -5.8764451678072760E-005   1.0000000000000000E-002   1.2000000000000000E-002   1.0018154089154334        0.0000000000000000        1.0018154089154334        1.0000000000000000        6.9400066739805622E-310
  0.92500123264835232        4.4691263070123326E-005  -5.2410735551511323E-005   1.0000000000000000E-002   1.2000000000000000E-002   1.0018159365871051        0.0000000000000000        1.0018159365871051        1.0000000000000000        6.9400066739805622E-310
  0.93500107831899215        3.9095848511152499E-005  -4.5849644794593303E-005   1.0000000000000000E-002   1.2000000000000000E-002   1.0018164029615038        0.0000000000000000        1.0018164029615038        1.0000000000000000        6.9400066739805622E-310
  0.94500091973142086        3.3346048606773150E-005  -3.9107148711359230E-005   1.0000000000000000E-002   1.2000000000000000E-002   1.0018168061931918        0.0000000000000000        1.0018168061931918        1.0000000000000000        6.9400066739805622E-310
  0.95500075751183844        2.7464566477879155E-005  -3.2209998138910123E-005   1.0000000000000000E-002   1.2000000000000000E-002   1.0018171446870241        0.0000000000000000        1.0018171446870241        1.0000000000000000        6.9400066739805622E-310
  0.96500059230080515        2.1474626604227230E-005  -2.5185348087042314E-005   1.0000000000000000E-002   1.2000000000000000E-002   1.0018174171036904        0.0000000000000000        1.0018174171036904        1.0000000000000000        6.9400066739805622E-310
  0.97500042475072535        1.5399882607250251E-005  -1.8061062627694469E-005   1.0000000000000000E-002   1.2000000000000000E-002   1.0018176223650510        0.0000000000000000        1.0018176223650510        1.0000000000000000        6.9400066739805622E-310
  0.98500025552325454        9.2643230762014624E-006  -1.0865299207907242E-005   1.0000000000000000E-002   1.2000000000000000E-002   1.0018177596589084        0.0000000000000000        1.0018177596589084        1.0000000000000000        6.9400066739805622E-310
  0.99500008528668726        3.0921782611332557E-006  -3.6265402023616389E-006   1.0000000000000000E-002   1.2000000000000000E-002   1.0018178284418635        0.0000000000000000        1.0018178284418635        1.0000000000000000        6.9400066739805622E-310
   1.0049999147133117       -3.0921774809893157E-006   3.3105156012069870E-006   1.0000000000000000E-002   1.2000000000000000E-002   1.0018178284418855        0.0000000000000000        1.0018178284418855        1.0000000000000000        6.9400066739805622E-310
   1.0149997444767438       -9.2643202826814355E-006   9.9185370165955078E-006   1.0000000000000000E-002   1.2000000000000000E-002   1.0018177596588973        0.0000000000000000        1.0018177596588973        1.0000000000000000        6.9400066739805622E-310
   1.0249995752492740       -1.5399877501428321E-005   1.6487267200382405E-005   1.0000000000000000E-002   1.2000000000000000E-002   1.0018176223650563        0.0000000000000000        1.0018176223650563        1.0000000000000000        6.9400066739805622E-310
   1.0349994076991931       -2.1474620008905729E-005   2.2990765453201334E-005   1.0000000000000000E-002   1.2000000000000000E-002   1.0018174171036833        0.0000000000000000        1.0018174171036833        1.0000000000000000        6.9400066739805622E-310
   1.0449992424881611       -2.7464557743828780E-005   2.9403281315509844E-005   1.0000000000000000E-002   1.2000000000000000E-002   1.0018171446870374        0.0000000000000000        1.0018171446870374        1.0000000000000000        6.9400066739805622E-310
  -4.9999147133127364E-003   3.0925574819384135E-006  -3.5767633061438002E+077   1.0000000000000000E-002   1.2000000000000000E-002   1.0018178284418635        0.0000000000000000        1.0018178284418635        1.0000000000000000        6.9400066739805622E-310
  -1.4999744476745458E-002   9.2654591982405761E-006   0.0000000000000000        1.0000000000000000E-002   1.2000000000000000E-002   1.0018177596589084        0.0000000000000000        1.0018177596589084        1.0000000000000000        6.9400066739805622E-310
  -2.4999575249274653E-002   1.5401771164290073E-005  -3.5767633061438002E+077   1.0000000000000000E-002   1.2000000000000000E-002   1.0018176223650510        0.0000000000000000        1.0018176223650510        1.0000000000000000        6.9400066739805622E-310
  -3.4999407699194851E-002   2.1477260104908757E-005   6.9400068546417920E-310   1.0000000000000000E-002   1.2000000000000000E-002   1.0018174171036904        0.0000000000000000        1.0018174171036904        1.0000000000000000        6.9400066739805622E-310
  -4.4999242488161562E-002   2.7467934516540988E-005   6.9400066883177543E-310   1.0000000000000000E-002   1.2000000000000000E-002   1.0018171446870241        0.0000000000000000        1.0018171446870241        1.0000000000000000        6.9400066739805622E-310
