 # x, v, a, m, h, rho, u, P, c, ke
   5.0399999999999993E-002
   5.0001554838517365E-003   2.9730690129611730E-006  -6.6069701523119306E-006   1.0000000000000000E-002   1.2000000000000000E-002   1.0017686607629266        0.0000000000000000        1.0017686607629266        1.0000000000000000        6.9400066739805622E-310
   1.5000465837931274E-002   8.9074736765269143E-006  -1.9794834136277473E-005   1.0000000000000000E-002   1.2000000000000000E-002   1.0017687860647313        0.0000000000000000        1.0017687860647313        1.0000000000000000        6.9400066739805622E-310
   2.5000774353560688E-002   1.4806724559001300E-005  -3.2904580645087833E-005   1.0000000000000000E-002   1.2000000000000000E-002   1.0017690361739151        0.0000000000000000        1.0017690361739151        1.0000000000000000        6.9400066739805622E-310
   3.5001079813169286E-002   2.0647539980401614E-005  -4.5884473264479197E-005   1.0000000000000000E-002   1.2000000000000000E-002   1.0017694101036061        0.0000000000000000        1.0017694101036061        1.0000000000000000        6.9400066739805622E-310
   4.5001381011247094E-002   2.6406868872488407E-005  -5.8683287055494304E-005   1.0000000000000000E-002   1.2000000000000000E-002   1.0017699063783496        0.0000000000000000        1.0017699063783496        1.0000000000000000        6.9400066739805622E-310
   5.5001676759102544E-002   3.2061981772983294E-005  -7.1250513424381268E-005   1.0000000000000000E-002   1.2000000000000000E-002   1.0017705230399359        0.0000000000000000        1.0017705230399359        1.0000000000000000        6.9400066739805622E-310
   6.5001965889553606E-002   3.7590560502711421E-005  -8.3536556600982692E-005   1.0000000000000000E-002   1.2000000000000000E-002   1.0017712576551234        0.0000000000000000        1.0017712576551234        1.0000000000000000        6.9400066739805622E-310
   7.5002247261534205E-002   4.2970786264228161E-005  -9.5492931844631812E-005   1.0000000000000000E-002   1.2000000000000000E-002   1.0017721073252406        0.0000000000000000        1.0017721073252406        1.0000000000000000        6.9400066739805622E-310
   8.5002519764597287E-002   4.8181425729055197E-005  -1.0707245192165260E-004   1.0000000000000000E-002   1.2000000000000000E-002   1.0017730686976052        0.0000000000000000        1.0017730686976052        1.0000000000000000        6.9400066739805622E-310
   9.5002782323297591E-002   5.3201914878997153E-005  -1.1822942035166761E-004   1.0000000000000000E-002   1.2000000000000000E-002   1.0017741379787499        0.0000000000000000        1.0017741379787499        1.0000000000000000        6.9400066739805622E-310
  0.10500303390143564        5.8012440133095706E-005  -1.2891980510332246E-004   1.0000000000000000E-002   1.2000000000000000E-002   1.0017753109493870        0.0000000000000000        1.0017753109493870        1.0000000000000000        6.9400066739805622E-310
  0.11500327350614749        6.2594016505415487E-005  -1.3910142008910498E-004   1.0000000000000000E-002   1.2000000000000000E-002   1.0017765829810579        0.0000000000000000        1.0017765829810579        1.0000000000000000        6.9400066739805622E-310
  0.12500350019182249        6.6928562627784538E-005  -1.4873407899074209E-004   1.0000000000000000E-002   1.2000000000000000E-002   1.0017779490543717        0.0000000000000000        1.0017779490543717        1.0000000000000000        6.9400066739805622E-310
  0.13500371306383602        7.0998971999986413E-005  -1.5777977065400961E-004   1.0000000000000000E-002   1.2000000000000000E-002   1.0017794037788110        0.0000000000000000        1.0017794037788110        1.0000000000000000        6.9400066739805622E-310
  0.14500391128207926        7.4789180602678393E-005  -1.6620279009593730E-004   1.0000000000000000E-002   1.2000000000000000E-002   1.0017809414139871        0.0000000000000000        1.0017809414139871        1.0000000000000000        6.9400066739805622E-310
  0.15500409406427576        7.8284230204269626E-005  -1.7396990170581716E-004   1.0000000000000000E-002   1.2000000000000000E-002   1.0017825558922924        0.0000000000000000        1.0017825558922924        1.0000000000000000        6.9400066739805622E-310
  0.16500426068906762        8.1470327453861922E-005  -1.8105044667038328E-004   1.0000000000000000E-002   1.2000000000000000E-002   1.0017842408428390        0.0000000000000000        1.0017842408428390        1.0000000000000000        6.9400066739805622E-310
  0.17500441049886326        8.4334898312213850E-005  -1.8741648442865966E-004   1.0000000000000000E-002   1.2000000000000000E-002   1.0017859896165775        0.0000000000000000        1.0017859896165775        1.0000000000000000        6.9400066739805622E-310
  0.18500454290243185        8.6866637621921494E-005  -1.9304288485333387E-004   1.0000000000000000E-002   1.2000000000000000E-002   1.0017877953125285        0.0000000000000000        1.0017877953125285        1.0000000000000000        6.9400066739805622E-310
  0.19500465737723746        8.9055553784387617E-005  -1.9790744545833405E-004   1.0000000000000000E-002   1.2000000000000000E-002   1.0017896508050006        0.0000000000000000        1.0017896508050006        1.0000000000000000        6.9400066739805622E-310
  0.20500475347150077        9.0893008203080886E-005  -2.0199096894124580E-004   1.0000000000000000E-002   1.2000000000000000E-002   1.0017915487717444        0.0000000000000000        1.0017915487717444        1.0000000000000000        6.9400066739805622E-310
  0.21500483080598171        9.2371749295798599E-005  -2.0527733216013644E-004   1.0000000000000000E-002   1.2000000000000000E-002   1.0017934817227936        0.0000000000000000        1.0017934817227936        1.0000000000000000        6.9400066739805622E-310
  0.22500488907547692        9.3485941170641900E-005  -2.0775356665048150E-004   1.0000000000000000E-002   1.2000000000000000E-002   1.0017954420300252        0.0000000000000000        1.0017954420300252        1.0000000000000000        6.9400066739805622E-310
  0.23500492805002371        9.4231186664298791E-005  -2.0940989752915584E-004   1.0000000000000000E-002   1.2000000000000000E-002   1.0017974219572781        0.0000000000000000        1.0017974219572781        1.0000000000000000        6.9400066739805622E-310
  0.24500494757580790        9.4604544643741027E-005  -2.1023978831280488E-004   1.0000000000000000E-002   1.2000000000000000E-002   1.0017994136908810        0.0000000000000000        1.0017994136908810        1.0000000000000000        6.9400066739805622E-310
  0.25500494757577030        9.4604541719377355E-005  -2.1023995483560043E-004   1.0000000000000000E-002   1.2000000000000000E-002   1.0018014093704524        0.0000000000000000        1.0018014093704524        1.0000000000000000        6.9400066739805622E-310
  0.26500492804991194        9.4231177893784921E-005  -2.0941040497035601E-004   1.0000000000000000E-002   1.2000000000000000E-002   1.0018034011199592        0.0000000000000000        1.0018034011199592        1.0000000000000000        6.9400066739805622E-310
  0.27500488907529258        9.3485926688707273E-005  -2.0775440347531315E-004   1.0000000000000000E-002   1.2000000000000000E-002   1.0018053810788046        0.0000000000000000        1.0018053810788046        1.0000000000000000        6.9400066739805622E-310
  0.28500483080572753        9.2371729359864158E-005  -2.0527848039542107E-004   1.0000000000000000E-002   1.2000000000000000E-002   1.0018073414327766        0.0000000000000000        1.0018073414327766        1.0000000000000000        6.9400066739805622E-310
  0.29500475347118105        9.0892983119262116E-005  -2.0199241678131585E-004   1.0000000000000000E-002   1.2000000000000000E-002   1.0018092744449876        0.0000000000000000        1.0018092744449876        1.0000000000000000        6.9400066739805622E-310
  0.30500465737685722        8.9055523960889291E-005  -1.9790916924744550E-004   1.0000000000000000E-002   1.2000000000000000E-002   1.0018111724863725        0.0000000000000000        1.0018111724863725        1.0000000000000000        6.9400066739805622E-310
  0.31500454290199703        8.6866603489320723E-005  -1.9304485681637118E-004   1.0000000000000000E-002   1.2000000000000000E-002   1.0018130280657829        0.0000000000000000        1.0018130280657829        1.0000000000000000        6.9400066739805622E-310
  0.32500441049838047        8.4334860427011699E-005  -1.8741866844873556E-004   1.0000000000000000E-002   1.2000000000000000E-002   1.0018148338595714        0.0000000000000000        1.0018148338595714        1.0000000000000000        6.9400066739805622E-310
  0.33500426068854483        8.1470286432043466E-005  -1.8105281632418979E-004   1.0000000000000000E-002   1.2000000000000000E-002   1.0018165827405192        0.0000000000000000        1.0018165827405192        1.0000000000000000        6.9400066739805622E-310
  0.34500409406372096        7.8284186680896989E-005  -1.7397241315375567E-004   1.0000000000000000E-002   1.2000000000000000E-002   1.0018182678059622        0.0000000000000000        1.0018182678059622        1.0000000000000000        6.9400066739805622E-310
  0.35500391128150144        7.4789135257783630E-005  -1.6620540968492747E-004   1.0000000000000000E-002   1.2000000000000000E-002   1.0018198824050353        0.0000000000000000        1.0018198824050353        1.0000000000000000        6.9400066739805622E-310
  0.36500371306324403        7.0998925564529330E-005  -1.5778245106545796E-004   1.0000000000000000E-002   1.2000000000000000E-002   1.0018214201649485        0.0000000000000000        1.0018214201649485        1.0000000000000000        6.9400066739805622E-310
  0.37500350019122580        6.6928515797273864E-005  -1.4873678034010851E-004   1.0000000000000000E-002   1.2000000000000000E-002   1.0018228750161080        0.0000000000000000        1.0018228750161080        1.0000000000000000        6.9400066739805622E-310
  0.38500327350555563        6.2593970063048716E-005  -1.3910410245010496E-004   1.0000000000000000E-002   1.2000000000000000E-002   1.0018242412161524        0.0000000000000000        1.0018242412161524        1.0000000000000000        6.9400066739805622E-310
  0.39500303390085784        5.8012394787297111E-005  -1.2892242369932916E-004   1.0000000000000000E-002   1.2000000000000000E-002   1.0018255133725640        0.0000000000000000        1.0018255133725640        1.0000000000000000        6.9400066739805622E-310
  0.40500278232274289        5.3201871357904282E-005  -1.1823193409821187E-004   1.0000000000000000E-002   1.2000000000000000E-002   1.0018266864639758        0.0000000000000000        1.0018266864639758        1.0000000000000000        6.9400066739805622E-310
  0.41500251976407432        4.8181384710989402E-005  -1.0707481797034291E-004   1.0000000000000000E-002   1.2000000000000000E-002   1.0018277558600115        0.0000000000000000        1.0018277558600115        1.0000000000000000        6.9400066739805622E-310
  0.42500224726105146        4.2970748401437946E-005  -9.5495117736099644E-005   1.0000000000000000E-002   1.2000000000000000E-002   1.0018287173395761        0.0000000000000000        1.0018287173395761        1.0000000000000000        6.9400066739805622E-310
  0.43500196588911877        3.7590526367124262E-005  -8.3538528792281852E-005   1.0000000000000000E-002   1.2000000000000000E-002   1.0018295671075417        0.0000000000000000        1.0018295671075417        1.0000000000000000        6.9400066739805622E-310
  0.44500167675872221        3.2061951930296020E-005  -7.1252234834950912E-005   1.0000000000000000E-002   1.2000000000000000E-002   1.0018303018096573        0.0000000000000000        1.0018303018096573        1.0000000000000000        6.9400066739805622E-310
  0.45500138101092746        2.6406843791513238E-005  -5.8684736130132364E-005   1.0000000000000000E-002   1.2000000000000000E-002   1.0018309185458785        0.0000000000000000        1.0018309185458785        1.0000000000000000        6.9400066739805622E-310
  0.46500107981291527        2.0647520049398612E-005  -4.5885623880081994E-005   1.0000000000000000E-002   1.2000000000000000E-002   1.0018314148818006        0.0000000000000000        1.0018314148818006        1.0000000000000000        6.9400066739805622E-310
  0.47500077435337629        1.4806710082746460E-005  -3.2905413645423209E-005   1.0000000000000000E-002   1.2000000000000000E-002   1.0018317888582253        0.0000000000000000        1.0018317888582253        1.0000000000000000        6.9400066739805622E-310
  0.48500046583781969        8.9074649095387091E-006  -1.9795342645956282E-005   1.0000000000000000E-002   1.2000000000000000E-002   1.0018320389989896        0.0000000000000000        1.0018320389989896        1.0000000000000000        6.9400066739805622E-310
  0.49500015548381437        2.9730660715817590E-006  -6.6071377604615122E-006   1.0000000000000000E-002   1.2000000000000000E-002   1.0018321643167085        0.0000000000000000        1.0018321643167085        1.0000000000000000        6.9400066739805622E-310
  0.50499984451618596       -2.9730660544455756E-006   6.6071359032804367E-006   1.0000000000000000E-002   1.2000000000000000E-002   1.0018321643167167        0.0000000000000000        1.0018321643167167        1.0000000000000000        6.9400066739805622E-310
  0.51499953416218047       -8.9074649180204396E-006   1.9795341805739497E-005   1.0000000000000000E-002   1.2000000000000000E-002   1.0018320389990107        0.0000000000000000        1.0018320389990107        1.0000000000000000        6.9400066739805622E-310
  0.52499922564662360       -1.4806710091440286E-005   3.2905416235351481E-005   1.0000000000000000E-002   1.2000000000000000E-002   1.0018317888582386        0.0000000000000000        1.0018317888582386        1.0000000000000000        6.9400066739805622E-310
  0.53499892018708461       -2.0647520086156424E-005   4.5885624945007919E-005   1.0000000000000000E-002   1.2000000000000000E-002   1.0018314148817968        0.0000000000000000        1.0018314148817968        1.0000000000000000        6.9400066739805622E-310
  0.54499861898907254       -2.6406843783694429E-005   5.8684735241953945E-005   1.0000000000000000E-002   1.2000000000000000E-002   1.0018309185458749        0.0000000000000000        1.0018309185458749        1.0000000000000000        6.9400066739805622E-310
  0.55499832324127774       -3.2061951903087919E-005   7.1252237048291533E-005   1.0000000000000000E-002   1.2000000000000000E-002   1.0018303018096471        0.0000000000000000        1.0018303018096471        1.0000000000000000        6.9400066739805622E-310
  0.56499803411088145       -3.7590526396510905E-005   8.3538524821236138E-005   1.0000000000000000E-002   1.2000000000000000E-002   1.0018295671075381        0.0000000000000000        1.0018295671075381        1.0000000000000000        6.9400066739805622E-310
  0.57499775273894860       -4.2970748354085986E-005   9.5495116068100572E-005   1.0000000000000000E-002   1.2000000000000000E-002   1.0018287173396001        0.0000000000000000        1.0018287173396001        1.0000000000000000        6.9400066739805622E-310
  0.58499748023592535       -4.8181384745863890E-005   1.0707482381544509E-004   1.0000000000000000E-002   1.2000000000000000E-002   1.0018277558600148        0.0000000000000000        1.0018277558600148        1.0000000000000000        6.9400066739805622E-310
  0.59499721767725711       -5.3201871348127550E-005   1.1823193190441117E-004   1.0000000000000000E-002   1.2000000000000000E-002   1.0018266864639638        0.0000000000000000        1.0018266864639638        1.0000000000000000        6.9400066739805622E-310
  0.60499696609914211       -5.8012394762208883E-005   1.2892242454753955E-004   1.0000000000000000E-002   1.2000000000000000E-002   1.0018255133725580        0.0000000000000000        1.0018255133725580        1.0000000000000000        6.9400066739805622E-310
  0.61499672649444448       -6.2593970080399123E-005   1.3910410000761431E-004   1.0000000000000000E-002   1.2000000000000000E-002   1.0018242412161527        0.0000000000000000        1.0018242412161527        1.0000000000000000        6.9400066739805622E-310
  0.62499649980877414       -6.6928515781074582E-005   1.4873678152760306E-004   1.0000000000000000E-002   1.2000000000000000E-002   1.0018228750161151        0.0000000000000000        1.0018228750161151        1.0000000000000000        6.9400066739805622E-310
  0.63499628693675592       -7.0998925544289539E-005   1.5778245150510628E-004   1.0000000000000000E-002   1.2000000000000000E-002   1.0018214201649471        0.0000000000000000        1.0018214201649471        1.0000000000000000        6.9400066739805622E-310
  0.64499608871849856       -7.4789135284062400E-005   1.6620540834555442E-004   1.0000000000000000E-002   1.2000000000000000E-002   1.0018198824050393        0.0000000000000000        1.0018198824050393        1.0000000000000000        6.9400066739805622E-310
  0.65499590593627888       -7.8284186681194291E-005   1.7397241619843129E-004   1.0000000000000000E-002   1.2000000000000000E-002   1.0018182678059568        0.0000000000000000        1.0018182678059568        1.0000000000000000        6.9400066739805622E-310
  0.66499573931145528       -8.1470286439106555E-005   1.8105281409663831E-004   1.0000000000000000E-002   1.2000000000000000E-002   1.0018165827405110        0.0000000000000000        1.0018165827405110        1.0000000000000000        6.9400066739805622E-310
  0.67499558950161953       -8.4334860430607740E-005   1.8741867075178220E-004   1.0000000000000000E-002   1.2000000000000000E-002   1.0018148338595629        0.0000000000000000        1.0018148338595629        1.0000000000000000        6.9400066739805622E-310
  0.68499545709800325       -8.6866603500906155E-005   1.9304485365712054E-004   1.0000000000000000E-002   1.2000000000000000E-002   1.0018130280657780        0.0000000000000000        1.0018130280657780        1.0000000000000000        6.9400066739805622E-310
  0.69499534262314289       -8.9055523968273223E-005   1.9790916974748995E-004   1.0000000000000000E-002   1.2000000000000000E-002   1.0018111724863801        0.0000000000000000        1.0018111724863801        1.0000000000000000        6.9400066739805622E-310
  0.70499524652881906       -9.0892983073144370E-005   2.0199241621909891E-004   1.0000000000000000E-002   1.2000000000000000E-002   1.0018092744449953        0.0000000000000000        1.0018092744449953        1.0000000000000000        6.9400066739805622E-310
  0.71499516919427242       -9.2371729382076723E-005   2.0527848335305521E-004   1.0000000000000000E-002   1.2000000000000000E-002   1.0018073414327739        0.0000000000000000        1.0018073414327739        1.0000000000000000        6.9400066739805622E-310
  0.72499511092470759       -9.3485926717331891E-005   2.0775440112696941E-004   1.0000000000000000E-002   1.2000000000000000E-002   1.0018053810787981        0.0000000000000000        1.0018053810787981        1.0000000000000000        6.9400066739805622E-310
  0.73499507195008817       -9.4231177860956729E-005   2.0941040387878473E-004   1.0000000000000000E-002   1.2000000000000000E-002   1.0018034011199703        0.0000000000000000        1.0018034011199703        1.0000000000000000        6.9400066739805622E-310
  0.74499505242422959       -9.4604541730534242E-005   2.1023995848512556E-004   1.0000000000000000E-002   1.2000000000000000E-002   1.0018014093704497        0.0000000000000000        1.0018014093704497        1.0000000000000000        6.9400066739805622E-310
  0.75499505242419229       -9.4604544656490283E-005   2.1023978420497969E-004   1.0000000000000000E-002   1.2000000000000000E-002   1.0017994136908812        0.0000000000000000        1.0017994136908812        1.0000000000000000        6.9400066739805622E-310
  0.76499507194997618       -9.4231186640196516E-005   2.0940990037843221E-004   1.0000000000000000E-002   1.2000000000000000E-002   1.0017974219572845        0.0000000000000000        1.0017974219572845        1.0000000000000000        6.9400066739805622E-310
  0.77499511092452311       -9.3485941182062100E-005   2.0775356648439214E-004   1.0000000000000000E-002   1.2000000000000000E-002   1.0017954420300186        0.0000000000000000        1.0017954420300186        1.0000000000000000        6.9400066739805622E-310
  0.78499516919401835       -9.2371749290636902E-005   2.0527733132613690E-004   1.0000000000000000E-002   1.2000000000000000E-002   1.0017934817227927        0.0000000000000000        1.0017934817227927        1.0000000000000000        6.9400066739805622E-310
  0.79499524652849929       -9.0893008199928203E-005   2.0199096744022427E-004   1.0000000000000000E-002   1.2000000000000000E-002   1.0017915487717532        0.0000000000000000        1.0017915487717532        1.0000000000000000        6.9400066739805622E-310
  0.80499534262276240       -8.9055553799386808E-005   1.9790744728798160E-004   1.0000000000000000E-002   1.2000000000000000E-002   1.0017896508050081        0.0000000000000000        1.0017896508050081        1.0000000000000000        6.9400066739805622E-310
  0.81499545709756804       -8.6866637619928405E-005   1.9304288564914174E-004   1.0000000000000000E-002   1.2000000000000000E-002   1.0017877953125238        0.0000000000000000        1.0017877953125238        1.0000000000000000        6.9400066739805622E-310
  0.82499558950113672       -8.4334898303811025E-005   1.8741648415332435E-004   1.0000000000000000E-002   1.2000000000000000E-002   1.0017859896165706        0.0000000000000000        1.0017859896165706        1.0000000000000000        6.9400066739805622E-310
  0.83499573931093241       -8.1470327447602417E-005   1.8105044594562969E-004   1.0000000000000000E-002   1.2000000000000000E-002   1.0017842408428359        0.0000000000000000        1.0017842408428359        1.0000000000000000        6.9400066739805622E-310
  0.84499590593572427       -7.8284230191441481E-005   1.7396990237106280E-004   1.0000000000000000E-002   1.2000000000000000E-002   1.0017825558922908        0.0000000000000000        1.0017825558922908        1.0000000000000000        6.9400066739805622E-310
  0.85499608871792077       -7.4789180626485521E-005   1.6620279234480506E-004   1.0000000000000000E-002   1.2000000000000000E-002   1.0017809414139713        0.0000000000000000        1.0017809414139713        1.0000000000000000        6.9400066739805622E-310
  0.86499628693616437       -7.0998972008389237E-005   1.5777976471564870E-004   1.0000000000000000E-002   1.2000000000000000E-002   1.0017794037788126        0.0000000000000000        1.0017794037788126        1.0000000000000000        6.9400066739805622E-310
  0.87499649980817751       -6.6928562627416858E-005   1.4873408068805105E-004   1.0000000000000000E-002   1.2000000000000000E-002   1.0017779490543932        0.0000000000000000        1.0017779490543932        1.0000000000000000        6.9400066739805622E-310
  0.88499672649385241       -6.2594016498108290E-005   1.3910142138762183E-004   1.0000000000000000E-002   1.2000000000000000E-002   1.0017765829810641        0.0000000000000000        1.0017765829810641        1.0000000000000000        6.9400066739805622E-310
  0.89499696609856427       -5.8012440101973907E-005   1.2891980420715043E-004   1.0000000000000000E-002   1.2000000000000000E-002   1.0017753109493934        0.0000000000000000        1.0017753109493934        1.0000000000000000        6.9400066739805622E-310
  0.90499721767670216       -5.3201914900738747E-005   1.1822942325334651E-004   1.0000000000000000E-002   1.2000000000000000E-002   1.0017741379787459        0.0000000000000000        1.0017741379787459        1.0000000000000000        6.9400066739805622E-310
  0.91499748023540273       -4.8181425739123939E-005   1.0707244913721325E-004   1.0000000000000000E-002   1.2000000000000000E-002   1.0017730686976007        0.0000000000000000        1.0017730686976007        1.0000000000000000        6.9400066739805622E-310
  0.92499775273846563       -4.2970786241898339E-005   9.5492934713448108E-005   1.0000000000000000E-002   1.2000000000000000E-002   1.0017721073252370        0.0000000000000000        1.0017721073252370        1.0000000000000000        6.9400066739805622E-310
  0.93499803411044646       -3.7590560519506485E-005   8.3536554279284303E-005   1.0000000000000000E-002   1.2000000000000000E-002   1.0017712576551154        0.0000000000000000        1.0017712576551154        1.0000000000000000        6.9400066739805622E-310
  0.94499832324089750       -3.2061981774756799E-005   7.1250510656817312E-005   1.0000000000000000E-002   1.2000000000000000E-002   1.0017705230399521        0.0000000000000000        1.0017705230399521        1.0000000000000000        6.9400066739805622E-310
  0.95499861898875260       -2.6406868867315960E-005   5.8683291012329164E-005   1.0000000000000000E-002   1.2000000000000000E-002   1.0017699063783598        0.0000000000000000        1.0017699063783598        1.0000000000000000        6.9400066739805622E-310
  0.96499892018683053       -2.0647539983914605E-005   4.5884474110913231E-005   1.0000000000000000E-002   1.2000000000000000E-002   1.0017694101035952        0.0000000000000000        1.0017694101035952        1.0000000000000000        6.9400066739805622E-310
  0.97499922564643926       -1.4806724570241405E-005   3.2904579621018115E-005   1.0000000000000000E-002   1.2000000000000000E-002   1.0017690361739051        0.0000000000000000        1.0017690361739051        1.0000000000000000        6.9400066739805622E-310
  0.98499953416206876       -8.9074736766228899E-006   1.9794831564112769E-005   1.0000000000000000E-002   1.2000000000000000E-002   1.0017687860647364        0.0000000000000000        1.0017687860647364        1.0000000000000000        6.9400066739805622E-310
  0.99499984451614809       -2.9730690062145763E-006   6.6069714952377012E-006   1.0000000000000000E-002   1.2000000000000000E-002   1.0017686607629372        0.0000000000000000        1.0017686607629372        1.0000000000000000        6.9400066739805622E-310
   1.0050001554838517        2.9730671609130582E-006  -6.3029622054955325E-006   1.0000000000000000E-002   1.2000000000000000E-002   1.0017686607629266        0.0000000000000000        1.0017686607629266        1.0000000000000000        6.9400066739805622E-310
   1.0150004658379312        8.9074681290007426E-006  -1.8884010307473886E-005   1.0000000000000000E-002   1.2000000000000000E-002   1.0017687860647313        0.0000000000000000        1.0017687860647313        1.0000000000000000        6.9400066739805622E-310
   1.0250007743535607        1.4806715337487082E-005  -3.1390535347064485E-005   1.0000000000000000E-002   1.2000000000000000E-002   1.0017690361739151        0.0000000000000000        1.0017690361739151        1.0000000000000000        6.9400066739805622E-310
   1.0350010798131692        2.0647527121299030E-005  -4.3773181041650844E-005   1.0000000000000000E-002   1.2000000000000000E-002   1.0017694101036061        0.0000000000000000        1.0017694101036061        1.0000000000000000        6.9400066739805622E-310
   1.0450013810112471        2.6406852426437485E-005  -5.5983080031296595E-005   1.0000000000000000E-002   1.2000000000000000E-002   1.0017699063783496        0.0000000000000000        1.0017699063783496        1.0000000000000000        6.9400066739805622E-310
  -5.0001554838519091E-003  -2.9734338160140121E-006  -3.5767633061438002E+077   1.0000000000000000E-002   1.2000000000000000E-002   1.0017686607629372        0.0000000000000000        1.0017686607629372        1.0000000000000000        6.9400066739805622E-310
  -1.5000465837931243E-002  -8.9085666637167877E-006   0.0000000000000000        1.0000000000000000E-002   1.2000000000000000E-002   1.0017687860647364        0.0000000000000000        1.0017687860647364        1.0000000000000000        6.9400066739805622E-310
  -2.5000774353560740E-002  -1.4808541425469804E-005  -3.5767633061438002E+077   1.0000000000000000E-002   1.2000000000000000E-002   1.0017690361739051        0.0000000000000000        1.0017690361739051        1.0000000000000000        6.9400066739805622E-310
  -3.5001079813169467E-002  -2.0650073535771446E-005   6.9400068546417920E-310   1.0000000000000000E-002   1.2000000000000000E-002   1.0017694101035952        0.0000000000000000        1.0017694101035952        1.0000000000000000        6.9400066739805622E-310
  -4.5001381011247399E-002  -2.6410109116023176E-005   6.9400066883177543E-310   1.0000000000000000E-002   1.2000000000000000E-002   1.0017699063783598        0.0000000000000000        1.0017699063783598        1.0000000000000000        6.9400066739805622E-310
