 # x, v, a, m, h, rho, u, P, c, ke
   2.5008000000000132     
   4.9997301986865637E-003  -2.6029046552255926E-006   1.1469643467876267E-005   1.0000000000000000E-002   1.2000000000000000E-002   1.0018555114296630        0.0000000000000000        1.0018555114296630        1.0000000000000000        6.9400066739805622E-310
   1.4999191661265808E-002  -7.7984393255356645E-006   3.4363639196399731E-005   1.0000000000000000E-002   1.2000000000000000E-002   1.0018552938768874        0.0000000000000000        1.0018552938768874        1.0000000000000000        6.9400066739805622E-310
   2.4998656315260034E-002  -1.2963190997433914E-005   5.7121791476433259E-005   1.0000000000000000E-002   1.2000000000000000E-002   1.0018548596313492        0.0000000000000000        1.0018548596313492        1.0000000000000000        6.9400066739805622E-310
   3.4998126274262790E-002  -1.8076771755944495E-005   7.9654088018799030E-005   1.0000000000000000E-002   1.2000000000000000E-002   1.0018542104103203        0.0000000000000000        1.0018542104103203        1.0000000000000000        6.9400066739805622E-310
   4.4997603630892224E-002  -2.3118997345212406E-005   1.0187154296392720E-004   1.0000000000000000E-002   1.2000000000000000E-002   1.0018533487809480        0.0000000000000000        1.0018533487809480        1.0000000000000000        6.9400066739805622E-310
   5.4997090448528872E-002  -2.8069963995092175E-005   1.2368634983950244E-004   1.0000000000000000E-002   1.2000000000000000E-002   1.0018522781497210        0.0000000000000000        1.0018522781497210        1.0000000000000000        6.9400066739805622E-310
   6.4996588753162679E-002  -3.2910129400311580E-005   1.4501219296381151E-004   1.0000000000000000E-002   1.2000000000000000E-002   1.0018510027498322        0.0000000000000000        1.0018510027498322        1.0000000000000000        6.9400066739805622E-310
   7.4996100525372311E-002  -3.7620388252319992E-005   1.6576491465514209E-004   1.0000000000000000E-002   1.2000000000000000E-002   1.0018495276237678        0.0000000000000000        1.0018495276237678        1.0000000000000000        6.9400066739805622E-310
   8.4995627692516576E-002  -4.2182148494356307E-005   1.8586242142326626E-004   1.0000000000000000E-002   1.2000000000000000E-002   1.0018478586032913        0.0000000000000000        1.0018478586032913        1.0000000000000000        6.9400066739805622E-310
   9.4995172121103630E-002  -4.6577404785589939E-005   2.0522540114775722E-004   1.0000000000000000E-002   1.2000000000000000E-002   1.0018460022864348        0.0000000000000000        1.0018460022864348        1.0000000000000000        6.9400066739805622E-310
  0.10499473560943075       -5.0788809056918339E-005   2.2377732026424013E-004   1.0000000000000000E-002   1.2000000000000000E-002   1.0018439660110030        0.0000000000000000        1.0018439660110030        1.0000000000000000        6.9400066739805622E-310
  0.11499431988047411       -5.4799739577546308E-005   2.4144488688992993E-004   1.0000000000000000E-002   1.2000000000000000E-002   1.0018417578260392        0.0000000000000000        1.0018417578260392        1.0000000000000000        6.9400066739805622E-310
  0.12499392657508154       -5.8594366070277934E-005   2.5815843588006260E-004   1.0000000000000000E-002   1.2000000000000000E-002   1.0018393864591577        0.0000000000000000        1.0018393864591577        1.0000000000000000        6.9400066739805622E-310
  0.13499355724550469       -6.2157712736419994E-005   2.7385196800189249E-004   1.0000000000000000E-002   1.2000000000000000E-002   1.0018368612819120        0.0000000000000000        1.0018368612819120        1.0000000000000000        6.9400066739805622E-310
  0.14499321334926829       -6.5475716891535250E-005   2.8846349384092917E-004   1.0000000000000000E-002   1.2000000000000000E-002   1.0018341922732996        0.0000000000000000        1.0018341922732996        1.0000000000000000        6.9400066739805622E-310
  0.15499289624341264       -6.8535284552685688E-005   3.0193540521672446E-004   1.0000000000000000E-002   1.2000000000000000E-002   1.0018313899799023        0.0000000000000000        1.0018313899799023        1.0000000000000000        6.9400066739805622E-310
  0.16499260717914316       -7.1324342555402647E-005   3.1421464486580675E-004   1.0000000000000000E-002   1.2000000000000000E-002   1.0018284654734866        0.0000000000000000        1.0018284654734866        1.0000000000000000        6.9400066739805622E-310
  0.17499234729690369       -7.3831885421874808E-005   3.2525277067829705E-004   1.0000000000000000E-002   1.2000000000000000E-002   1.0018254303074532        0.0000000000000000        1.0018254303074532        1.0000000000000000        6.9400066739805622E-310
  0.18499211762187592       -7.6048019442357285E-005   3.3500626647953169E-004   1.0000000000000000E-002   1.2000000000000000E-002   1.0018222964714871        0.0000000000000000        1.0018222964714871        1.0000000000000000        6.9400066739805622E-310
  0.19499191905993785       -7.7964001416412453E-005   3.4343676436066062E-004   1.0000000000000000E-002   1.2000000000000000E-002   1.0018190763437371        0.0000000000000000        1.0018190763437371        1.0000000000000000        6.9400066739805622E-310
  0.20499175239409925       -7.9572272708305377E-005   3.5051115208428740E-004   1.0000000000000000E-002   1.2000000000000000E-002   1.0018157826414111        0.0000000000000000        1.0018157826414111        1.0000000000000000        6.9400066739805622E-310
  0.21499161828142799       -8.0866489923656055E-005   3.5620156059401609E-004   1.0000000000000000E-002   1.2000000000000000E-002   1.0018124283709235        0.0000000000000000        1.0018124283709235        1.0000000000000000        6.9400066739805622E-310
  0.22499151725045793       -8.1841549297181218E-005   3.6048570185531759E-004   1.0000000000000000E-002   1.2000000000000000E-002   1.0018090267764876        0.0000000000000000        1.0018090267764876        1.0000000000000000        6.9400066739805622E-310
  0.23499144969912084       -8.2493606677558001E-005   3.6334679486582644E-004   1.0000000000000000E-002   1.2000000000000000E-002   1.0018055912874491        0.0000000000000000        1.0018055912874491        1.0000000000000000        6.9400066739805622E-310
  0.24499141589318629       -8.2820092745410239E-005   3.6477367783138703E-004   1.0000000000000000E-002   1.2000000000000000E-002   1.0018021354655195        0.0000000000000000        1.0018021354655195        1.0000000000000000        6.9400066739805622E-310
  0.25499141596522312       -8.2819723332161428E-005   3.6476092524129200E-004   1.0000000000000000E-002   1.2000000000000000E-002   1.0017986729508253        0.0000000000000000        1.0017986729508253        1.0000000000000000        6.9400066739805622E-310
  0.26499144991409745       -8.2492504810613798E-005   3.6330868518064108E-004   1.0000000000000000E-002   1.2000000000000000E-002   1.0017952174082576        0.0000000000000000        1.0017952174082576        1.0000000000000000        6.9400066739805622E-310
  0.27499151760498231       -8.1839732026494407E-005   3.6042287251536465E-004   1.0000000000000000E-002   1.2000000000000000E-002   1.0017917824736222        0.0000000000000000        1.0017917824736222        1.0000000000000000        6.9400066739805622E-310
  0.28499161876990953       -8.0863986180551529E-005   3.5611498216603366E-004   1.0000000000000000E-002   1.2000000000000000E-002   1.0017883816997935        0.0000000000000000        1.0017883816997935        1.0000000000000000        6.9400066739805622E-310
  0.29499175300883340       -7.9569121873974830E-005   3.5040220353099727E-004   1.0000000000000000E-002   1.2000000000000000E-002   1.0017850285032304        0.0000000000000000        1.0017850285032304        1.0000000000000000        6.9400066739805622E-310
  0.30499191979122930       -7.7960252864985765E-005   3.4330718450270581E-004   1.0000000000000000E-002   1.2000000000000000E-002   1.0017817361110424        0.0000000000000000        1.0017817361110424        1.0000000000000000        6.9400066739805622E-310
  0.31499211845819403       -7.6043732802340527E-005   3.3485805627986309E-004   1.0000000000000000E-002   1.2000000000000000E-002   1.0017785175090776        0.0000000000000000        1.0017785175090776        1.0000000000000000        6.9400066739805622E-310
  0.32499234822505974       -7.3827127989979898E-005   3.2508825602217684E-004   1.0000000000000000E-002   1.2000000000000000E-002   1.0017753853907352        0.0000000000000000        1.0017753853907352        1.0000000000000000        6.9400066739805622E-310
  0.33499260818449683       -7.1319189413624758E-005   3.1403647561578651E-004   1.0000000000000000E-002   1.2000000000000000E-002   1.0017723521068673        0.0000000000000000        1.0017723521068673        1.0000000000000000        6.9400066739805622E-310
  0.34499289731010946       -6.8529816971842858E-005   3.0174637981605912E-004   1.0000000000000000E-002   1.2000000000000000E-002   1.0017694296172939        0.0000000000000000        1.0017694296172939        1.0000000000000000        6.9400066739805622E-310
  0.35499321446048704       -6.5470020858695286E-005   2.8826657525904409E-004   1.0000000000000000E-002   1.2000000000000000E-002   1.0017666294437253        0.0000000000000000        1.0017666294437253        1.0000000000000000        6.9400066739805622E-310
  0.36499355838372294       -6.2151878574762633E-005   2.7365021003777912E-004   1.0000000000000000E-002   1.2000000000000000E-002   1.0017639626248163        0.0000000000000000        1.0017639626248163        1.0000000000000000        6.9400066739805622E-310
  0.37499392772234419       -5.8588485548159305E-005   2.5795512334969573E-004   1.0000000000000000E-002   1.2000000000000000E-002   1.0017614396723997        0.0000000000000000        1.0017614396723997        1.0000000000000000        6.9400066739805622E-310
  0.38499432101868913       -5.4793905418874487E-005   2.4124319982465892E-004   1.0000000000000000E-002   1.2000000000000000E-002   1.0017590705300059        0.0000000000000000        1.0017590705300059        1.0000000000000000        6.9400066739805622E-310
  0.39499473672065144       -5.0783113375854459E-005   2.2358035681691035E-004   1.0000000000000000E-002   1.2000000000000000E-002   1.0017568645346380        0.0000000000000000        1.0017568645346380        1.0000000000000000        6.9400066739805622E-310
  0.40499517318780148       -4.6571937183057245E-005   2.0503636181157248E-004   1.0000000000000000E-002   1.2000000000000000E-002   1.0017548303793071        0.0000000000000000        1.0017548303793071        1.0000000000000000        6.9400066739805622E-310
  0.41499562869786993       -4.2176995107608766E-005   1.8568426236331703E-004   1.0000000000000000E-002   1.2000000000000000E-002   1.0017529760792900        0.0000000000000000        1.0017529760792900        1.0000000000000000        6.9400066739805622E-310
  0.42499610145352762       -3.7615630690396919E-005   1.6560041542490467E-004   1.0000000000000000E-002   1.2000000000000000E-002   1.0017513089408818        0.0000000000000000        1.0017513089408818        1.0000000000000000        6.9400066739805622E-310
  0.43499658958948056       -3.2905842853525923E-005   1.4486399980562226E-004   1.0000000000000000E-002   1.2000000000000000E-002   1.0017498355322878        0.0000000000000000        1.0017498355322878        1.0000000000000000        6.9400066739805622E-310
  0.44499709117982333       -2.8066215502575280E-005   1.2355672286190611E-004   1.0000000000000000E-002   1.2000000000000000E-002   1.0017485616583222        0.0000000000000000        1.0017485616583222        1.0000000000000000        6.9400066739805622E-310
  0.45499760424562674       -2.3115846289825715E-005   1.0176260505279089E-004   1.0000000000000000E-002   1.2000000000000000E-002   1.0017474923373968        0.0000000000000000        1.0017474923373968        1.0000000000000000        6.9400066739805622E-310
  0.46499812676274421       -1.8074268060252127E-005   7.9567519667200770E-005   1.0000000000000000E-002   1.2000000000000000E-002   1.0017466317818517        0.0000000000000000        1.0017466317818517        1.0000000000000000        6.9400066739805622E-310
  0.47499865666978403       -1.2961373688661143E-005   5.7058976918433757E-005   1.0000000000000000E-002   1.2000000000000000E-002   1.0017459833813278        0.0000000000000000        1.0017459833813278        1.0000000000000000        6.9400066739805622E-310
  0.48499919187624374       -7.7973376819102628E-006   3.4325505677834656E-005   1.0000000000000000E-002   1.2000000000000000E-002   1.0017455496902186        0.0000000000000000        1.0017455496902186        1.0000000000000000        6.9400066739805622E-310
  0.49499973027072403       -2.6025353996650719E-006   1.1456882338833907E-005   1.0000000000000000E-002   1.2000000000000000E-002   1.0017453324169685        0.0000000000000000        1.0017453324169685        1.0000000000000000        6.9400066739805622E-310
  0.50500026972927570        2.6025354646339275E-006  -1.1456864408287970E-005   1.0000000000000000E-002   1.2000000000000000E-002   1.0017453324168697        0.0000000000000000        1.0017453324168697        1.0000000000000000        6.9400066739805622E-310
  0.51500080812375870        7.7973376119853755E-006  -3.4325561637515989E-005   1.0000000000000000E-002   1.2000000000000000E-002   1.0017455496903143        0.0000000000000000        1.0017455496903143        1.0000000000000000        6.9400066739805622E-310
  0.52500134333021342        1.2961373602110637E-005  -5.7058916208774235E-005   1.0000000000000000E-002   1.2000000000000000E-002   1.0017459833814015        0.0000000000000000        1.0017459833814015        1.0000000000000000        6.9400066739805622E-310
  0.53500187323725634        1.8074268017608907E-005  -7.9567525768098335E-005   1.0000000000000000E-002   1.2000000000000000E-002   1.0017466317816648        0.0000000000000000        1.0017466317816648        1.0000000000000000        6.9400066739805622E-310
  0.54500239575437515        2.3115846498082596E-005  -1.0176262869698860E-004   1.0000000000000000E-002   1.2000000000000000E-002   1.0017474923373637        0.0000000000000000        1.0017474923373637        1.0000000000000000        6.9400066739805622E-310
  0.55500290882017767        2.8066215629223917E-005  -1.2355671711183902E-004   1.0000000000000000E-002   1.2000000000000000E-002   1.0017485616583588        0.0000000000000000        1.0017485616583588        1.0000000000000000        6.9400066739805622E-310
  0.56500341041052049        3.2905842494724813E-005  -1.4486400623958673E-004   1.0000000000000000E-002   1.2000000000000000E-002   1.0017498355323236        0.0000000000000000        1.0017498355323236        1.0000000000000000        6.9400066739805622E-310
  0.57500389854647282        3.7615630674151701E-005  -1.6560042144853071E-004   1.0000000000000000E-002   1.2000000000000000E-002   1.0017513089409804        0.0000000000000000        1.0017513089409804        1.0000000000000000        6.9400066739805622E-310
  0.58500437130212890        4.2176995398871195E-005  -1.8568423447007376E-004   1.0000000000000000E-002   1.2000000000000000E-002   1.0017529760792896        0.0000000000000000        1.0017529760792896        1.0000000000000000        6.9400066739805622E-310
  0.59500482681219891        4.6571937079106353E-005  -2.0503636157442884E-004   1.0000000000000000E-002   1.2000000000000000E-002   1.0017548303791757        0.0000000000000000        1.0017548303791757        1.0000000000000000        6.9400066739805622E-310
  0.60500526327935034        5.0783113426855952E-005  -2.2358037312741885E-004   1.0000000000000000E-002   1.2000000000000000E-002   1.0017568645345856        0.0000000000000000        1.0017568645345856        1.0000000000000000        6.9400066739805622E-310
  0.61500567898131220        5.4793905308704313E-005  -2.4124319491480861E-004   1.0000000000000000E-002   1.2000000000000000E-002   1.0017590705300023        0.0000000000000000        1.0017590705300023        1.0000000000000000        6.9400066739805622E-310
  0.62500607227765759        5.8588485472724238E-005  -2.5795513211690491E-004   1.0000000000000000E-002   1.2000000000000000E-002   1.0017614396724075        0.0000000000000000        1.0017614396724075        1.0000000000000000        6.9400066739805622E-310
  0.63500644161627839        6.2151878557796834E-005  -2.7365021771075249E-004   1.0000000000000000E-002   1.2000000000000000E-002   1.0017639626249089        0.0000000000000000        1.0017639626249089        1.0000000000000000        6.9400066739805622E-310
  0.64500678553951263        6.5470020840149845E-005  -2.8826655302083282E-004   1.0000000000000000E-002   1.2000000000000000E-002   1.0017666294437440        0.0000000000000000        1.0017666294437440        1.0000000000000000        6.9400066739805622E-310
  0.65500710268989160        6.8529817140932346E-005  -3.0174639299751504E-004   1.0000000000000000E-002   1.2000000000000000E-002   1.0017694296172786        0.0000000000000000        1.0017694296172786        1.0000000000000000        6.9400066739805622E-310
  0.66500739181550317        7.1319189369149552E-005  -3.1403646159500198E-004   1.0000000000000000E-002   1.2000000000000000E-002   1.0017723521068458        0.0000000000000000        1.0017723521068458        1.0000000000000000        6.9400066739805622E-310
  0.67500765177494182        7.3827128155020338E-005  -3.2508827835808773E-004   1.0000000000000000E-002   1.2000000000000000E-002   1.0017753853907487        0.0000000000000000        1.0017753853907487        1.0000000000000000        6.9400066739805622E-310
  0.68500788154180570        7.6043732642110313E-005  -3.3485803885824339E-004   1.0000000000000000E-002   1.2000000000000000E-002   1.0017785175091154        0.0000000000000000        1.0017785175091154        1.0000000000000000        6.9400066739805622E-310
  0.69500808020877136        7.7960252886961797E-005  -3.4330718942321425E-004   1.0000000000000000E-002   1.2000000000000000E-002   1.0017817361110211        0.0000000000000000        1.0017817361110211        1.0000000000000000        6.9400066739805622E-310
  0.70500824699116682        7.9569121784260217E-005  -3.5040219494231195E-004   1.0000000000000000E-002   1.2000000000000000E-002   1.0017850285031937        0.0000000000000000        1.0017850285031937        1.0000000000000000        6.9400066739805622E-310
  0.71500838123009192        8.0863986135052131E-005  -3.5611499529775159E-004   1.0000000000000000E-002   1.2000000000000000E-002   1.0017883816997781        0.0000000000000000        1.0017883816997781        1.0000000000000000        6.9400066739805622E-310
  0.72500848239501814        8.1839732169317525E-005  -3.6042285685233821E-004   1.0000000000000000E-002   1.2000000000000000E-002   1.0017917824735936        0.0000000000000000        1.0017917824735936        1.0000000000000000        6.9400066739805622E-310
  0.73500855008590460        8.2492504703776787E-005  -3.6330870261735981E-004   1.0000000000000000E-002   1.2000000000000000E-002   1.0017952174082418        0.0000000000000000        1.0017952174082418        1.0000000000000000        6.9400066739805622E-310
  0.74500858403477765        8.2819723537673915E-005  -3.6476091447212866E-004   1.0000000000000000E-002   1.2000000000000000E-002   1.0017986729508384        0.0000000000000000        1.0017986729508384        1.0000000000000000        6.9400066739805622E-310
  0.75500858410681559        8.2820092553946098E-005  -3.6477370706133883E-004   1.0000000000000000E-002   1.2000000000000000E-002   1.0018021354656117        0.0000000000000000        1.0018021354656117        1.0000000000000000        6.9400066739805622E-310
  0.76500855030087811        8.2493606706361946E-005  -3.6334677545291072E-004   1.0000000000000000E-002   1.2000000000000000E-002   1.0018055912875912        0.0000000000000000        1.0018055912875912        1.0000000000000000        6.9400066739805622E-310
  0.77500848274954082        8.1841549274920975E-005  -3.6048568989510699E-004   1.0000000000000000E-002   1.2000000000000000E-002   1.0018090267764819        0.0000000000000000        1.0018090267764819        1.0000000000000000        6.9400066739805622E-310
  0.78500838171857124        8.0866490100736709E-005  -3.5620155627924532E-004   1.0000000000000000E-002   1.2000000000000000E-002   1.0018124283708496        0.0000000000000000        1.0018124283708496        1.0000000000000000        6.9400066739805622E-310
  0.79500824760590105        7.9572272713076070E-005  -3.5051115636886010E-004   1.0000000000000000E-002   1.2000000000000000E-002   1.0018157826413376        0.0000000000000000        1.0018157826413376        1.0000000000000000        6.9400066739805622E-310
  0.80500808094006282        7.7964001398181688E-005  -3.4343676551351621E-004   1.0000000000000000E-002   1.2000000000000000E-002   1.0018190763436832        0.0000000000000000        1.0018190763436832        1.0000000000000000        6.9400066739805622E-310
  0.81500788237812560        7.6048019380911184E-005  -3.3500629018856642E-004   1.0000000000000000E-002   1.2000000000000000E-002   1.0018222964715451        0.0000000000000000        1.0018222964715451        1.0000000000000000        6.9400066739805622E-310
  0.82500765270309573        7.3831885505805446E-005  -3.2525275414396759E-004   1.0000000000000000E-002   1.2000000000000000E-002   1.0018254303075518        0.0000000000000000        1.0018254303075518        1.0000000000000000        6.9400066739805622E-310
  0.83500739282085612        7.1324342582642616E-005  -3.1421463581615683E-004   1.0000000000000000E-002   1.2000000000000000E-002   1.0018284654734593        0.0000000000000000        1.0018284654734593        1.0000000000000000        6.9400066739805622E-310
  0.84500710375658772        6.8535284419705066E-005  -3.0193543134515721E-004   1.0000000000000000E-002   1.2000000000000000E-002   1.0018313899799602        0.0000000000000000        1.0018313899799602        1.0000000000000000        6.9400066739805622E-310
  0.85500678665072971        6.5475716927473462E-005  -2.8846347038413711E-004   1.0000000000000000E-002   1.2000000000000000E-002   1.0018341922733653        0.0000000000000000        1.0018341922733653        1.0000000000000000        6.9400066739805622E-310
  0.86500644275449412        6.2157712746078203E-005  -2.7385195880746949E-004   1.0000000000000000E-002   1.2000000000000000E-002   1.0018368612818305        0.0000000000000000        1.0018368612818305        1.0000000000000000        6.9400066739805622E-310
  0.87500607342491821        5.8594366060221755E-005  -2.5815843115051251E-004   1.0000000000000000E-002   1.2000000000000000E-002   1.0018393864590167        0.0000000000000000        1.0018393864590167        1.0000000000000000        6.9400066739805622E-310
  0.88500568011952774        5.4799739596659518E-005  -2.4144491868050011E-004   1.0000000000000000E-002   1.2000000000000000E-002   1.0018417578260117        0.0000000000000000        1.0018417578260117        1.0000000000000000        6.9400066739805622E-310
  0.89500526439056960        5.0788809035878095E-005  -2.2377731607559070E-004   1.0000000000000000E-002   1.2000000000000000E-002   1.0018439660111100        0.0000000000000000        1.0018439660111100        1.0000000000000000        6.9400066739805622E-310
  0.90500482787889558        4.6577404826750686E-005  -2.0522537215672543E-004   1.0000000000000000E-002   1.2000000000000000E-002   1.0018460022863831        0.0000000000000000        1.0018460022863831        1.0000000000000000        6.9400066739805622E-310
  0.91500437230748510        4.2182148363759927E-005  -1.8586244921081629E-004   1.0000000000000000E-002   1.2000000000000000E-002   1.0018478586032429        0.0000000000000000        1.0018478586032429        1.0000000000000000        6.9400066739805622E-310
  0.92500389947462802        3.7620388237086152E-005  -1.6576491305819729E-004   1.0000000000000000E-002   1.2000000000000000E-002   1.0018495276238355        0.0000000000000000        1.0018495276238355        1.0000000000000000        6.9400066739805622E-310
  0.93500341124683750        3.2910129357360369E-005  -1.4501220019269567E-004   1.0000000000000000E-002   1.2000000000000000E-002   1.0018510027499212        0.0000000000000000        1.0018510027499212        1.0000000000000000        6.9400066739805622E-310
  0.94500290955146959        2.8069963834084080E-005  -1.2368632615888941E-004   1.0000000000000000E-002   1.2000000000000000E-002   1.0018522781497445        0.0000000000000000        1.0018522781497445        1.0000000000000000        6.9400066739805622E-310
  0.95500239636910744        2.3118997547199132E-005  -1.0187155080121357E-004   1.0000000000000000E-002   1.2000000000000000E-002   1.0018533487808905        0.0000000000000000        1.0018533487808905        1.0000000000000000        6.9400066739805622E-310
  0.96500187372573720        1.8076771855651304E-005  -7.9654109778282134E-005   1.0000000000000000E-002   1.2000000000000000E-002   1.0018542104104005        0.0000000000000000        1.0018542104104005        1.0000000000000000        6.9400066739805622E-310
  0.97500134368473779        1.2963190895622041E-005  -5.7121766078083169E-005   1.0000000000000000E-002   1.2000000000000000E-002   1.0018548596314125        0.0000000000000000        1.0018548596314125        1.0000000000000000        6.9400066739805622E-310
  0.98500080833873260        7.7984395685891768E-006  -3.4363619323407590E-005   1.0000000000000000E-002   1.2000000000000000E-002   1.0018552938767471        0.0000000000000000        1.0018552938767471        1.0000000000000000        6.9400066739805622E-310
  0.99500026980131440        2.6029044929585837E-006  -1.1469668968366875E-005   1.0000000000000000E-002   1.2000000000000000E-002   1.0018555114295487        0.0000000000000000        1.0018555114295487        1.0000000000000000        6.9400066739805622E-310
   1.0049997301986866       -2.6029013610734414E-006   1.1202717268510298E-005   1.0000000000000000E-002   1.2000000000000000E-002   1.0018555114296630        0.0000000000000000        1.0018555114296630        1.0000000000000000        6.9400066739805622E-310
   1.0149991916612657       -7.7984294500666882E-006   3.3563910483813686E-005   1.0000000000000000E-002   1.2000000000000000E-002   1.0018552938768874        0.0000000000000000        1.0018552938768874        1.0000000000000000        6.9400066739805622E-310
   1.0249986563152600       -1.2963174582548463E-005   5.5792400867282765E-005   1.0000000000000000E-002   1.2000000000000000E-002   1.0018548596313492        0.0000000000000000        1.0018548596313492        1.0000000000000000        6.9400066739805622E-310
   1.0349981262742627       -1.8076748869361200E-005   7.7800316379494916E-005   1.0000000000000000E-002   1.2000000000000000E-002   1.0018542104103203        0.0000000000000000        1.0018542104103203        1.0000000000000000        6.9400066739805622E-310
   1.0449976036308923       -2.3118968077316564E-005   9.9500691280951514E-005   1.0000000000000000E-002   1.2000000000000000E-002   1.0018533487809480        0.0000000000000000        1.0018533487809480        1.0000000000000000        6.9400066739805622E-310
  -4.9997301986856035E-003   2.6032247961803961E-006  -3.5767633061438002E+077   1.0000000000000000E-002   1.2000000000000000E-002   1.0018555114295487        0.0000000000000000        1.0018555114295487        1.0000000000000000        6.9400066739805622E-310
  -1.4999191661267397E-002   7.7993992570309578E-006   0.0000000000000000        1.0000000000000000E-002   1.2000000000000000E-002   1.0018552938767471        0.0000000000000000        1.0018552938767471        1.0000000000000000        6.9400066739805622E-310
  -2.4998656315262213E-002   1.2964786152890191E-005  -3.5767633061438002E+077   1.0000000000000000E-002   1.2000000000000000E-002   1.0018548596314125        0.0000000000000000        1.0018548596314125        1.0000000000000000        6.9400066739805622E-310
  -3.4998126274262797E-002   1.8078996384385323E-005   6.9400068546417920E-310   1.0000000000000000E-002   1.2000000000000000E-002   1.0018542104104005        0.0000000000000000        1.0018542104104005        1.0000000000000000        6.9400066739805622E-310
  -4.4997603630892558E-002   2.3121842582091607E-005   6.9400066883177543E-310   1.0000000000000000E-002   1.2000000000000000E-002   1.0018533487808905        0.0000000000000000        1.0018533487808905        1.0000000000000000        6.9400066739805622E-310
