 # x, v, a, m, h, rho, u, P, c, ke
  0.80159999999999676     
   4.9995801863245452E-003   1.5418519394338370E-006   1.7838098833600213E-005   1.0000000000000000E-002   1.2000000000000000E-002   1.0018861502718768        0.0000000000000000        1.0018861502718768        1.0000000000000000        6.9400066739805622E-310
   1.4998742215609500E-002   4.6194699787484380E-006   5.3443934618258027E-005   1.0000000000000000E-002   1.2000000000000000E-002   1.0018858119069358        0.0000000000000000        1.0018858119069358        1.0000000000000000        6.9400066739805622E-310
   2.4997909208269938E-002   7.6788546723722491E-006   8.8838916454392347E-005   1.0000000000000000E-002   1.2000000000000000E-002   1.0018851365124921        0.0000000000000000        1.0018851365124921        1.0000000000000000        6.9400066739805622E-310
   3.4997084451464835E-002   1.0707929898732210E-005   1.2388339535629456E-004   1.0000000000000000E-002   1.2000000000000000E-002   1.0018841267543102        0.0000000000000000        1.0018841267543102        1.0000000000000000        6.9400066739805622E-310
   4.4996271199805003E-002   1.3694739908705685E-005   1.5843911606250316E-004   1.0000000000000000E-002   1.2000000000000000E-002   1.0018827866178304        0.0000000000000000        1.0018827866178304        1.0000000000000000        6.9400066739805622E-310
   5.4995472662515081E-002   1.6627495511554221E-005   1.9236973282410474E-004   1.0000000000000000E-002   1.2000000000000000E-002   1.0018811213924768        0.0000000000000000        1.0018811213924768        1.0000000000000000        6.9400066739805622E-310
   6.4994691990771125E-002   1.9494621126116191E-005   2.2554139766040038E-004   1.0000000000000000E-002   1.2000000000000000E-002   1.0018791376506846        0.0000000000000000        1.0018791376506846        1.0000000000000000        6.9400066739805622E-310
   7.4993932265272581E-002   2.2284800235523868E-005   2.5782319954270605E-004   1.0000000000000000E-002   1.2000000000000000E-002   1.0018768432220475        0.0000000000000000        1.0018768432220475        1.0000000000000000        6.9400066739805622E-310
   8.4993196484083988E-002   2.4987020118364748E-005   2.8908777894187665E-004   1.0000000000000000E-002   1.2000000000000000E-002   1.0018742471624684        0.0000000000000000        1.0018742471624684        1.0000000000000000        6.9400066739805622E-310
   9.4992487550808663E-002   2.7590615415795986E-005   3.1921177812144208E-004   1.0000000000000000E-002   1.2000000000000000E-002   1.0018713597182285        0.0000000000000000        1.0018713597182285        1.0000000000000000        6.9400066739805622E-310
  0.10499180826313283        3.0085310060847261E-005   3.4807631885946932E-004   1.0000000000000000E-002   1.2000000000000000E-002   1.0018681922856687        0.0000000000000000        1.0018681922856687        1.0000000000000000        6.9400066739805622E-310
  0.11499116130178541        3.2461258240959744E-005   3.7556750390965732E-004   1.0000000000000000E-002   1.2000000000000000E-002   1.0018647573661907        0.0000000000000000        1.0018647573661907        1.0000000000000000        6.9400066739805622E-310
  0.12499054921996096        3.4709082864742543E-005   4.0157684638497670E-004   1.0000000000000000E-002   1.2000000000000000E-002   1.0018610685168605        0.0000000000000000        1.0018610685168605        1.0000000000000000        6.9400066739805622E-310
  0.13498997443324387        3.6819912575478530E-005   4.2600171455475788E-004   1.0000000000000000E-002   1.2000000000000000E-002   1.0018571402968481        0.0000000000000000        1.0018571402968481        1.0000000000000000        6.9400066739805622E-310
  0.14498943921007734        3.8785417052274336E-005   4.4874569765962491E-004   1.0000000000000000E-002   1.2000000000000000E-002   1.0018529882100207        0.0000000000000000        1.0018529882100207        1.0000000000000000        6.9400066739805622E-310
  0.15498894566280849        4.0597839659190211E-005   4.6971902815240441E-004   1.0000000000000000E-002   1.2000000000000000E-002   1.0018486286437842        0.0000000000000000        1.0018486286437842        1.0000000000000000        6.9400066739805622E-310
  0.16498849573935168        4.2250028266004917E-005   4.8883891141393576E-004   1.0000000000000000E-002   1.2000000000000000E-002   1.0018440788043774        0.0000000000000000        1.0018440788043774        1.0000000000000000        6.9400066739805622E-310
  0.17498809121549755        4.3735463019376455E-005   5.0602989399894938E-004   1.0000000000000000E-002   1.2000000000000000E-002   1.0018393566488473        0.0000000000000000        1.0018393566488473        1.0000000000000000        6.9400066739805622E-310
  0.18498773368790566        4.5048282517821447E-005   5.2122409628374555E-004   1.0000000000000000E-002   1.2000000000000000E-002   1.0018344808141808        0.0000000000000000        1.0018344808141808        1.0000000000000000        6.9400066739805622E-310
  0.19498742456779811        4.6183306908012860E-005   5.3436153151231736E-004   1.0000000000000000E-002   1.2000000000000000E-002   1.0018294705438076        0.0000000000000000        1.0018294705438076        1.0000000000000000        6.9400066739805622E-310
  0.20498716507538833        4.7136057908797749E-005   5.4539029324285337E-004   1.0000000000000000E-002   1.2000000000000000E-002   1.0018243456117182        0.0000000000000000        1.0018243456117182        1.0000000000000000        6.9400066739805622E-310
  0.21498695623505759        4.7902776972999526E-005   5.5426684973891582E-004   1.0000000000000000E-002   1.2000000000000000E-002   1.0018191262443106        0.0000000000000000        1.0018191262443106        1.0000000000000000        6.9400066739805622E-310
  0.22498679887131179        4.8480439746544134E-005   5.6095612522089056E-004   1.0000000000000000E-002   1.2000000000000000E-002   1.0018138330404531        0.0000000000000000        1.0018138330404531        1.0000000000000000        6.9400066739805622E-310
  0.23498669360552132        4.8866768038338883E-005   5.6543167136791084E-004   1.0000000000000000E-002   1.2000000000000000E-002   1.0018084868903543        0.0000000000000000        1.0018084868903543        1.0000000000000000        6.9400066739805622E-310
  0.24498664085346367        4.9060238922028627E-005   5.6767576998595359E-004   1.0000000000000000E-002   1.2000000000000000E-002   1.0018031088931441        0.0000000000000000        1.0018031088931441        1.0000000000000000        6.9400066739805622E-310
  0.25498664082367500        4.9060090539502044E-005   5.6767955424241734E-004   1.0000000000000000E-002   1.2000000000000000E-002   1.0017977202734183        0.0000000000000000        1.0017977202734183        1.0000000000000000        6.9400066739805622E-310
  0.26498669351662602        4.8866325302336489E-005   5.6544294704519160E-004   1.0000000000000000E-002   1.2000000000000000E-002   1.0017923422974864        0.0000000000000000        1.0017923422974864        1.0000000000000000        6.9400066739805622E-310
  0.27498679872471232        4.8479709642199219E-005   5.6097470788696313E-004   1.0000000000000000E-002   1.2000000000000000E-002   1.0017869961897201        0.0000000000000000        1.0017869961897201        1.0000000000000000        6.9400066739805622E-310
  0.28498695603306567        4.7901770974583181E-005   5.5429245803217952E-004   1.0000000000000000E-002   1.2000000000000000E-002   1.0017817030485576        0.0000000000000000        1.0017817030485576        1.0000000000000000        6.9400066739805622E-310
  0.29498716482118953        4.7134791940636387E-005   5.4542252647671319E-004   1.0000000000000000E-002   1.2000000000000000E-002   1.0017764837631504        0.0000000000000000        1.0017764837631504        1.0000000000000000        6.9400066739805622E-310
  0.30498742426540221        4.6181800885088327E-005   5.3439985958814162E-004   1.0000000000000000E-002   1.2000000000000000E-002   1.0017713589311583        0.0000000000000000        1.0017713589311583        1.0000000000000000        6.9400066739805622E-310
  0.31498773334208080        4.5046560153554307E-005   5.2126792955231593E-004   1.0000000000000000E-002   1.2000000000000000E-002   1.0017663487774329        0.0000000000000000        1.0017663487774329        1.0000000000000000        6.9400066739805622E-310
  0.32498809083169683        4.3733551458001133E-005   5.0607855487161402E-004   1.0000000000000000E-002   1.2000000000000000E-002   1.0017614730739939        0.0000000000000000        1.0017614730739939        1.0000000000000000        6.9400066739805622E-310
  0.33498849532362840        4.2247957646179008E-005   4.8889162494525351E-004   1.0000000000000000E-002   1.2000000000000000E-002   1.0017567510621792        0.0000000000000000        1.0017567510621792        1.0000000000000000        6.9400066739805622E-310
  0.34498894522171991        4.0595642946267874E-005   4.6977494675815024E-004   1.0000000000000000E-002   1.2000000000000000E-002   1.0017522013768125        0.0000000000000000        1.0017522013768125        1.0000000000000000        6.9400066739805622E-310
  0.35498943875057981        3.8783128589682709E-005   4.4880393428758936E-004   1.0000000000000000E-002   1.2000000000000000E-002   1.0017478419726065        0.0000000000000000        1.0017478419726065        1.0000000000000000        6.9400066739805622E-310
  0.36498997396258243        3.6817568502957224E-005   4.2606137481548956E-004   1.0000000000000000E-002   1.2000000000000000E-002   1.0017436900531624        0.0000000000000000        1.0017436900531624        1.0000000000000000        6.9400066739805622E-310
  0.37499054874555754        3.4706720032895608E-005   4.0163699826223365E-004   1.0000000000000000E-002   1.2000000000000000E-002   1.0017397620030966        0.0000000000000000        1.0017397620030966        1.0000000000000000        6.9400066739805622E-310
  0.38499116083112278        3.2458914149548085E-005   3.7562717683048419E-004   1.0000000000000000E-002   1.2000000000000000E-002   1.0017360733236591        0.0000000000000000        1.0017360733236591        1.0000000000000000        6.9400066739805622E-310
  0.39499180780363402        3.0083021645431659E-005   3.4813457026583450E-004   1.0000000000000000E-002   1.2000000000000000E-002   1.0017326385714416        0.0000000000000000        1.0017326385714416        1.0000000000000000        6.9400066739805622E-310
  0.40499248710972030        2.7588418517182052E-005   3.1926768843693054E-004   1.0000000000000000E-002   1.2000000000000000E-002   1.0017294713008809        0.0000000000000000        1.0017294713008809        1.0000000000000000        6.9400066739805622E-310
  0.41499319606836149        2.4984949588111847E-005   2.8914048283823490E-004   1.0000000000000000E-002   1.2000000000000000E-002   1.0017265840107628        0.0000000000000000        1.0017265840107628        1.0000000000000000        6.9400066739805622E-310
  0.42499393188147222        2.2282888762788016E-005   2.5787186444325982E-004   1.0000000000000000E-002   1.2000000000000000E-002   1.0017239880949202        0.0000000000000000        1.0017239880949202        1.0000000000000000        6.9400066739805622E-310
  0.43499469164494686        1.9492898766977619E-005   2.2558522961357852E-004   1.0000000000000000E-002   1.2000000000000000E-002   1.0017216937975006        0.0000000000000000        1.0017216937975006        1.0000000000000000        6.9400066739805622E-310
  0.44499547236011955        1.6625989472393056E-005   1.9240807166642782E-004   1.0000000000000000E-002   1.2000000000000000E-002   1.0017197101723165        0.0000000000000000        1.0017197101723165        1.0000000000000000        6.9400066739805622E-310
  0.45499627094560763        1.3693473975065079E-005   1.5847134602164914E-004   1.0000000000000000E-002   1.2000000000000000E-002   1.0017180450470242        0.0000000000000000        1.0017180450470242        1.0000000000000000        6.9400066739805622E-310
  0.46499708424947500        1.0706923912271125E-005   1.2390899377123787E-004   1.0000000000000000E-002   1.2000000000000000E-002   1.0017167049926081        0.0000000000000000        1.0017167049926081        1.0000000000000000        6.9400066739805622E-310
  0.47499790906167216        7.6781243130717554E-006   8.8857496824523707E-005   1.0000000000000000E-002   1.2000000000000000E-002   1.0017156952971733        0.0000000000000000        1.0017156952971733        1.0000000000000000        6.9400066739805622E-310
  0.48499874212671557        4.6190273487080923E-006   5.3455201767249605E-005   1.0000000000000000E-002   1.2000000000000000E-002   1.0017150199451135        0.0000000000000000        1.0017150199451135        1.0000000000000000        6.9400066739805622E-310
  0.49499958015653578        1.5417036599182280E-006   1.7841888825032015E-005   1.0000000000000000E-002   1.2000000000000000E-002   1.0017146816014628        0.0000000000000000        1.0017146816014628        1.0000000000000000        6.9400066739805622E-310
  0.50500041984346400       -1.5417036310069344E-006  -1.7841891819081468E-005   1.0000000000000000E-002   1.2000000000000000E-002   1.0017146816014759        0.0000000000000000        1.0017146816014759        1.0000000000000000        6.9400066739805622E-310
  0.51500125787328388       -4.6190272237531016E-006  -5.3455194710672060E-005   1.0000000000000000E-002   1.2000000000000000E-002   1.0017150199451097        0.0000000000000000        1.0017150199451097        1.0000000000000000        6.9400066739805622E-310
  0.52500209093832761       -7.6781245452380262E-006  -8.8857493317107128E-005   1.0000000000000000E-002   1.2000000000000000E-002   1.0017156952971182        0.0000000000000000        1.0017156952971182        1.0000000000000000        6.9400066739805622E-310
  0.53500291575052572       -1.0706923864779555E-005  -1.2390900848835429E-004   1.0000000000000000E-002   1.2000000000000000E-002   1.0017167049926075        0.0000000000000000        1.0017167049926075        1.0000000000000000        6.9400066739805622E-310
  0.54500372905439209       -1.3693473860062675E-005  -1.5847133530932922E-004   1.0000000000000000E-002   1.2000000000000000E-002   1.0017180450470424        0.0000000000000000        1.0017180450470424        1.0000000000000000        6.9400066739805622E-310
  0.55500452763988073       -1.6625989529500417E-005  -1.9240807772114010E-004   1.0000000000000000E-002   1.2000000000000000E-002   1.0017197101723068        0.0000000000000000        1.0017197101723068        1.0000000000000000        6.9400066739805622E-310
  0.56500530835505325       -1.9492898802691977E-005  -2.2558523544002895E-004   1.0000000000000000E-002   1.2000000000000000E-002   1.0017216937975555        0.0000000000000000        1.0017216937975555        1.0000000000000000        6.9400066739805622E-310
  0.57500606811852673       -2.2282888756043659E-005  -2.5787184543979436E-004   1.0000000000000000E-002   1.2000000000000000E-002   1.0017239880949058        0.0000000000000000        1.0017239880949058        1.0000000000000000        6.9400066739805622E-310
  0.58500680393163906       -2.4984949564346282E-005  -2.8914050258066482E-004   1.0000000000000000E-002   1.2000000000000000E-002   1.0017265840107565        0.0000000000000000        1.0017265840107565        1.0000000000000000        6.9400066739805622E-310
  0.59500751289027876       -2.7588418585630690E-005  -3.1926766894407876E-004   1.0000000000000000E-002   1.2000000000000000E-002   1.0017294713008786        0.0000000000000000        1.0017294713008786        1.0000000000000000        6.9400066739805622E-310
  0.60500819219636648       -3.0083021575645326E-005  -3.4813458303695199E-004   1.0000000000000000E-002   1.2000000000000000E-002   1.0017326385713983        0.0000000000000000        1.0017326385713983        1.0000000000000000        6.9400066739805622E-310
  0.61500883916887739       -3.2458914155106403E-005  -3.7562718151828989E-004   1.0000000000000000E-002   1.2000000000000000E-002   1.0017360733237057        0.0000000000000000        1.0017360733237057        1.0000000000000000        6.9400066739805622E-310
  0.62500945125444174       -3.4706720148631303E-005  -4.0163697889727956E-004   1.0000000000000000E-002   1.2000000000000000E-002   1.0017397620030724        0.0000000000000000        1.0017397620030724        1.0000000000000000        6.9400066739805622E-310
  0.63501002603741830       -3.6817568377907575E-005  -4.2606138776424274E-004   1.0000000000000000E-002   1.2000000000000000E-002   1.0017436900531085        0.0000000000000000        1.0017436900531085        1.0000000000000000        6.9400066739805622E-310
  0.64501056124942080       -3.8783128622715639E-005  -4.4880394793267442E-004   1.0000000000000000E-002   1.2000000000000000E-002   1.0017478419726751        0.0000000000000000        1.0017478419726751        1.0000000000000000        6.9400066739805622E-310
  0.65501105477827926       -4.0595642938355143E-005  -4.6977493417887928E-004   1.0000000000000000E-002   1.2000000000000000E-002   1.0017522013768847        0.0000000000000000        1.0017522013768847        1.0000000000000000        6.9400066739805622E-310
  0.66501150467637060       -4.2247957666458149E-005  -4.8889161312715146E-004   1.0000000000000000E-002   1.2000000000000000E-002   1.0017567510621390        0.0000000000000000        1.0017567510621390        1.0000000000000000        6.9400066739805622E-310
  0.67501190916830334       -4.3733551483895025E-005  -5.0607856526507788E-004   1.0000000000000000E-002   1.2000000000000000E-002   1.0017614730739526        0.0000000000000000        1.0017614730739526        1.0000000000000000        6.9400066739805622E-310
  0.68501226665791903       -4.5046560249945424E-005  -5.2126792496043350E-004   1.0000000000000000E-002   1.2000000000000000E-002   1.0017663487774158        0.0000000000000000        1.0017663487774158        1.0000000000000000        6.9400066739805622E-310
  0.69501257573459829       -4.6181800722479089E-005  -5.3439987261505451E-004   1.0000000000000000E-002   1.2000000000000000E-002   1.0017713589311736        0.0000000000000000        1.0017713589311736        1.0000000000000000        6.9400066739805622E-310
  0.70501283517881008       -4.7134791965011610E-005  -5.4542252570843885E-004   1.0000000000000000E-002   1.2000000000000000E-002   1.0017764837632297        0.0000000000000000        1.0017764837632297        1.0000000000000000        6.9400066739805622E-310
  0.71501304396693299       -4.7901771025631444E-005  -5.5429244174032277E-004   1.0000000000000000E-002   1.2000000000000000E-002   1.0017817030485521        0.0000000000000000        1.0017817030485521        1.0000000000000000        6.9400066739805622E-310
  0.72501320127528757       -4.8479709562937840E-005  -5.6097472249039271E-004   1.0000000000000000E-002   1.2000000000000000E-002   1.0017869961897117        0.0000000000000000        1.0017869961897117        1.0000000000000000        6.9400066739805622E-310
  0.73501330648337282       -4.8866325274583685E-005  -5.6544293239468857E-004   1.0000000000000000E-002   1.2000000000000000E-002   1.0017923422974786        0.0000000000000000        1.0017923422974786        1.0000000000000000        6.9400066739805622E-310
  0.74501335917632494       -4.9060090700458091E-005  -5.6767955943648474E-004   1.0000000000000000E-002   1.2000000000000000E-002   1.0017977202733621        0.0000000000000000        1.0017977202733621        1.0000000000000000        6.9400066739805622E-310
  0.75501335914653644       -4.9060238782779934E-005  -5.6767577416483306E-004   1.0000000000000000E-002   1.2000000000000000E-002   1.0018031088931347        0.0000000000000000        1.0018031088931347        1.0000000000000000        6.9400066739805622E-310
  0.76501330639447873       -4.8866768111510278E-005  -5.6543167195854949E-004   1.0000000000000000E-002   1.2000000000000000E-002   1.0018084868903632        0.0000000000000000        1.0018084868903632        1.0000000000000000        6.9400066739805622E-310
  0.77501320112868810       -4.8480439803937040E-005  -5.6095612112372351E-004   1.0000000000000000E-002   1.2000000000000000E-002   1.0018138330404491        0.0000000000000000        1.0018138330404491        1.0000000000000000        6.9400066739805622E-310
  0.78501304376494252       -4.7902776922822934E-005  -5.5426684906922929E-004   1.0000000000000000E-002   1.2000000000000000E-002   1.0018191262442846        0.0000000000000000        1.0018191262442846        1.0000000000000000        6.9400066739805622E-310
  0.79501283492461217       -4.7136057846668222E-005  -5.4539030155353885E-004   1.0000000000000000E-002   1.2000000000000000E-002   1.0018243456117260        0.0000000000000000        1.0018243456117260        1.0000000000000000        6.9400066739805622E-310
  0.80501257543220184       -4.6183307000339926E-005  -5.3436152785923952E-004   1.0000000000000000E-002   1.2000000000000000E-002   1.0018294705438371        0.0000000000000000        1.0018294705438371        1.0000000000000000        6.9400066739805622E-310
  0.81501226631209411       -4.5048282477555920E-005  -5.2122408668342501E-004   1.0000000000000000E-002   1.2000000000000000E-002   1.0018344808141511        0.0000000000000000        1.0018344808141511        1.0000000000000000        6.9400066739805622E-310
  0.82501190878450303       -4.3735462967148471E-005  -5.0602989898607120E-004   1.0000000000000000E-002   1.2000000000000000E-002   1.0018393566487962        0.0000000000000000        1.0018393566487962        1.0000000000000000        6.9400066739805622E-310
  0.83501150426064930       -4.2250028215724215E-005  -4.8883892552264996E-004   1.0000000000000000E-002   1.2000000000000000E-002   1.0018440788044150        0.0000000000000000        1.0018440788044150        1.0000000000000000        6.9400066739805622E-310
  0.84501105433719126       -4.0597839819680478E-005  -4.6971902295389611E-004   1.0000000000000000E-002   1.2000000000000000E-002   1.0018486286438570        0.0000000000000000        1.0018486286438570        1.0000000000000000        6.9400066739805622E-310
  0.85501056078992210       -3.8785416968280869E-005  -4.4874569530950481E-004   1.0000000000000000E-002   1.2000000000000000E-002   1.0018529882100617        0.0000000000000000        1.0018529882100617        1.0000000000000000        6.9400066739805622E-310
  0.86501002556675499       -3.6819912543382487E-005  -4.2600169909867702E-004   1.0000000000000000E-002   1.2000000000000000E-002   1.0018571402968097        0.0000000000000000        1.0018571402968097        1.0000000000000000        6.9400066739805622E-310
  0.87500945078003933       -3.4709082964357826E-005  -4.0157685703245960E-004   1.0000000000000000E-002   1.2000000000000000E-002   1.0018610685167986        0.0000000000000000        1.0018610685167986        1.0000000000000000        6.9400066739805622E-310
  0.88500883869821478       -3.2461258205618487E-005  -3.7556750298506358E-004   1.0000000000000000E-002   1.2000000000000000E-002   1.0018647573661768        0.0000000000000000        1.0018647573661768        1.0000000000000000        6.9400066739805622E-310
  0.89500819173686763       -3.0085310123147266E-005  -3.4807632030542379E-004   1.0000000000000000E-002   1.2000000000000000E-002   1.0018681922856520        0.0000000000000000        1.0018681922856520        1.0000000000000000        6.9400066739805622E-310
  0.90500751244919198       -2.7590615308822420E-005  -3.1921178799443339E-004   1.0000000000000000E-002   1.2000000000000000E-002   1.0018713597182658        0.0000000000000000        1.0018713597182658        1.0000000000000000        6.9400066739805622E-310
  0.91500680351591568       -2.4987020070276326E-005  -2.8908777330460822E-004   1.0000000000000000E-002   1.2000000000000000E-002   1.0018742471625248        0.0000000000000000        1.0018742471625248        1.0000000000000000        6.9400066739805622E-310
  0.92500606773472682       -2.2284800254551900E-005  -2.5782319332545711E-004   1.0000000000000000E-002   1.2000000000000000E-002   1.0018768432220506        0.0000000000000000        1.0018768432220506        1.0000000000000000        6.9400066739805622E-310
  0.93500530800922854       -1.9494621249491524E-005  -2.2554139979824583E-004   1.0000000000000000E-002   1.2000000000000000E-002   1.0018791376506684        0.0000000000000000        1.0018791376506684        1.0000000000000000        6.9400066739805622E-310
  0.94500452733748475       -1.6627495431416641E-005  -1.9236973830327742E-004   1.0000000000000000E-002   1.2000000000000000E-002   1.0018811213924979        0.0000000000000000        1.0018811213924979        1.0000000000000000        6.9400066739805622E-310
  0.95500372880019413       -1.3694739922058146E-005  -1.5843910623747348E-004   1.0000000000000000E-002   1.2000000000000000E-002   1.0018827866178266        0.0000000000000000        1.0018827866178266        1.0000000000000000        6.9400066739805622E-310
  0.96500291554853512       -1.0707929892837264E-005  -1.2388340580127277E-004   1.0000000000000000E-002   1.2000000000000000E-002   1.0018841267543104        0.0000000000000000        1.0018841267543104        1.0000000000000000        6.9400066739805622E-310
  0.97500209079172917       -7.6788545679970903E-006  -8.8838903656629498E-005   1.0000000000000000E-002   1.2000000000000000E-002   1.0018851365124843        0.0000000000000000        1.0018851365124843        1.0000000000000000        6.9400066739805622E-310
  0.98500125778439052       -4.6194700681969477E-006  -5.3443936310237916E-005   1.0000000000000000E-002   1.2000000000000000E-002   1.0018858119068745        0.0000000000000000        1.0018858119068745        1.0000000000000000        6.9400066739805622E-310
  0.99500041981367593       -1.5418519459448998E-006  -1.7838104925615994E-005   1.0000000000000000E-002   1.2000000000000000E-002   1.0018861502718546        0.0000000000000000        1.0018861502718546        1.0000000000000000        6.9400066739805622E-310
   1.0049995801863245        1.5418572225357931E-006   1.7993194993515260E-005   1.0000000000000000E-002   1.2000000000000000E-002   1.0018861502718768        0.0000000000000000        1.0018861502718768        1.0000000000000000        6.9400066739805622E-310
   1.0149987422156095        4.6194858078347462E-006   5.3908607197783454E-005   1.0000000000000000E-002   1.2000000000000000E-002   1.0018858119069358        0.0000000000000000        1.0018858119069358        1.0000000000000000        6.9400066739805622E-310
   1.0249979092082699        7.6788809868194033E-006   8.9611341685724710E-005   1.0000000000000000E-002   1.2000000000000000E-002   1.0018851365124921        0.0000000000000000        1.0018851365124921        1.0000000000000000        6.9400066739805622E-310
   1.0349970844514649        1.0707966592276413E-005   1.2496051093524585E-004   1.0000000000000000E-002   1.2000000000000000E-002   1.0018841267543102        0.0000000000000000        1.0018841267543102        1.0000000000000000        6.9400066739805622E-310
   1.0449962711998051        1.3694786838050363E-005   1.5981667155084978E-004   1.0000000000000000E-002   1.2000000000000000E-002   1.0018827866178304        0.0000000000000000        1.0018827866178304        1.0000000000000000        6.9400066739805622E-310
  -4.9995801863240708E-003  -1.5420380577130299E-006  -3.5767633061438002E+077   1.0000000000000000E-002   1.2000000000000000E-002   1.0018861502718546        0.0000000000000000        1.0018861502718546        1.0000000000000000        6.9400066739805622E-310
  -1.4998742215609484E-002  -4.6200276806523571E-006   0.0000000000000000        1.0000000000000000E-002   1.2000000000000000E-002   1.0018858119068745        0.0000000000000000        1.0018858119068745        1.0000000000000000        6.9400066739805622E-310
  -2.4997909208270830E-002  -7.6797814742778862E-006  -3.5767633061438002E+077   1.0000000000000000E-002   1.2000000000000000E-002   1.0018851365124843        0.0000000000000000        1.0018851365124843        1.0000000000000000        6.9400066739805622E-310
  -3.4997084451464877E-002  -1.0709222430478982E-005   6.9400068546417920E-310   1.0000000000000000E-002   1.2000000000000000E-002   1.0018841267543104        0.0000000000000000        1.0018841267543104        1.0000000000000000        6.9400066739805622E-310
  -4.4996271199805871E-002  -1.3696392993396627E-005   6.9400066883177543E-310   1.0000000000000000E-002   1.2000000000000000E-002   1.0018827866178266        0.0000000000000000        1.0018827866178266        1.0000000000000000        6.9400066739805622E-310
