 # x, v, a, m, h, rho, u, P, c, ke
   1.8503999999999783     
   4.9997673005562600E-003   2.7502315535067353E-006   9.8850433980501862E-006   1.0000000000000000E-002   1.2000000000000000E-002   1.0018479340173394        0.0000000000000000        1.0018479340173394        1.0000000000000000        6.9400066739805622E-310
   1.4999302819715104E-002   8.2398433953961635E-006   2.9616114446184838E-005   1.0000000000000000E-002   1.2000000000000000E-002   1.0018477465227322        0.0000000000000000        1.0018477465227322        1.0000000000000000        6.9400066739805622E-310
   2.4998841089387266E-002   1.3696943977193145E-005   4.9230452284554360E-005   1.0000000000000000E-002   1.2000000000000000E-002   1.0018473722729784        0.0000000000000000        1.0018473722729784        1.0000000000000000        6.9400066739805622E-310
   3.4998383931199389E-002   1.9100002122614083E-005   6.8650806142045440E-005   1.0000000000000000E-002   1.2000000000000000E-002   1.0018468127432294        0.0000000000000000        1.0018468127432294        1.0000000000000000        6.9400066739805622E-310
   4.4997933148765178E-002   2.4427698681106350E-005   8.7800530314652292E-005   1.0000000000000000E-002   1.2000000000000000E-002   1.0018460701393161        0.0000000000000000        1.0018460701393161        1.0000000000000000        6.9400066739805622E-310
   5.4997490520563526E-002   2.9659012607801093E-005   1.0660419581576264E-004   1.0000000000000000E-002   1.2000000000000000E-002   1.0018451473890277        0.0000000000000000        1.0018451473890277        1.0000000000000000        6.9400066739805622E-310
   6.4997057792937699E-002   3.4773302587997953E-005   1.2498764708546162E-004   1.0000000000000000E-002   1.2000000000000000E-002   1.0018440481302910        0.0000000000000000        1.0018440481302910        1.0000000000000000        6.9400066739805622E-310
   7.4996636673205816E-002   3.9750388541768059E-005   1.4287842851867794E-004   1.0000000000000000E-002   1.2000000000000000E-002   1.0018427766970761        0.0000000000000000        1.0018427766970761        1.0000000000000000        6.9400066739805622E-310
   8.4996228822933617E-002   4.4570631504219511E-005   1.6020600186728018E-004   1.0000000000000000E-002   1.2000000000000000E-002   1.0018413381021747        0.0000000000000000        1.0018413381021747        1.0000000000000000        6.9400066739805622E-310
   9.4995835851382854E-002   4.9215010914091431E-005   1.7690203975195828E-004   1.0000000000000000E-002   1.2000000000000000E-002   1.0018397380176103        0.0000000000000000        1.0018397380176103        1.0000000000000000        6.9400066739805622E-310
  0.10499545930916618        5.3665199775024650E-005   1.9290067027899482E-004   1.0000000000000000E-002   1.2000000000000000E-002   1.0018379827524293        0.0000000000000000        1.0018379827524293        1.0000000000000000        6.9400066739805622E-310
  0.11499510068212973        5.7903637144793493E-005   2.0813877147851656E-004   1.0000000000000000E-002   1.2000000000000000E-002   1.0018360792279943        0.0000000000000000        1.0018360792279943        1.0000000000000000        6.9400066739805622E-310
  0.12499476138548980        6.1913596497880280E-005   2.2255628465206456E-004   1.0000000000000000E-002   1.2000000000000000E-002   1.0018340349503772        0.0000000000000000        1.0018340349503772        1.0000000000000000        6.9400066739805622E-310
  0.13499444275825670        6.5679252654890830E-005   2.3609628917586889E-004   1.0000000000000000E-002   1.2000000000000000E-002   1.0018318579808803        0.0000000000000000        1.0018318579808803        1.0000000000000000        6.9400066739805622E-310
  0.14499414605794758        6.9185744284736079E-005   2.4870530101317456E-004   1.0000000000000000E-002   1.2000000000000000E-002   1.0018295569048035        0.0000000000000000        1.0018295569048035        1.0000000000000000        6.9400066739805622E-310
  0.15499387245561846        7.2419231713047091E-005   2.6033358931254469E-004   1.0000000000000000E-002   1.2000000000000000E-002   1.0018271407972978        0.0000000000000000        1.0018271407972978        1.0000000000000000        6.9400066739805622E-310
  0.16499362303124618        7.5366952191631122E-005   2.7093525181065559E-004   1.0000000000000000E-002   1.2000000000000000E-002   1.0018246191873568        0.0000000000000000        1.0018246191873568        1.0000000000000000        6.9400066739805622E-310
  0.17499339876946576        7.8017270242647577E-005   2.8046834122275044E-004   1.0000000000000000E-002   1.2000000000000000E-002   1.0018220020208506        0.0000000000000000        1.0018220020208506        1.0000000000000000        6.9400066739805622E-310
  0.18499320055567239        8.0359723650396707E-005   2.8889520224328891E-004   1.0000000000000000E-002   1.2000000000000000E-002   1.0018192996213215        0.0000000000000000        1.0018192996213215        1.0000000000000000        6.9400066739805622E-310
  0.19499302917252617        8.2385064270798784E-005   2.9618251176621868E-004   1.0000000000000000E-002   1.2000000000000000E-002   1.0018165226490752        0.0000000000000000        1.0018165226490752        1.0000000000000000        6.9400066739805622E-310
  0.20499288529685439        8.4085295205269537E-005   3.0230148354526420E-004   1.0000000000000000E-002   1.2000000000000000E-002   1.0018136820590455        0.0000000000000000        1.0018136820590455        1.0000000000000000        6.9400066739805622E-310
  0.21499276949698110        8.5453702311933920E-005   3.0722780584024889E-004   1.0000000000000000E-002   1.2000000000000000E-002   1.0018107890580068        0.0000000000000000        1.0018107890580068        1.0000000000000000        6.9400066739805622E-310
  0.22499268223046434        8.6484880441895491E-005   3.1094201104409080E-004   1.0000000000000000E-002   1.2000000000000000E-002   1.0018078550603247        0.0000000000000000        1.0018078550603247        1.0000000000000000        6.9400066739805622E-310
  0.23499262384229183        8.7174755357790140E-005   3.1342931073030655E-004   1.0000000000000000E-002   1.2000000000000000E-002   1.0018048916427382        0.0000000000000000        1.0018048916427382        1.0000000000000000        6.9400066739805622E-310
  0.24499259456350378        8.7520599231326576E-005   3.1467980700394804E-004   1.0000000000000000E-002   1.2000000000000000E-002   1.0018019104989531        0.0000000000000000        1.0018019104989531        1.0000000000000000        6.9400066739805622E-310
  0.25499259451027517        8.7521041870600091E-005   3.1468844718229860E-004   1.0000000000000000E-002   1.2000000000000000E-002   1.0017989233933926        0.0000000000000000        1.0017989233933926        1.0000000000000000        6.9400066739805622E-310
  0.26499262368344462        8.7176076284784554E-005   3.1345510945879340E-004   1.0000000000000000E-002   1.2000000000000000E-002   1.0017959421148255        0.0000000000000000        1.0017959421148255        1.0000000000000000        6.9400066739805622E-310
  0.27499268196850318        8.6487059027565686E-005   3.1098456482592240E-004   1.0000000000000000E-002   1.2000000000000000E-002   1.0017929784297277        0.0000000000000000        1.0017929784297277        1.0000000000000000        6.9400066739805622E-310
  0.28499276913603666        8.5456703907824583E-005   3.0728645477839933E-004   1.0000000000000000E-002   1.2000000000000000E-002   1.0017900440359462        0.0000000000000000        1.0017900440359462        1.0000000000000000        6.9400066739805622E-310
  0.29499288484262071        8.4089072686546751E-005   3.0237526668752679E-004   1.0000000000000000E-002   1.2000000000000000E-002   1.0017871505165947        0.0000000000000000        1.0017871505165947        1.0000000000000000        6.9400066739805622E-310
  0.30499302863216504        8.2389557823489237E-005   2.9627031347878585E-004   1.0000000000000000E-002   1.2000000000000000E-002   1.0017843092941456        0.0000000000000000        1.0017843092941456        1.0000000000000000        6.9400066739805622E-310
  0.31499319993770813        8.0364862629238066E-005   2.8899558152328808E-004   1.0000000000000000E-002   1.2000000000000000E-002   1.0017815315853842        0.0000000000000000        1.0017815315853842        1.0000000000000000        6.9400066739805622E-310
  0.32499339808364230        7.8022973589010212E-005   2.8057975255091350E-004   1.0000000000000000E-002   1.2000000000000000E-002   1.0017788283569606        0.0000000000000000        1.0017788283569606        1.0000000000000000        6.9400066739805622E-310
  0.33499362228837920        7.5373129852748805E-005   2.7105593286247398E-004   1.0000000000000000E-002   1.2000000000000000E-002   1.0017762102820797        0.0000000000000000        1.0017762102820797        1.0000000000000000        6.9400066739805622E-310
  0.34499387166742351        7.2425786292672965E-005   2.6046162768089687E-004   1.0000000000000000E-002   1.2000000000000000E-002   1.0017736876987060        0.0000000000000000        1.0017736876987060        1.0000000000000000        6.9400066739805622E-310
  0.35499414523685369        6.9192572420611492E-005   2.4883871054903750E-004   1.0000000000000000E-002   1.2000000000000000E-002   1.0017712705679302        0.0000000000000000        1.0017712705679302        1.0000000000000000        6.9400066739805622E-310
  0.36499444191721547        6.5686246906849113E-005   2.3623291379681888E-004   1.0000000000000000E-002   1.2000000000000000E-002   1.0017689684349769        0.0000000000000000        1.0017689684349769        1.0000000000000000        6.9400066739805622E-310
  0.37499476053776376        6.1920646240207509E-005   2.2269400638386116E-004   1.0000000000000000E-002   1.2000000000000000E-002   1.0017667903917433        0.0000000000000000        1.0017667903917433        1.0000000000000000        6.9400066739805622E-310
  0.38499509984108865        5.7910631015029501E-005   2.0827540766799046E-004   1.0000000000000000E-002   1.2000000000000000E-002   1.0017647450403260        0.0000000000000000        1.0017647450403260        1.0000000000000000        6.9400066739805622E-310
  0.39499545848807438        5.3672028039972258E-005   1.9303404759529741E-004   1.0000000000000000E-002   1.2000000000000000E-002   1.0017628404591135        0.0000000000000000        1.0017628404591135        1.0000000000000000        6.9400066739805622E-310
  0.40499583506318798        4.9221565446890498E-005   1.7703007988778552E-004   1.0000000000000000E-002   1.2000000000000000E-002   1.0017610841707989        0.0000000000000000        1.0017610841707989        1.0000000000000000        6.9400066739805622E-310
  0.41499622808006564        4.4576809081176007E-005   1.6032668599397226E-004   1.0000000000000000E-002   1.2000000000000000E-002   1.0017594831127745        0.0000000000000000        1.0017594831127745        1.0000000000000000        6.9400066739805622E-310
  0.42499663598738008        3.9756091734178105E-005   1.4298985955818466E-004   1.0000000000000000E-002   1.2000000000000000E-002   1.0017580436094038        0.0000000000000000        1.0017580436094038        1.0000000000000000        6.9400066739805622E-310
  0.43499705717497195        3.4778441667710066E-005   1.2508803544708513E-004   1.0000000000000000E-002   1.2000000000000000E-002   1.0017567713471589        0.0000000000000000        1.0017567713471589        1.0000000000000000        6.9400066739805622E-310
  0.44499748998020261        2.9663506389056447E-005   1.0669198773438637E-004   1.0000000000000000E-002   1.2000000000000000E-002   1.0017556713519187        0.0000000000000000        1.0017556713519187        1.0000000000000000        6.9400066739805622E-310
  0.45499793269453204        2.4431476054223481E-005   8.7874308707824866E-005   1.0000000000000000E-002   1.2000000000000000E-002   1.0017547479692639        0.0000000000000000        1.0017547479692639        1.0000000000000000        6.9400066739805622E-310
  0.46499838357025636        1.9103003614603449E-005   6.8709424954960241E-005   1.0000000000000000E-002   1.2000000000000000E-002   1.0017540048472009        0.0000000000000000        1.0017540048472009        1.0000000000000000        6.9400066739805622E-310
  0.47499884082742405        1.3699122489547107E-005   4.9273047435960393E-005   1.0000000000000000E-002   1.2000000000000000E-002   1.0017534449213041        0.0000000000000000        1.0017534449213041        1.0000000000000000        6.9400066739805622E-310
  0.48499930266086783        8.2411644459238153E-006   2.9641902644428342E-005   1.0000000000000000E-002   1.2000000000000000E-002   1.0017530704038908        0.0000000000000000        1.0017530704038908        1.0000000000000000        6.9400066739805622E-310
  0.49499976724732769        2.7506740948958560E-006   9.8936760704049220E-006   1.0000000000000000E-002   1.2000000000000000E-002   1.0017528827746023        0.0000000000000000        1.0017528827746023        1.0000000000000000        6.9400066739805622E-310
  0.50500023275267159       -2.7506743174943078E-006  -9.8936657142445483E-006   1.0000000000000000E-002   1.2000000000000000E-002   1.0017528827745494        0.0000000000000000        1.0017528827745494        1.0000000000000000        6.9400066739805622E-310
  0.51500069733913278       -8.2411642072049077E-006  -2.9641921393874782E-005   1.0000000000000000E-002   1.2000000000000000E-002   1.0017530704038835        0.0000000000000000        1.0017530704038835        1.0000000000000000        6.9400066739805622E-310
  0.52500115917257528       -1.3699122620787192E-005  -4.9273029207874686E-005   1.0000000000000000E-002   1.2000000000000000E-002   1.0017534449212995        0.0000000000000000        1.0017534449212995        1.0000000000000000        6.9400066739805622E-310
  0.53500161642974420       -1.9103003620200056E-005  -6.8709428386881655E-005   1.0000000000000000E-002   1.2000000000000000E-002   1.0017540048471243        0.0000000000000000        1.0017540048471243        1.0000000000000000        6.9400066739805622E-310
  0.54500206730546907       -2.4431475901939967E-005  -8.7874320085390423E-005   1.0000000000000000E-002   1.2000000000000000E-002   1.0017547479692606        0.0000000000000000        1.0017547479692606        1.0000000000000000        6.9400066739805622E-310
  0.55500251001979795       -2.9663506467925559E-005  -1.0669198745283381E-004   1.0000000000000000E-002   1.2000000000000000E-002   1.0017556713519602        0.0000000000000000        1.0017556713519602        1.0000000000000000        6.9400066739805622E-310
  0.56500294282502828       -3.4778441483661062E-005  -1.2508803282429426E-004   1.0000000000000000E-002   1.2000000000000000E-002   1.0017567713471922        0.0000000000000000        1.0017567713471922        1.0000000000000000        6.9400066739805622E-310
  0.57500336401261976       -3.9756091880206463E-005  -1.4298985250693619E-004   1.0000000000000000E-002   1.2000000000000000E-002   1.0017580436093902        0.0000000000000000        1.0017580436093902        1.0000000000000000        6.9400066739805622E-310
  0.58500377191993502       -4.4576809203051884E-005  -1.6032670456223030E-004   1.0000000000000000E-002   1.2000000000000000E-002   1.0017594831128123        0.0000000000000000        1.0017594831128123        1.0000000000000000        6.9400066739805622E-310
  0.59500416493681108       -4.9221565487879554E-005  -1.7703006442371105E-004   1.0000000000000000E-002   1.2000000000000000E-002   1.0017610841708577        0.0000000000000000        1.0017610841708577        1.0000000000000000        6.9400066739805622E-310
  0.60500454151192484       -5.3672027847758920E-005  -1.9303403675241526E-004   1.0000000000000000E-002   1.2000000000000000E-002   1.0017628404590433        0.0000000000000000        1.0017628404590433        1.0000000000000000        6.9400066739805622E-310
  0.61500490015891218       -5.7910631266686330E-005  -2.0827543433288298E-004   1.0000000000000000E-002   1.2000000000000000E-002   1.0017647450403364        0.0000000000000000        1.0017647450403364        1.0000000000000000        6.9400066739805622E-310
  0.62500523946223518       -6.1920646144698785E-005  -2.2269399204422058E-004   1.0000000000000000E-002   1.2000000000000000E-002   1.0017667903918033        0.0000000000000000        1.0017667903918033        1.0000000000000000        6.9400066739805622E-310
  0.63500555808278403       -6.5686246767284227E-005  -2.3623291792684853E-004   1.0000000000000000E-002   1.2000000000000000E-002   1.0017689684349913        0.0000000000000000        1.0017689684349913        1.0000000000000000        6.9400066739805622E-310
  0.64500585476314498       -6.9192572468699124E-005  -2.4883869487268839E-004   1.0000000000000000E-002   1.2000000000000000E-002   1.0017712705678954        0.0000000000000000        1.0017712705678954        1.0000000000000000        6.9400066739805622E-310
  0.65500612833257676       -7.2425786275701935E-005  -2.6046164607862465E-004   1.0000000000000000E-002   1.2000000000000000E-002   1.0017736876986791        0.0000000000000000        1.0017736876986791        1.0000000000000000        6.9400066739805622E-310
  0.66500637771162008       -7.5373129971437677E-005  -2.7105592440790360E-004   1.0000000000000000E-002   1.2000000000000000E-002   1.0017762102821022        0.0000000000000000        1.0017762102821022        1.0000000000000000        6.9400066739805622E-310
  0.67500660191635731       -7.8022973453010155E-005  -2.8057974664719154E-004   1.0000000000000000E-002   1.2000000000000000E-002   1.0017788283569133        0.0000000000000000        1.0017788283569133        1.0000000000000000        6.9400066739805622E-310
  0.68500680006229220       -8.0364862720792542E-005  -2.8899558589134955E-004   1.0000000000000000E-002   1.2000000000000000E-002   1.0017815315853351        0.0000000000000000        1.0017815315853351        1.0000000000000000        6.9400066739805622E-310
  0.69500697136783562       -8.2389557870086552E-005  -2.9627032430656897E-004   1.0000000000000000E-002   1.2000000000000000E-002   1.0017843092941610        0.0000000000000000        1.0017843092941610        1.0000000000000000        6.9400066739805622E-310
  0.70500711515737935       -8.4089072391558948E-005  -3.0237527142595866E-004   1.0000000000000000E-002   1.2000000000000000E-002   1.0017871505166798        0.0000000000000000        1.0017871505166798        1.0000000000000000        6.9400066739805622E-310
  0.71500723086396212       -8.5456704040331733E-005  -3.0728643539479350E-004   1.0000000000000000E-002   1.2000000000000000E-002   1.0017900440359682        0.0000000000000000        1.0017900440359682        1.0000000000000000        6.9400066739805622E-310
  0.72500731803149632       -8.6487059062821962E-005  -3.1098455572564632E-004   1.0000000000000000E-002   1.2000000000000000E-002   1.0017929784296207        0.0000000000000000        1.0017929784296207        1.0000000000000000        6.9400066739805622E-310
  0.73500737631655655       -8.7176076452736428E-005  -3.1345512728719882E-004   1.0000000000000000E-002   1.2000000000000000E-002   1.0017959421147586        0.0000000000000000        1.0017959421147586        1.0000000000000000        6.9400066739805622E-310
  0.74500740548972577       -8.7521041544131489E-005  -3.1468845611914986E-004   1.0000000000000000E-002   1.2000000000000000E-002   1.0017989233934455        0.0000000000000000        1.0017989233934455        1.0000000000000000        6.9400066739805622E-310
  0.75500740543649614       -8.7520599317270713E-005  -3.1467979877053409E-004   1.0000000000000000E-002   1.2000000000000000E-002   1.0018019104990068        0.0000000000000000        1.0018019104990068        1.0000000000000000        6.9400066739805622E-310
  0.76500737615770797       -8.7174755294289815E-005  -3.1342930544653314E-004   1.0000000000000000E-002   1.2000000000000000E-002   1.0018048916427351        0.0000000000000000        1.0018048916427351        1.0000000000000000        6.9400066739805622E-310
  0.77500731776953569       -8.6484880638502788E-005  -3.1094201043568859E-004   1.0000000000000000E-002   1.2000000000000000E-002   1.0018078550602929        0.0000000000000000        1.0018078550602929        1.0000000000000000        6.9400066739805622E-310
  0.78500723050301946       -8.5453702268670432E-005  -3.0722781534731070E-004   1.0000000000000000E-002   1.2000000000000000E-002   1.0018107890580172        0.0000000000000000        1.0018107890580172        1.0000000000000000        6.9400066739805622E-310
  0.79500711470314533       -8.4085295255165523E-005  -3.0230147318821565E-004   1.0000000000000000E-002   1.2000000000000000E-002   1.0018136820590497        0.0000000000000000        1.0018136820590497        1.0000000000000000        6.9400066739805622E-310
  0.80500697082747430       -8.2385064236184194E-005  -2.9618252062135753E-004   1.0000000000000000E-002   1.2000000000000000E-002   1.0018165226490741        0.0000000000000000        1.0018165226490741        1.0000000000000000        6.9400066739805622E-310
  0.81500679944432741       -8.0359723672867990E-005  -2.8889520021291304E-004   1.0000000000000000E-002   1.2000000000000000E-002   1.0018192996213489        0.0000000000000000        1.0018192996213489        1.0000000000000000        6.9400066739805622E-310
  0.82500660123053415       -7.8017270229287550E-005  -2.8046834510497831E-004   1.0000000000000000E-002   1.2000000000000000E-002   1.0018220020208894        0.0000000000000000        1.0018220020208894        1.0000000000000000        6.9400066739805622E-310
  0.83500637696875268       -7.5366952100525586E-005  -2.7093522885746069E-004   1.0000000000000000E-002   1.2000000000000000E-002   1.0018246191873088        0.0000000000000000        1.0018246191873088        1.0000000000000000        6.9400066739805622E-310
  0.84500612754438253       -7.2419231718646765E-005  -2.6033361191935001E-004   1.0000000000000000E-002   1.2000000000000000E-002   1.0018271407972446        0.0000000000000000        1.0018271407972446        1.0000000000000000        6.9400066739805622E-310
  0.85500585394205253       -6.9185744406895577E-005  -2.4870529992515600E-004   1.0000000000000000E-002   1.2000000000000000E-002   1.0018295569048536        0.0000000000000000        1.0018295569048536        1.0000000000000000        6.9400066739805622E-310
  0.86500555724174299       -6.5679252757606504E-005  -2.3609627636744790E-004   1.0000000000000000E-002   1.2000000000000000E-002   1.0018318579808618        0.0000000000000000        1.0018318579808618        1.0000000000000000        6.9400066739805622E-310
  0.87500523861451074       -6.1913596390688260E-005  -2.2255628904055413E-004   1.0000000000000000E-002   1.2000000000000000E-002   1.0018340349503236        0.0000000000000000        1.0018340349503236        1.0000000000000000        6.9400066739805622E-310
  0.88500489931787119       -5.7903637051215027E-005  -2.0813878269443364E-004   1.0000000000000000E-002   1.2000000000000000E-002   1.0018360792280085        0.0000000000000000        1.0018360792280085        1.0000000000000000        6.9400066739805622E-310
  0.89500454069083402       -5.3665199797950261E-005  -1.9290066323129906E-004   1.0000000000000000E-002   1.2000000000000000E-002   1.0018379827524666        0.0000000000000000        1.0018379827524666        1.0000000000000000        6.9400066739805622E-310
  0.90500416414861706       -4.9215010968945698E-005  -1.7690202227171881E-004   1.0000000000000000E-002   1.2000000000000000E-002   1.0018397380175303        0.0000000000000000        1.0018397380175303        1.0000000000000000        6.9400066739805622E-310
  0.91500377117706844       -4.4570631423887069E-005  -1.6020602664745809E-004   1.0000000000000000E-002   1.2000000000000000E-002   1.0018413381021345        0.0000000000000000        1.0018413381021345        1.0000000000000000        6.9400066739805622E-310
  0.92500336332679489       -3.9750388471608814E-005  -1.4287841456539496E-004   1.0000000000000000E-002   1.2000000000000000E-002   1.0018427766970859        0.0000000000000000        1.0018427766970859        1.0000000000000000        6.9400066739805622E-310
  0.93500294220706404       -3.4773302538086862E-005  -1.2498766059731992E-004   1.0000000000000000E-002   1.2000000000000000E-002   1.0018440481302899        0.0000000000000000        1.0018440481302899        1.0000000000000000        6.9400066739805622E-310
  0.94500250947943742       -2.9659012682850245E-005  -1.0660420137131865E-004   1.0000000000000000E-002   1.2000000000000000E-002   1.0018451473891199        0.0000000000000000        1.0018451473891199        1.0000000000000000        6.9400066739805622E-310
  0.95500206685123445       -2.4427698811862470E-005  -8.7800507586166532E-005   1.0000000000000000E-002   1.2000000000000000E-002   1.0018460701393337        0.0000000000000000        1.0018460701393337        1.0000000000000000        6.9400066739805622E-310
  0.96500161606880108       -1.9100002028427126E-005  -6.8650799011749086E-005   1.0000000000000000E-002   1.2000000000000000E-002   1.0018468127431053        0.0000000000000000        1.0018468127431053        1.0000000000000000        6.9400066739805622E-310
  0.97500115891061534       -1.3696944097346632E-005  -4.9230492622953648E-005   1.0000000000000000E-002   1.2000000000000000E-002   1.0018473722730106        0.0000000000000000        1.0018473722730106        1.0000000000000000        6.9400066739805622E-310
  0.98500069718028460       -8.2398433594164740E-006  -2.9616093280893097E-005   1.0000000000000000E-002   1.2000000000000000E-002   1.0018477465228490        0.0000000000000000        1.0018477465228490        1.0000000000000000        6.9400066739805622E-310
  0.99500023269944371       -2.7502314568576498E-006  -9.8850421519358633E-006   1.0000000000000000E-002   1.2000000000000000E-002   1.0018479340173427        0.0000000000000000        1.0018479340173427        1.0000000000000000        6.9400066739805622E-310
   1.0049997673005562        2.7502345370923801E-006   1.0164257324696280E-005   1.0000000000000000E-002   1.2000000000000000E-002   1.0018479340173394        0.0000000000000000        1.0018479340173394        1.0000000000000000        6.9400066739805622E-310
   1.0149993028197151        8.2398523280694308E-006   3.0452664087299297E-005   1.0000000000000000E-002   1.2000000000000000E-002   1.0018477465227322        0.0000000000000000        1.0018477465227322        1.0000000000000000        6.9400066739805622E-310
   1.0249988410893873        1.3696958821369167E-005   5.0621030009523338E-005   1.0000000000000000E-002   1.2000000000000000E-002   1.0018473722729784        0.0000000000000000        1.0018473722729784        1.0000000000000000        6.9400066739805622E-310
   1.0349983839311994        1.9100022830859866E-005   7.0589941702614567E-005   1.0000000000000000E-002   1.2000000000000000E-002   1.0018468127432294        0.0000000000000000        1.0018468127432294        1.0000000000000000        6.9400066739805622E-310
   1.0449979331487651        2.4427725162576168E-005   9.0280563626699006E-005   1.0000000000000000E-002   1.2000000000000000E-002   1.0018460701393161        0.0000000000000000        1.0018460701393161        1.0000000000000000        6.9400066739805622E-310
  -4.9997673005562904E-003  -2.7505665095344527E-006  -3.5767633061438002E+077   1.0000000000000000E-002   1.2000000000000000E-002   1.0018479340173427        0.0000000000000000        1.0018479340173427        1.0000000000000000        6.9400066739805622E-310
  -1.4999302819715399E-002  -8.2408472197265529E-006   0.0000000000000000        1.0000000000000000E-002   1.2000000000000000E-002   1.0018477465228490        0.0000000000000000        1.0018477465228490        1.0000000000000000        6.9400066739805622E-310
  -2.4998841089384660E-002  -1.3698612794771137E-005  -3.5767633061438002E+077   1.0000000000000000E-002   1.2000000000000000E-002   1.0018473722730106        0.0000000000000000        1.0018473722730106        1.0000000000000000        6.9400066739805622E-310
  -3.4998383931198918E-002  -1.9102328983310840E-005   6.9400068546417920E-310   1.0000000000000000E-002   1.2000000000000000E-002   1.0018468127431053        0.0000000000000000        1.0018468127431053        1.0000000000000000        6.9400066739805622E-310
  -4.4997933148765545E-002  -2.4430674858765782E-005   6.9400066883177543E-310   1.0000000000000000E-002   1.2000000000000000E-002   1.0018460701393337        0.0000000000000000        1.0018460701393337        1.0000000000000000        6.9400066739805622E-310
