 # x, v, a, m, h, rho, u, P, c, ke
   2.0015999999999758     
   5.0002231766632993E-003   2.7835612919521669E-006  -9.4801312293668616E-006   1.0000000000000000E-002   1.2000000000000000E-002   1.0017548380920829        0.0000000000000000        1.0017548380920829        1.0000000000000000        6.9400066739805622E-310
   1.5000668649514229E-002   8.3397014914730039E-006  -2.8403012475308742E-005   1.0000000000000000E-002   1.2000000000000000E-002   1.0017550178799524        0.0000000000000000        1.0017550178799524        1.0000000000000000        6.9400066739805622E-310
   2.5001111484413346E-002   1.3862936913588816E-005  -4.7214002758977358E-005   1.0000000000000000E-002   1.2000000000000000E-002   1.0017553767474259        0.0000000000000000        1.0017553767474259        1.0000000000000000        6.9400066739805622E-310
   3.5001549934273950E-002   1.9331474748622588E-005  -6.5838868775536241E-005   1.0000000000000000E-002   1.2000000000000000E-002   1.0017559132804685        0.0000000000000000        1.0017559132804685        1.0000000000000000        6.9400066739805622E-310
   4.5001982269299828E-002   2.4723738845859806E-005  -8.4204300048185132E-005   1.0000000000000000E-002   1.2000000000000000E-002   1.0017566253649659        0.0000000000000000        1.0017566253649659        1.0000000000000000        6.9400066739805622E-310
   5.5002406783788878E-002   3.0018452629492290E-005  -1.0223786179963668E-004   1.0000000000000000E-002   1.2000000000000000E-002   1.0017575101952689        0.0000000000000000        1.0017575101952689        1.0000000000000000        6.9400066739805622E-310
   6.5002821802864652E-002   3.5194724973570565E-005  -1.1986847557921010E-004   1.0000000000000000E-002   1.2000000000000000E-002   1.0017585642847295        0.0000000000000000        1.0017585642847295        1.0000000000000000        6.9400066739805622E-310
   7.5003225689076580E-002   4.0232131369923935E-005  -1.3702664765169459E-004   1.0000000000000000E-002   1.2000000000000000E-002   1.0017597834797081        0.0000000000000000        1.0017597834797081        1.0000000000000000        6.9400066739805622E-310
   8.5003616848854269E-002   4.5110795153737803E-005  -1.5364470251366669E-004   1.0000000000000000E-002   1.2000000000000000E-002   1.0017611629756622        0.0000000000000000        1.0017611629756622        1.0000000000000000        6.9400066739805622E-310
   9.5003993738794312E-002   4.9811465081711385E-005  -1.6965715262795555E-004   1.0000000000000000E-002   1.2000000000000000E-002   1.0017626973361429        0.0000000000000000        1.0017626973361429        1.0000000000000000        6.9400066739805622E-310
  0.10500435487174183        5.4315592020044334E-005  -1.8500085962536161E-004   1.0000000000000000E-002   1.2000000000000000E-002   1.0017643805143210        0.0000000000000000        1.0017643805143210        1.0000000000000000        6.9400066739805622E-310
  0.11500469882265407        5.8605402259527200E-005  -1.9961524892941895E-004   1.0000000000000000E-002   1.2000000000000000E-002   1.0017662058762715        0.0000000000000000        1.0017662058762715        1.0000000000000000        6.9400066739805622E-310
  0.12500502423422818        6.2663966744701551E-005  -2.1344269876077959E-004   1.0000000000000000E-002   1.2000000000000000E-002   1.0017681662271456        0.0000000000000000        1.0017681662271456        1.0000000000000000        6.9400066739805622E-310
  0.13500532982225102        6.6475268427618311E-005  -2.2642863422728254E-004   1.0000000000000000E-002   1.2000000000000000E-002   1.0017702538396216        0.0000000000000000        1.0017702538396216        1.0000000000000000        6.9400066739805622E-310
  0.14500561438066856        7.0024265523669613E-005  -2.3852178616223796E-004   1.0000000000000000E-002   1.2000000000000000E-002   1.0017724604840104        0.0000000000000000        1.0017724604840104        1.0000000000000000        6.9400066739805622E-310
  0.15500587678634783        7.3296950731612778E-005  -2.4967444870860334E-004   1.0000000000000000E-002   1.2000000000000000E-002   1.0017747774608379        0.0000000000000000        1.0017747774608379        1.0000000000000000        6.9400066739805622E-310
  0.16500611600350681        7.6280406599395030E-005  -2.5984257248801157E-004   1.0000000000000000E-002   1.2000000000000000E-002   1.0017771956350849        0.0000000000000000        1.0017771956350849        1.0000000000000000        6.9400066739805622E-310
  0.17500633108780522        7.8962856516255782E-005  -2.6898593147617333E-004   1.0000000000000000E-002   1.2000000000000000E-002   1.0017797054716875        0.0000000000000000        1.0017797054716875        1.0000000000000000        6.9400066739805622E-310
  0.18500652119008068        8.1333710912480091E-005  -2.7706838587082672E-004   1.0000000000000000E-002   1.2000000000000000E-002   1.0017822970730410        0.0000000000000000        1.0017822970730410        1.0000000000000000        6.9400066739805622E-310
  0.19500668555970532        8.3383609885423100E-005  -2.8405804051434558E-004   1.0000000000000000E-002   1.2000000000000000E-002   1.0017849602184943        0.0000000000000000        1.0017849602184943        1.0000000000000000        6.9400066739805622E-310
  0.20500682354754646        8.5104459350545181E-005  -2.8992720775633529E-004   1.0000000000000000E-002   1.2000000000000000E-002   1.0017876844044638        0.0000000000000000        1.0017876844044638        1.0000000000000000        6.9400066739805622E-310
  0.21500693460853795        8.6489463738419659E-005  -2.9465257914118581E-004   1.0000000000000000E-002   1.2000000000000000E-002   1.0017904588851734        0.0000000000000000        1.0017904588851734        1.0000000000000000        6.9400066739805622E-310
  0.22500701830384598        8.7533151865478232E-005  -2.9821546371344709E-004   1.0000000000000000E-002   1.2000000000000000E-002   1.0017932727153540        0.0000000000000000        1.0017932727153540        1.0000000000000000        6.9400066739805622E-310
  0.23500707430260240        8.8231400003271123E-005  -3.0060170178725087E-004   1.0000000000000000E-002   1.2000000000000000E-002   1.0017961147936194        0.0000000000000000        1.0017961147936194        1.0000000000000000        6.9400066739805622E-310
  0.24500710238322082        8.8581447180131098E-005  -3.0180176879746057E-004   1.0000000000000000E-002   1.2000000000000000E-002   1.0017989739059716        0.0000000000000000        1.0017989739059716        1.0000000000000000        6.9400066739805622E-310
  0.25500710243427954        8.8581906379490069E-005  -3.0181079290247936E-004   1.0000000000000000E-002   1.2000000000000000E-002   1.0018018387698941        0.0000000000000000        1.0018018387698941        1.0000000000000000        6.9400066739805622E-310
  0.26500707445497490        8.8232770542078851E-005  -3.0062866012681155E-004   1.0000000000000000E-002   1.2000000000000000E-002   1.0018046980790138        0.0000000000000000        1.0018046980790138        1.0000000000000000        6.9400066739805622E-310
  0.27500701855512943        8.7535412142044567E-005  -2.9825992181287120E-004   1.0000000000000000E-002   1.2000000000000000E-002   1.0018075405477880        0.0000000000000000        1.0018075405477880        1.0000000000000000        6.9400066739805622E-310
  0.28500693495477125        8.6492578128934236E-005  -2.9471386926704923E-004   1.0000000000000000E-002   1.2000000000000000E-002   1.0018103549561790        0.0000000000000000        1.0018103549561790        1.0000000000000000        6.9400066739805622E-310
  0.29500682398326683        8.5108378840015374E-005  -2.9000430342929207E-004   1.0000000000000000E-002   1.2000000000000000E-002   1.0018131301935596        0.0000000000000000        1.0018131301935596        1.0000000000000000        6.9400066739805622E-310
  0.30500668607804332        8.3388272359495981E-005  -2.8414977980961709E-004   1.0000000000000000E-002   1.2000000000000000E-002   1.0018158553026912        0.0000000000000000        1.0018158553026912        1.0000000000000000        6.9400066739805622E-310
  0.31500652178286065        8.1339043086628613E-005  -2.7717330390419903E-004   1.0000000000000000E-002   1.2000000000000000E-002   1.0018185195234199        0.0000000000000000        1.0018185195234199        1.0000000000000000        6.9400066739805622E-310
  0.32500633174567745        7.8968774014213081E-005  -2.6910235325061649E-004   1.0000000000000000E-002   1.2000000000000000E-002   1.0018211123350089        0.0000000000000000        1.0018211123350089        1.0000000000000000        6.9400066739805622E-310
  0.33500611671609659        7.6286816307476836E-005  -2.5996866931077278E-004   1.0000000000000000E-002   1.2000000000000000E-002   1.0018236234976818        0.0000000000000000        1.0018236234976818        1.0000000000000000        6.9400066739805622E-310
  0.34500587754241807        7.3303751785680691E-005  -2.4980824372899946E-004   1.0000000000000000E-002   1.2000000000000000E-002   1.0018260430929935        0.0000000000000000        1.0018260430929935        1.0000000000000000        6.9400066739805622E-310
  0.35500561516829665        7.0031350210070898E-005  -2.3866119517368389E-004   1.0000000000000000E-002   1.2000000000000000E-002   1.0018283615636396        0.0000000000000000        1.0018283615636396        1.0000000000000000        6.9400066739805622E-310
  0.36500533062901319        6.6482525257558387E-005  -2.2657140715942603E-004   1.0000000000000000E-002   1.2000000000000000E-002   1.0018305697509369        0.0000000000000000        1.0018305697509369        1.0000000000000000        6.9400066739805622E-310
  0.37500502504740135        6.2671281276311606E-005  -2.1358658461068103E-004   1.0000000000000000E-002   1.2000000000000000E-002   1.0018326589308306        0.0000000000000000        1.0018326589308306        1.0000000000000000        6.9400066739805622E-310
  0.38500469962941664        5.8612659268470735E-005  -1.9975802625982197E-004   1.0000000000000000E-002   1.2000000000000000E-002   1.0018346208491591        0.0000000000000000        1.0018346208491591        1.0000000000000000        6.9400066739805622E-310
  0.39500435565936948        5.4322676905721910E-005  -1.8514023590832096E-004   1.0000000000000000E-002   1.2000000000000000E-002   1.0018364477538872        0.0000000000000000        1.0018364477538872        1.0000000000000000        6.9400066739805622E-310
  0.40500399449486763        4.9818265896279830E-005  -1.6979098257774439E-004   1.0000000000000000E-002   1.2000000000000000E-002   1.0018381324258920        0.0000000000000000        1.0018381324258920        1.0000000000000000        6.9400066739805622E-310
  0.41500361756144633        4.5117204898186974E-005  -1.5377081815337590E-004   1.0000000000000000E-002   1.2000000000000000E-002   1.0018396682076858        0.0000000000000000        1.0018396682076858        1.0000000000000000        6.9400066739805622E-310
  0.42500322634694893        4.0238049060199889E-005  -1.3714306300816048E-004   1.0000000000000000E-002   1.2000000000000000E-002   1.0018410490297558        0.0000000000000000        1.0018410490297558        1.0000000000000000        6.9400066739805622E-310
  0.43500282239564325        3.5200057106119274E-005  -1.1997337906954897E-004   1.0000000000000000E-002   1.2000000000000000E-002   1.0018422694348847        0.0000000000000000        1.0018422694348847        1.0000000000000000        6.9400066739805622E-310
  0.44500240730212509        3.0023114995064256E-005  -1.0232958444422735E-004   1.0000000000000000E-002   1.2000000000000000E-002   1.0018433245994753        0.0000000000000000        1.0018433245994753        1.0000000000000000        6.9400066739805622E-310
  0.45500198270502012        2.4727658232656687E-005  -8.4281410062558848E-005   1.0000000000000000E-002   1.2000000000000000E-002   1.0018442103529326        0.0000000000000000        1.0018442103529326        1.0000000000000000        6.9400066739805622E-310
  0.46500155028050666        1.9334589299004463E-005  -6.5900143600750027E-005   1.0000000000000000E-002   1.2000000000000000E-002   1.0018449231940958        0.0000000000000000        1.0018449231940958        1.0000000000000000        6.9400066739805622E-310
  0.47500111173569798        1.3865197030999335E-005  -4.7258471107092248E-005   1.0000000000000000E-002   1.2000000000000000E-002   1.0018454603053251        0.0000000000000000        1.0018454603053251        1.0000000000000000        6.9400066739805622E-310
  0.48500066880188814        8.3410722230503301E-006  -2.8429982310562707E-005   1.0000000000000000E-002   1.2000000000000000E-002   1.0018458195634095        0.0000000000000000        1.0018458195634095        1.0000000000000000        6.9400066739805622E-310
  0.49500022322772302        2.7840206935910180E-006  -9.4891760076265541E-006   1.0000000000000000E-002   1.2000000000000000E-002   1.0018459995481852        0.0000000000000000        1.0018459995481852        1.0000000000000000        6.9400066739805622E-310
  0.50499977677227670       -2.7840207417551351E-006   9.4891638315885984E-006   1.0000000000000000E-002   1.2000000000000000E-002   1.0018459995482518        0.0000000000000000        1.0018459995482518        1.0000000000000000        6.9400066739805622E-310
  0.51499933119810981       -8.3410720944982437E-006   2.8430014190838904E-005   1.0000000000000000E-002   1.2000000000000000E-002   1.0018458195633724        0.0000000000000000        1.0018458195633724        1.0000000000000000        6.9400066739805622E-310
  0.52499888826430274       -1.3865197122822414E-005   4.7258430611485380E-005   1.0000000000000000E-002   1.2000000000000000E-002   1.0018454603053242        0.0000000000000000        1.0018454603053242        1.0000000000000000        6.9400066739805622E-310
  0.53499844971949151       -1.9334589192129965E-005   6.5900157742326826E-005   1.0000000000000000E-002   1.2000000000000000E-002   1.0018449231942286        0.0000000000000000        1.0018449231942286        1.0000000000000000        6.9400066739805622E-310
  0.54499801729497732       -2.4727658171150697E-005   8.4281441759870290E-005   1.0000000000000000E-002   1.2000000000000000E-002   1.0018442103528413        0.0000000000000000        1.0018442103528413        1.0000000000000000        6.9400066739805622E-310
  0.55499759269787530       -3.0023115117300323E-005   1.0232955537414767E-004   1.0000000000000000E-002   1.2000000000000000E-002   1.0018433245993816        0.0000000000000000        1.0018433245993816        1.0000000000000000        6.9400066739805622E-310
  0.56499717760435619       -3.5200057189774057E-005   1.1997338567759641E-004   1.0000000000000000E-002   1.2000000000000000E-002   1.0018422694348925        0.0000000000000000        1.0018422694348925        1.0000000000000000        6.9400066739805622E-310
  0.57499677365305102       -4.0238049077923390E-005   1.3714306731316128E-004   1.0000000000000000E-002   1.2000000000000000E-002   1.0018410490297092        0.0000000000000000        1.0018410490297092        1.0000000000000000        6.9400066739805622E-310
  0.58499638243855412       -4.5117204792203535E-005   1.5377081773149115E-004   1.0000000000000000E-002   1.2000000000000000E-002   1.0018396682076252        0.0000000000000000        1.0018396682076252        1.0000000000000000        6.9400066739805622E-310
  0.59499600550513365       -4.9818265938616041E-005   1.6979096812264061E-004   1.0000000000000000E-002   1.2000000000000000E-002   1.0018381324259018        0.0000000000000000        1.0018381324259018        1.0000000000000000        6.9400066739805622E-310
  0.60499564434063069       -5.4322676949565054E-005   1.8514024320914757E-004   1.0000000000000000E-002   1.2000000000000000E-002   1.0018364477539252        0.0000000000000000        1.0018364477539252        1.0000000000000000        6.9400066739805622E-310
  0.61499530037058392       -5.8612659094877377E-005   1.9975801172300578E-004   1.0000000000000000E-002   1.2000000000000000E-002   1.0018346208492297        0.0000000000000000        1.0018346208492297        1.0000000000000000        6.9400066739805622E-310
  0.62499497495259737       -6.2671281390209728E-005   2.1358660358838932E-004   1.0000000000000000E-002   1.2000000000000000E-002   1.0018326589308892        0.0000000000000000        1.0018326589308892        1.0000000000000000        6.9400066739805622E-310
  0.63499466937098603       -6.6482525321520297E-005   2.2657140822612831E-004   1.0000000000000000E-002   1.2000000000000000E-002   1.0018305697508914        0.0000000000000000        1.0018305697508914        1.0000000000000000        6.9400066739805622E-310
  0.64499438483170335       -7.0031350247799873E-005   2.3866117695980904E-004   1.0000000000000000E-002   1.2000000000000000E-002   1.0018283615636849        0.0000000000000000        1.0018283615636849        1.0000000000000000        6.9400066739805622E-310
  0.65499412245757993       -7.3303751636389820E-005   2.4980827642373526E-004   1.0000000000000000E-002   1.2000000000000000E-002   1.0018260430929633        0.0000000000000000        1.0018260430929633        1.0000000000000000        6.9400066739805622E-310
  0.66499388328390407       -7.6286816455616285E-005   2.5996864508393003E-004   1.0000000000000000E-002   1.2000000000000000E-002   1.0018236234976143        0.0000000000000000        1.0018236234976143        1.0000000000000000        6.9400066739805622E-310
  0.67499366825432205       -7.8968774069621518E-005   2.6910236582011748E-004   1.0000000000000000E-002   1.2000000000000000E-002   1.0018211123350023        0.0000000000000000        1.0018211123350023        1.0000000000000000        6.9400066739805622E-310
  0.68499347821713996       -8.1339043035748794E-005   2.7717329423992965E-004   1.0000000000000000E-002   1.2000000000000000E-002   1.0018185195233860        0.0000000000000000        1.0018185195233860        1.0000000000000000        6.9400066739805622E-310
  0.69499331392195707       -8.3388272257822646E-005   2.8414977580748513E-004   1.0000000000000000E-002   1.2000000000000000E-002   1.0018158553027352        0.0000000000000000        1.0018158553027352        1.0000000000000000        6.9400066739805622E-310
  0.70499317601673261       -8.5108378918146628E-005   2.9000432100989570E-004   1.0000000000000000E-002   1.2000000000000000E-002   1.0018131301935307        0.0000000000000000        1.0018131301935307        1.0000000000000000        6.9400066739805622E-310
  0.71499306504522997       -8.6492578074381330E-005   2.9471383899526415E-004   1.0000000000000000E-002   1.2000000000000000E-002   1.0018103549562121        0.0000000000000000        1.0018103549562121        1.0000000000000000        6.9400066739805622E-310
  0.72499298144486934       -8.7535412169819916E-005   2.9825994131282840E-004   1.0000000000000000E-002   1.2000000000000000E-002   1.0018075405478675        0.0000000000000000        1.0018075405478675        1.0000000000000000        6.9400066739805622E-310
  0.73499292554502449       -8.8232770513455196E-005   3.0062866721092263E-004   1.0000000000000000E-002   1.2000000000000000E-002   1.0018046980789763        0.0000000000000000        1.0018046980789763        1.0000000000000000        6.9400066739805622E-310
  0.74499289756571996       -8.8581906459298191E-005   3.0181081093161310E-004   1.0000000000000000E-002   1.2000000000000000E-002   1.0018018387697403        0.0000000000000000        1.0018018387697403        1.0000000000000000        6.9400066739805622E-310
  0.75499289761678201       -8.8581447036521269E-005   3.0180172211569101E-004   1.0000000000000000E-002   1.2000000000000000E-002   1.0017989739059476        0.0000000000000000        1.0017989739059476        1.0000000000000000        6.9400066739805622E-310
  0.76499292569739752       -8.8231400049963184E-005   3.0060172590040679E-004   1.0000000000000000E-002   1.2000000000000000E-002   1.0017961147936978        0.0000000000000000        1.0017961147936978        1.0000000000000000        6.9400066739805622E-310
  0.77499298169615494       -8.7533151803872793E-005   2.9821546392749809E-004   1.0000000000000000E-002   1.2000000000000000E-002   1.0017932727153223        0.0000000000000000        1.0017932727153223        1.0000000000000000        6.9400066739805622E-310
  0.78499306539146274       -8.6489463716043095E-005   2.9465258479444145E-004   1.0000000000000000E-002   1.2000000000000000E-002   1.0017904588851183        0.0000000000000000        1.0017904588851183        1.0000000000000000        6.9400066739805622E-310
  0.79499317645245582       -8.5104459294461964E-005   2.8992716950426711E-004   1.0000000000000000E-002   1.2000000000000000E-002   1.0017876844045501        0.0000000000000000        1.0017876844045501        1.0000000000000000        6.9400066739805622E-310
  0.80499331444029354       -8.3383610046275673E-005   2.8405806974873826E-004   1.0000000000000000E-002   1.2000000000000000E-002   1.0017849602186284        0.0000000000000000        1.0017849602186284        1.0000000000000000        6.9400066739805622E-310
  0.81499347880991846       -8.1333710979893586E-005   2.7706840735852722E-004   1.0000000000000000E-002   1.2000000000000000E-002   1.0017822970729389        0.0000000000000000        1.0017822970729389        1.0000000000000000        6.9400066739805622E-310
  0.82499366891219605       -7.8962856461187311E-005   2.6898591400215111E-004   1.0000000000000000E-002   1.2000000000000000E-002   1.0017797054715760        0.0000000000000000        1.0017797054715760        1.0000000000000000        6.9400066739805622E-310
  0.83499388399649477       -7.6280406667700147E-005   2.5984255367639264E-004   1.0000000000000000E-002   1.2000000000000000E-002   1.0017771956351305        0.0000000000000000        1.0017771956351305        1.0000000000000000        6.9400066739805622E-310
  0.84499412321365241       -7.3296950500002840E-005   2.4967445108270425E-004   1.0000000000000000E-002   1.2000000000000000E-002   1.0017747774609553        0.0000000000000000        1.0017747774609553        1.0000000000000000        6.9400066739805622E-310
  0.85499438561933039       -7.0024265544857010E-005   2.3852181288042118E-004   1.0000000000000000E-002   1.2000000000000000E-002   1.0017724604839990        0.0000000000000000        1.0017724604839990        1.0000000000000000        6.9400066739805622E-310
  0.86499467017774945       -6.6475268455318891E-005   2.2642863598232310E-004   1.0000000000000000E-002   1.2000000000000000E-002   1.0017702538394839        0.0000000000000000        1.0017702538394839        1.0000000000000000        6.9400066739805622E-310
  0.87499497576577379       -6.2663966720895683E-005   2.1344268189782412E-004   1.0000000000000000E-002   1.2000000000000000E-002   1.0017681662270776        0.0000000000000000        1.0017681662270776        1.0000000000000000        6.9400066739805622E-310
  0.88499530117734782       -5.8605402283986530E-005   1.9961523642297863E-004   1.0000000000000000E-002   1.2000000000000000E-002   1.0017662058763330        0.0000000000000000        1.0017662058763330        1.0000000000000000        6.9400066739805622E-310
  0.89499564512825880       -5.4315592128103938E-005   1.8500086147987815E-004   1.0000000000000000E-002   1.2000000000000000E-002   1.0017643805144274        0.0000000000000000        1.0017643805144274        1.0000000000000000        6.9400066739805622E-310
  0.90499600626120535       -4.9811465085177403E-005   1.6965716283667831E-004   1.0000000000000000E-002   1.2000000000000000E-002   1.0017626973362013        0.0000000000000000        1.0017626973362013        1.0000000000000000        6.9400066739805622E-310
  0.91499638315114507       -4.5110794991582778E-005   1.5364471952583614E-004   1.0000000000000000E-002   1.2000000000000000E-002   1.0017611629755956        0.0000000000000000        1.0017611629755956        1.0000000000000000        6.9400066739805622E-310
  0.92499677431092464       -4.0232131470329046E-005   1.3702662705483704E-004   1.0000000000000000E-002   1.2000000000000000E-002   1.0017597834796568        0.0000000000000000        1.0017597834796568        1.0000000000000000        6.9400066739805622E-310
  0.93499717819713579       -3.5194724923557152E-005   1.1986847945255619E-004   1.0000000000000000E-002   1.2000000000000000E-002   1.0017585642847566        0.0000000000000000        1.0017585642847566        1.0000000000000000        6.9400066739805622E-310
  0.94499759321621157       -3.0018452671521425E-005   1.0223786643770438E-004   1.0000000000000000E-002   1.2000000000000000E-002   1.0017575101952492        0.0000000000000000        1.0017575101952492        1.0000000000000000        6.9400066739805622E-310
  0.95499801773070114       -2.4723738920263153E-005   8.4204293918865858E-005   1.0000000000000000E-002   1.2000000000000000E-002   1.0017566253649626        0.0000000000000000        1.0017566253649626        1.0000000000000000        6.9400066739805622E-310
  0.96499845006572649       -1.9331474752380747E-005   6.5838877542745422E-005   1.0000000000000000E-002   1.2000000000000000E-002   1.0017559132804479        0.0000000000000000        1.0017559132804479        1.0000000000000000        6.9400066739805622E-310
  0.97499888851558814       -1.3862936692495253E-005   4.7213985043370599E-005   1.0000000000000000E-002   1.2000000000000000E-002   1.0017553767474463        0.0000000000000000        1.0017553767474463        1.0000000000000000        6.9400066739805622E-310
  0.98499933135048579       -8.3397016501973000E-006   2.8403024683321121E-005   1.0000000000000000E-002   1.2000000000000000E-002   1.0017550178800012        0.0000000000000000        1.0017550178800012        1.0000000000000000        6.9400066739805622E-310
  0.99499977682333707       -2.7835613061829188E-006   9.4801302541469568E-006   1.0000000000000000E-002   1.2000000000000000E-002   1.0017548380920742        0.0000000000000000        1.0017548380920742        1.0000000000000000        6.9400066739805622E-310
   1.0050002231766633        2.7835585931126151E-006  -9.1951797847045214E-006   1.0000000000000000E-002   1.2000000000000000E-002   1.0017548380920829        0.0000000000000000        1.0017548380920829        1.0000000000000000        6.9400066739805622E-310
   1.0150006686495143        8.3396934118229890E-006  -2.7549266948589946E-005   1.0000000000000000E-002   1.2000000000000000E-002   1.0017550178799524        0.0000000000000000        1.0017550178799524        1.0000000000000000        6.9400066739805622E-310
   1.0250011114844133        1.3862923478993512E-005  -4.5794821817324305E-005   1.0000000000000000E-002   1.2000000000000000E-002   1.0017553767474259        0.0000000000000000        1.0017553767474259        1.0000000000000000        6.9400066739805622E-310
   1.0350015499342740        1.9331456017260528E-005  -6.3859868697946354E-005   1.0000000000000000E-002   1.2000000000000000E-002   1.0017559132804685        0.0000000000000000        1.0017559132804685        1.0000000000000000        6.9400066739805622E-310
   1.0450019822692997        2.4723714888081109E-005  -8.1673261093762051E-005   1.0000000000000000E-002   1.2000000000000000E-002   1.0017566253649659        0.0000000000000000        1.0017566253649659        1.0000000000000000        6.9400066739805622E-310
  -5.0002231766629324E-003  -2.7839032449428921E-006  -3.5767633061438002E+077   1.0000000000000000E-002   1.2000000000000000E-002   1.0017548380920742        0.0000000000000000        1.0017548380920742        1.0000000000000000        6.9400066739805622E-310
  -1.5000668649514215E-002  -8.3407261568826541E-006   0.0000000000000000        1.0000000000000000E-002   1.2000000000000000E-002   1.0017550178800012        0.0000000000000000        1.0017550178800012        1.0000000000000000        6.9400066739805622E-310
  -2.5001111484411864E-002  -1.3864639695746205E-005  -3.5767633061438002E+077   1.0000000000000000E-002   1.2000000000000000E-002   1.0017553767474463        0.0000000000000000        1.0017553767474463        1.0000000000000000        6.9400066739805622E-310
  -3.5001549934273513E-002  -1.9333849555044599E-005   6.9400068546417920E-310   1.0000000000000000E-002   1.2000000000000000E-002   1.0017559132804479        0.0000000000000000        1.0017559132804479        1.0000000000000000        6.9400066739805622E-310
  -4.5001982269298857E-002  -2.4726776170841127E-005   6.9400066883177543E-310   1.0000000000000000E-002   1.2000000000000000E-002   1.0017566253649626        0.0000000000000000        1.0017566253649626        1.0000000000000000        6.9400066739805622E-310
