 # x, v, a, m, h, rho, u, P, c, ke
  0.95039999999999414     
   4.9999577752052899E-003   3.1287911856239919E-006   1.7939402878752730E-006   1.0000000000000000E-002   1.2000000000000000E-002   1.0018090344402972        0.0000000000000000        1.0018090344402972        1.0000000000000000        6.9400066739805622E-310
   1.4999873492226402E-002   9.3740278704082132E-006   5.3747269355142180E-006   1.0000000000000000E-002   1.2000000000000000E-002   1.0018090004159219        0.0000000000000000        1.0018090004159219        1.0000000000000000        6.9400066739805622E-310
   2.4999789708418083E-002   1.5582276666422568E-005   8.9343283118381578E-006   1.0000000000000000E-002   1.2000000000000000E-002   1.0018089325013779        0.0000000000000000        1.0018089325013779        1.0000000000000000        6.9400066739805622E-310
   3.4999706754374124E-002   2.1729041080019203E-005   1.2458677058901912E-005   1.0000000000000000E-002   1.2000000000000000E-002   1.0018088309645552        0.0000000000000000        1.0018088309645552        1.0000000000000000        6.9400066739805622E-310
   4.4999624957413283E-002   2.7790066900683710E-005   1.5933919062405266E-005   1.0000000000000000E-002   1.2000000000000000E-002   1.0018086962058650        0.0000000000000000        1.0018086962058650        1.0000000000000000        6.9400066739805622E-310
   5.4999544640294586E-002   3.3741438297611246E-005   1.9346321331603633E-005   1.0000000000000000E-002   1.2000000000000000E-002   1.0018085287566536        0.0000000000000000        1.0018085287566536        1.0000000000000000        6.9400066739805622E-310
   6.4999466119940577E-002   3.9559671659162707E-005   2.2682416187969068E-005   1.0000000000000000E-002   1.2000000000000000E-002   1.0018083292773821        0.0000000000000000        1.0018083292773821        1.0000000000000000        6.9400066739805622E-310
   7.4999389706186692E-002   4.5221808713733580E-005   2.5929066693741731E-005   1.0000000000000000E-002   1.2000000000000000E-002   1.0018080985547733        0.0000000000000000        1.0018080985547733        1.0000000000000000        6.9400066739805622E-310
   8.4999315700561934E-002   5.0705506432731502E-005   2.9073453727157528E-005   1.0000000000000000E-002   1.2000000000000000E-002   1.0018078374987602        0.0000000000000000        1.0018078374987602        1.0000000000000000        6.9400066739805622E-310
   9.4999244395097257E-002   5.5989125737200683E-005   3.2103185996668060E-005   1.0000000000000000E-002   1.2000000000000000E-002   1.0018075471389332        0.0000000000000000        1.0018075471389332        1.0000000000000000        6.9400066739805622E-310
  0.10499917607117583        6.1051816754166126E-005   3.5006293740202921E-005   1.0000000000000000E-002   1.2000000000000000E-002   1.0018072286205018        0.0000000000000000        1.0018072286205018        1.0000000000000000        6.9400066739805622E-310
  0.11499911099842038        6.5873600723103637E-005   3.7771336774738984E-005   1.0000000000000000E-002   1.2000000000000000E-002   1.0018068831997946        0.0000000000000000        1.0018068831997946        1.0000000000000000        6.9400066739805622E-310
  0.12499904943363134        7.0435449111847022E-005   4.0387403357655671E-005   1.0000000000000000E-002   1.2000000000000000E-002   1.0018065122392199        0.0000000000000000        1.0018065122392199        1.0000000000000000        6.9400066739805622E-310
  0.13499899161977344        7.4719358758503740E-005   4.2844158613775107E-005   1.0000000000000000E-002   1.2000000000000000E-002   1.0018061172020383        0.0000000000000000        1.0018061172020383        1.0000000000000000        6.9400066739805622E-310
  0.14499893778501513        7.8708422770734957E-005   4.5131923670282958E-005   1.0000000000000000E-002   1.2000000000000000E-002   1.0018056996464890        0.0000000000000000        1.0018056996464890        1.0000000000000000        6.9400066739805622E-310
  0.15499888814183102        8.2386897124834171E-005   4.7241641758510866E-005   1.0000000000000000E-002   1.2000000000000000E-002   1.0018052612197372        0.0000000000000000        1.0018052612197372        1.0000000000000000        6.9400066739805622E-310
  0.16499884288615901        8.5740263153207439E-005   4.9165014877949886E-005   1.0000000000000000E-002   1.2000000000000000E-002   1.0018048036513181        0.0000000000000000        1.0018048036513181        1.0000000000000000        6.9400066739805622E-310
  0.17499880219663130        8.8755284664912695E-005   5.0894431004699925E-005   1.0000000000000000E-002   1.2000000000000000E-002   1.0018043287462726        0.0000000000000000        1.0018043287462726        1.0000000000000000        6.9400066739805622E-310
  0.18499876623386621        9.1420060254675519E-005   5.2423060410866640E-005   1.0000000000000000E-002   1.2000000000000000E-002   1.0018038383781882        0.0000000000000000        1.0018038383781882        1.0000000000000000        6.9400066739805622E-310
  0.19499873513983446        9.3724070036010668E-005   5.3744864532134784E-005   1.0000000000000000E-002   1.2000000000000000E-002   1.0018033344817161        0.0000000000000000        1.0018033344817161        1.0000000000000000        6.9400066739805622E-310
  0.20499870903729814        9.5658217928623957E-005   5.4854612372423617E-005   1.0000000000000000E-002   1.2000000000000000E-002   1.0018028190449895        0.0000000000000000        1.0018028190449895        1.0000000000000000        6.9400066739805622E-310
  0.21499868802932506        9.7214866846940346E-005   5.5747912288239831E-005   1.0000000000000000E-002   1.2000000000000000E-002   1.0018022941018092        0.0000000000000000        1.0018022941018092        1.0000000000000000        6.9400066739805622E-310
  0.22499867219888037        9.8387869128285622E-005   5.6421248259219681E-005   1.0000000000000000E-002   1.2000000000000000E-002   1.0018017617234960        0.0000000000000000        1.0018017617234960        1.0000000000000000        6.9400066739805622E-310
  0.23499866160850091        9.9172591049070274E-005   5.6871939224656387E-005   1.0000000000000000E-002   1.2000000000000000E-002   1.0018012240107901        0.0000000000000000        1.0018012240107901        1.0000000000000000        6.9400066739805622E-310
  0.24499865630004480        9.9565931272942279E-005   5.7098217087769854E-005   1.0000000000000000E-002   1.2000000000000000E-002   1.0018006830855348        0.0000000000000000        1.0018006830855348        1.0000000000000000        6.9400066739805622E-310
  0.25499865629452917        9.9566332688063230E-005   5.7099126850701509E-005   1.0000000000000000E-002   1.2000000000000000E-002   1.0018001410824786        0.0000000000000000        1.0018001410824786        1.0000000000000000        6.9400066739805622E-310
  0.26499866159203928        9.9173788829783416E-005   5.6874689551733582E-005   1.0000000000000000E-002   1.2000000000000000E-002   1.0017996001408056        0.0000000000000000        1.0017996001408056        1.0000000000000000        6.9400066739805622E-310
  0.27499867217173185        9.8389844230660703E-005   5.6425800798010073E-005   1.0000000000000000E-002   1.2000000000000000E-002   1.0017990623953381        0.0000000000000000        1.0017990623953381        1.0000000000000000        6.9400066739805622E-310
  0.28499868799191819        9.7217588193472120E-005   5.5754191357060279E-005   1.0000000000000000E-002   1.2000000000000000E-002   1.0017985299684404        0.0000000000000000        1.0017985299684404        1.0000000000000000        6.9400066739805622E-310
  0.29499870899022412        9.5661642770108411E-005   5.4862500186381169E-005   1.0000000000000000E-002   1.2000000000000000E-002   1.0017980049617128        0.0000000000000000        1.0017980049617128        1.0000000000000000        6.9400066739805622E-310
  0.30499873508383590        9.3728144302458025E-005   5.3754233884539815E-005   1.0000000000000000E-002   1.2000000000000000E-002   1.0017974894475756        0.0000000000000000        1.0017974894475756        1.0000000000000000        6.9400066739805622E-310
  0.31499876616982520        9.1424719554886253E-005   5.2433779937466340E-005   1.0000000000000000E-002   1.2000000000000000E-002   1.0017969854609927        0.0000000000000000        1.0017969854609927        1.0000000000000000        6.9400066739805622E-310
  0.32499880212555693        8.8760455567292099E-005   5.0906340743672729E-005   1.0000000000000000E-002   1.2000000000000000E-002   1.0017964949913971        0.0000000000000000        1.0017964949913971        1.0000000000000000        6.9400066739805622E-310
  0.33499884280917286        8.5745864233228736E-005   4.9177908235442658E-005   1.0000000000000000E-002   1.2000000000000000E-002   1.0017960199750964        0.0000000000000000        1.0017960199750964        1.0000000000000000        6.9400066739805622E-310
  0.34499888806014650        8.2392839896326336E-005   4.7255338003537872E-005   1.0000000000000000E-002   1.2000000000000000E-002   1.0017955622874033        0.0000000000000000        1.0017955622874033        1.0000000000000000        6.9400066739805622E-310
  0.35499893769992219        7.8714613576710618E-005   4.5146175629007246E-005   1.0000000000000000E-002   1.2000000000000000E-002   1.0017951237352853        0.0000000000000000        1.0017951237352853        1.0000000000000000        6.9400066739805622E-310
  0.36499899153261334        7.4725699996828528E-005   4.2858764657260906E-005   1.0000000000000000E-002   1.2000000000000000E-002   1.0017947060502901        0.0000000000000000        1.0017947060502901        1.0000000000000000        6.9400066739805622E-310
  0.37499904934577966        7.0441840822561898E-005   4.0402105454973025E-005   1.0000000000000000E-002   1.2000000000000000E-002   1.0017943108816374        0.0000000000000000        1.0017943108816374        1.0000000000000000        6.9400066739805622E-310
  0.38499911091126099        6.5879941961512680E-005   3.7785931139566742E-005   1.0000000000000000E-002   1.2000000000000000E-002   1.0017939397896538        0.0000000000000000        1.0017939397896538        1.0000000000000000        6.9400066739805622E-310
  0.39499917598608270        6.1058007565098745E-005   3.5020558139642333E-005   1.0000000000000000E-002   1.2000000000000000E-002   1.0017935942394920        0.0000000000000000        1.0017935942394920        1.0000000000000000        6.9400066739805622E-310
  0.40499924431341366        5.5995068649203152E-005   3.2116863061482093E-005   1.0000000000000000E-002   1.2000000000000000E-002   1.0017932755957262        0.0000000000000000        1.0017932755957262        1.0000000000000000        6.9400066739805622E-310
  0.41499931562357517        5.0711107504253718E-005   2.9086352081542088E-005   1.0000000000000000E-002   1.2000000000000000E-002   1.0017929851166911        0.0000000000000000        1.0017929851166911        1.0000000000000000        6.9400066739805622E-310
  0.42499938963511130        4.5226979551824078E-005   2.5940976484228884E-005   1.0000000000000000E-002   1.2000000000000000E-002   1.0017927239493958        0.0000000000000000        1.0017927239493958        1.0000000000000000        6.9400066739805622E-310
  0.43499946605589768        3.9564331058132747E-005   2.2693148209462777E-005   1.0000000000000000E-002   1.2000000000000000E-002   1.0017924931252240        0.0000000000000000        1.0017924931252240        1.0000000000000000        6.9400066739805622E-310
  0.44499954458429475        3.3745512526788150E-005   1.9355691114775198E-005   1.0000000000000000E-002   1.2000000000000000E-002   1.0017922935557775        0.0000000000000000        1.0017922935557775        1.0000000000000000        6.9400066739805622E-310
  0.45499962491033857        2.7793491713441357E-005   1.5941802420371687E-005   1.0000000000000000E-002   1.2000000000000000E-002   1.0017921260291804        0.0000000000000000        1.0017921260291804        1.0000000000000000        6.9400066739805622E-310
  0.46499970671696639        2.1731762459924586E-005   1.2464964059155648E-005   1.0000000000000000E-002   1.2000000000000000E-002   1.0017919912069200        0.0000000000000000        1.0017919912069200        1.0000000000000000        6.9400066739805622E-310
  0.47499978968126999        1.5584251825417874E-005   8.9388617876551280E-006   1.0000000000000000E-002   1.2000000000000000E-002   1.0017918896215638        0.0000000000000000        1.0017918896215638        1.0000000000000000        6.9400066739805622E-310
  0.48499987347576384        9.3752255215182310E-006   5.3774930943717436E-006   1.0000000000000000E-002   1.2000000000000000E-002   1.0017918216742800        0.0000000000000000        1.0017918216742800        1.0000000000000000        6.9400066739805622E-310
  0.49499995776968941        3.1291924084624034E-006   1.7948512711640774E-006   1.0000000000000000E-002   1.2000000000000000E-002   1.0017917876333988        0.0000000000000000        1.0017917876333988        1.0000000000000000        6.9400066739805622E-310
  0.50500004223031025       -3.1291923453832389E-006  -1.7948567467840348E-006   1.0000000000000000E-002   1.2000000000000000E-002   1.0017917876334292        0.0000000000000000        1.0017917876334292        1.0000000000000000        6.9400066739805622E-310
  0.51500012652423499       -9.3752256380500813E-006  -5.3774764392500174E-006   1.0000000000000000E-002   1.2000000000000000E-002   1.0017918216742523        0.0000000000000000        1.0017918216742523        1.0000000000000000        6.9400066739805622E-310
  0.52500021031873034       -1.5584251832143153E-005  -8.9388789925592960E-006   1.0000000000000000E-002   1.2000000000000000E-002   1.0017918896215401        0.0000000000000000        1.0017918896215401        1.0000000000000000        6.9400066739805622E-310
  0.53500029328303300       -2.1731762442552936E-005  -1.2464957282354305E-005   1.0000000000000000E-002   1.2000000000000000E-002   1.0017919912069477        0.0000000000000000        1.0017919912069477        1.0000000000000000        6.9400066739805622E-310
  0.54500037508966104       -2.7793491739867148E-005  -1.5941802931962457E-005   1.0000000000000000E-002   1.2000000000000000E-002   1.0017921260291722        0.0000000000000000        1.0017921260291722        1.0000000000000000        6.9400066739805622E-310
  0.55500045541570497       -3.3745512422213646E-005  -1.9355700779044582E-005   1.0000000000000000E-002   1.2000000000000000E-002   1.0017922935558208        0.0000000000000000        1.0017922935558208        1.0000000000000000        6.9400066739805622E-310
  0.56500053394410099       -3.9564331049564697E-005  -2.2693139343665791E-005   1.0000000000000000E-002   1.2000000000000000E-002   1.0017924931252671        0.0000000000000000        1.0017924931252671        1.0000000000000000        6.9400066739805622E-310
  0.57500061036488748       -4.5226979773186306E-005  -2.5940969289095506E-005   1.0000000000000000E-002   1.2000000000000000E-002   1.0017927239493718        0.0000000000000000        1.0017927239493718        1.0000000000000000        6.9400066739805622E-310
  0.58500068437642394       -5.0711107291917974E-005  -2.9086345137763203E-005   1.0000000000000000E-002   1.2000000000000000E-002   1.0017929851165972        0.0000000000000000        1.0017929851165972        1.0000000000000000        6.9400066739805622E-310
  0.59500075568658728       -5.5995068689206322E-005  -3.2116894096212434E-005   1.0000000000000000E-002   1.2000000000000000E-002   1.0017932755957417        0.0000000000000000        1.0017932755957417        1.0000000000000000        6.9400066739805622E-310
  0.60500082401391597       -6.1058007602768903E-005  -3.5020532247465042E-005   1.0000000000000000E-002   1.2000000000000000E-002   1.0017935942395373        0.0000000000000000        1.0017935942395373        1.0000000000000000        6.9400066739805622E-310
  0.61500088908873873       -6.5879941992878541E-005  -3.7785928022060489E-005   1.0000000000000000E-002   1.2000000000000000E-002   1.0017939397895557        0.0000000000000000        1.0017939397895557        1.0000000000000000        6.9400066739805622E-310
  0.62500095065422145       -7.0441840831134291E-005  -4.0402134151129587E-005   1.0000000000000000E-002   1.2000000000000000E-002   1.0017943108816669        0.0000000000000000        1.0017943108816669        1.0000000000000000        6.9400066739805622E-310
  0.63500100846738561       -7.4725699917565163E-005  -4.2858742822282636E-005   1.0000000000000000E-002   1.2000000000000000E-002   1.0017947060503467        0.0000000000000000        1.0017947060503467        1.0000000000000000        6.9400066739805622E-310
  0.64500106230007759       -7.8714613496359080E-005  -4.5146176478105815E-005   1.0000000000000000E-002   1.2000000000000000E-002   1.0017951237352425        0.0000000000000000        1.0017951237352425        1.0000000000000000        6.9400066739805622E-310
  0.65500111193985355       -8.2392839954585750E-005  -4.7255345163144113E-005   1.0000000000000000E-002   1.2000000000000000E-002   1.0017955622874029        0.0000000000000000        1.0017955622874029        1.0000000000000000        6.9400066739805622E-310
  0.66500115719082686       -8.5745864235623441E-005  -4.9177903812314128E-005   1.0000000000000000E-002   1.2000000000000000E-002   1.0017960199751070        0.0000000000000000        1.0017960199751070        1.0000000000000000        6.9400066739805622E-310
  0.67500119787444279       -8.8760455541615508E-005  -5.0906334203126846E-005   1.0000000000000000E-002   1.2000000000000000E-002   1.0017964949913558        0.0000000000000000        1.0017964949913558        1.0000000000000000        6.9400066739805622E-310
  0.68500123383017553       -9.1424719591132406E-005  -5.2433796961182111E-005   1.0000000000000000E-002   1.2000000000000000E-002   1.0017969854610007        0.0000000000000000        1.0017969854610007        1.0000000000000000        6.9400066739805622E-310
  0.69500126491616365       -9.3728144319857383E-005  -5.3754226436275587E-005   1.0000000000000000E-002   1.2000000000000000E-002   1.0017974894476289        0.0000000000000000        1.0017974894476289        1.0000000000000000        6.9400066739805622E-310
  0.70500129100977538       -9.5661642683807300E-005  -5.4862499228036654E-005   1.0000000000000000E-002   1.2000000000000000E-002   1.0017980049617212        0.0000000000000000        1.0017980049617212        1.0000000000000000        6.9400066739805622E-310
  0.71500131200808137       -9.7217588338334269E-005  -5.5754198503343844E-005   1.0000000000000000E-002   1.2000000000000000E-002   1.0017985299684835        0.0000000000000000        1.0017985299684835        1.0000000000000000        6.9400066739805622E-310
  0.72500132782826665       -9.8389844156076119E-005  -5.6425781220781346E-005   1.0000000000000000E-002   1.2000000000000000E-002   1.0017990623953270        0.0000000000000000        1.0017990623953270        1.0000000000000000        6.9400066739805622E-310
  0.73500133840796045       -9.9173788842484573E-005  -5.6874693854958025E-005   1.0000000000000000E-002   1.2000000000000000E-002   1.0017996001407177        0.0000000000000000        1.0017996001407177        1.0000000000000000        6.9400066739805622E-310
  0.74500134370547144       -9.9566332563106070E-005  -5.7099150041040048E-005   1.0000000000000000E-002   1.2000000000000000E-002   1.0018001410825206        0.0000000000000000        1.0018001410825206        1.0000000000000000        6.9400066739805622E-310
  0.75500134369995386       -9.9565931395233752E-005  -5.7098194690574644E-005   1.0000000000000000E-002   1.2000000000000000E-002   1.0018006830855777        0.0000000000000000        1.0018006830855777        1.0000000000000000        6.9400066739805622E-310
  0.76500133839149864       -9.9172591084971203E-005  -5.6871935295355058E-005   1.0000000000000000E-002   1.2000000000000000E-002   1.0018012240107139        0.0000000000000000        1.0018012240107139        1.0000000000000000        6.9400066739805622E-310
  0.77500132780112008       -9.8387869124512490E-005  -5.6421260208772139E-005   1.0000000000000000E-002   1.2000000000000000E-002   1.0018017617234580        0.0000000000000000        1.0018017617234580        1.0000000000000000        6.9400066739805622E-310
  0.78500131197067535       -9.7214866814180365E-005  -5.5747924823101869E-005   1.0000000000000000E-002   1.2000000000000000E-002   1.0018022941018812        0.0000000000000000        1.0018022941018812        1.0000000000000000        6.9400066739805622E-310
  0.79500129096270067       -9.5658217963918315E-005  -5.4854595867404043E-005   1.0000000000000000E-002   1.2000000000000000E-002   1.0018028190450410        0.0000000000000000        1.0018028190450410        1.0000000000000000        6.9400066739805622E-310
  0.80500126486016488       -9.3724069982614334E-005  -5.3744864445093299E-005   1.0000000000000000E-002   1.2000000000000000E-002   1.0018033344816946        0.0000000000000000        1.0018033344816946        1.0000000000000000        6.9400066739805622E-310
  0.81500123376613309       -9.1420060284352911E-005  -5.2423053132244490E-005   1.0000000000000000E-002   1.2000000000000000E-002   1.0018038383781347        0.0000000000000000        1.0018038383781347        1.0000000000000000        6.9400066739805622E-310
  0.82500119780336911       -8.8755284657256005E-005  -5.0894437042536822E-005   1.0000000000000000E-002   1.2000000000000000E-002   1.0018043287462139        0.0000000000000000        1.0018043287462139        1.0000000000000000        6.9400066739805622E-310
  0.83500115711384149       -8.5740263170750887E-005  -4.9165014734953161E-005   1.0000000000000000E-002   1.2000000000000000E-002   1.0018048036512834        0.0000000000000000        1.0018048036512834        1.0000000000000000        6.9400066739805622E-310
  0.84500111185817017       -8.2386897064696621E-005  -4.7241659387964319E-005   1.0000000000000000E-002   1.2000000000000000E-002   1.0018052612197816        0.0000000000000000        1.0018052612197816        1.0000000000000000        6.9400066739805622E-310
  0.85500106221498440       -7.8708422730234192E-005  -4.5131909778284296E-005   1.0000000000000000E-002   1.2000000000000000E-002   1.0018056996465545        0.0000000000000000        1.0018056996465545        1.0000000000000000        6.9400066739805622E-310
  0.86500100838022631       -7.4719358857186358E-005  -4.2844160025090616E-005   1.0000000000000000E-002   1.2000000000000000E-002   1.0018061172020396        0.0000000000000000        1.0018061172020396        1.0000000000000000        6.9400066739805622E-310
  0.87500095056636840       -7.0435449070856916E-005  -4.0387411037734466E-005   1.0000000000000000E-002   1.2000000000000000E-002   1.0018065122392710        0.0000000000000000        1.0018065122392710        1.0000000000000000        6.9400066739805622E-310
  0.88500088900157814       -6.5873600724558447E-005  -3.7771315001045025E-005   1.0000000000000000E-002   1.2000000000000000E-002   1.0018068831997760        0.0000000000000000        1.0018068831997760        1.0000000000000000        6.9400066739805622E-310
  0.89500082392882430       -6.1051816740196479E-005  -3.5006302588236338E-005   1.0000000000000000E-002   1.2000000000000000E-002   1.0018072286204263        0.0000000000000000        1.0018072286204263        1.0000000000000000        6.9400066739805622E-310
  0.90500075560490290       -5.5989125734698175E-005  -3.2103185195531125E-005   1.0000000000000000E-002   1.2000000000000000E-002   1.0018075471388950        0.0000000000000000        1.0018075471388950        1.0000000000000000        6.9400066739805622E-310
  0.91500068429943893       -5.0705506495146703E-005  -2.9073463547746314E-005   1.0000000000000000E-002   1.2000000000000000E-002   1.0018078374987605        0.0000000000000000        1.0018078374987605        1.0000000000000000        6.9400066739805622E-310
  0.92500061029381342       -4.5221808775361136E-005  -2.5929060289087147E-005   1.0000000000000000E-002   1.2000000000000000E-002   1.0018080985547873        0.0000000000000000        1.0018080985547873        1.0000000000000000        6.9400066739805622E-310
  0.93500053388005999       -3.9559671598221465E-005  -2.2682420754982502E-005   1.0000000000000000E-002   1.2000000000000000E-002   1.0018083292773918        0.0000000000000000        1.0018083292773918        1.0000000000000000        6.9400066739805622E-310
  0.94500045535970523       -3.3741438206886929E-005  -1.9346303457901115E-005   1.0000000000000000E-002   1.2000000000000000E-002   1.0018085287566032        0.0000000000000000        1.0018085287566032        1.0000000000000000        6.9400066739805622E-310
  0.95500037504258839       -2.7790066928747619E-005  -1.5933939882195602E-005   1.0000000000000000E-002   1.2000000000000000E-002   1.0018086962058244        0.0000000000000000        1.0018086962058244        1.0000000000000000        6.9400066739805622E-310
  0.96500029324562664       -2.1729041072334737E-005  -1.2458674157223015E-005   1.0000000000000000E-002   1.2000000000000000E-002   1.0018088309646045        0.0000000000000000        1.0018088309646045        1.0000000000000000        6.9400066739805622E-310
  0.97500021029158235       -1.5582276777578474E-005  -8.9343216567172590E-006   1.0000000000000000E-002   1.2000000000000000E-002   1.0018089325013735        0.0000000000000000        1.0018089325013735        1.0000000000000000        6.9400066739805622E-310
  0.98500012650777469       -9.3740278892230884E-006  -5.3747471762122245E-006   1.0000000000000000E-002   1.2000000000000000E-002   1.0018090004159823        0.0000000000000000        1.0018090004159823        1.0000000000000000        6.9400066739805622E-310
  0.99500004222479388       -3.1287910753090403E-006  -1.7939232215269385E-006   1.0000000000000000E-002   1.2000000000000000E-002   1.0018090344403758        0.0000000000000000        1.0018090344403758        1.0000000000000000        6.9400066739805622E-310
   1.0049999577752053        3.1287918058521273E-006   2.1127511695695489E-006   1.0000000000000000E-002   1.2000000000000000E-002   1.0018090344402972        0.0000000000000000        1.0018090344402972        1.0000000000000000        6.9400066739805622E-310
   1.0149998734922263        9.3740297261472423E-006   6.3298982508896984E-006   1.0000000000000000E-002   1.2000000000000000E-002   1.0018090004159219        0.0000000000000000        1.0018090004159219        1.0000000000000000        6.9400066739805622E-310
   1.0249997897084180        1.5582279752856078E-005   1.0522094102682900E-005   1.0000000000000000E-002   1.2000000000000000E-002   1.0018089325013779        0.0000000000000000        1.0018089325013779        1.0000000000000000        6.9400066739805622E-310
   1.0349997067543741        2.1729045381944416E-005   1.4672780488389492E-005   1.0000000000000000E-002   1.2000000000000000E-002   1.0018088309645552        0.0000000000000000        1.0018088309645552        1.0000000000000000        6.9400066739805622E-310
   1.0449996249574134        2.7790072404409186E-005   1.8765622659344672E-005   1.0000000000000000E-002   1.2000000000000000E-002   1.0018086962058650        0.0000000000000000        1.0018086962058650        1.0000000000000000        6.9400066739805622E-310
  -4.9999577752061208E-003  -3.1291736466191383E-006  -3.5767633061438002E+077   1.0000000000000000E-002   1.2000000000000000E-002   1.0018090344403758        0.0000000000000000        1.0018090344403758        1.0000000000000000        6.9400066739805622E-310
  -1.4999873492225313E-002  -9.3751740937836863E-006   0.0000000000000000        1.0000000000000000E-002   1.2000000000000000E-002   1.0018090004159823        0.0000000000000000        1.0018090004159823        1.0000000000000000        6.9400066739805622E-310
  -2.4999789708417652E-002  -1.5584182103162182E-005  -3.5767633061438002E+077   1.0000000000000000E-002   1.2000000000000000E-002   1.0018089325013735        0.0000000000000000        1.0018089325013735        1.0000000000000000        6.9400066739805622E-310
  -3.4999706754373361E-002  -2.1731697993230298E-005   6.9400068546417920E-310   1.0000000000000000E-002   1.2000000000000000E-002   1.0018088309646045        0.0000000000000000        1.0018088309646045        1.0000000000000000        6.9400066739805622E-310
  -4.4999624957411610E-002  -2.7793464975511056E-005   6.9400066883177543E-310   1.0000000000000000E-002   1.2000000000000000E-002   1.0018086962058244        0.0000000000000000        1.0018086962058244        1.0000000000000000        6.9400066739805622E-310
