 # x, v, a, m, h, rho, u, P, c, ke
   4.9008000000000260     
   5.0002440606244239E-003   2.7076285349505650E-006  -1.0362124571727804E-005   1.0000000000000000E-002   1.2000000000000000E-002   1.0017505737002643        0.0000000000000000        1.0017505737002643        1.0000000000000000        6.9400066739805622E-310
   1.5000731219480930E-002   8.1122055804207420E-006  -3.1045689974362745E-005   1.0000000000000000E-002   1.2000000000000000E-002   1.0017507702145287        0.0000000000000000        1.0017507702145287        1.0000000000000000        6.9400066739805622E-310
   2.5001215494937272E-002   1.3484784840378746E-005  -5.1607077211635044E-005   1.0000000000000000E-002   1.2000000000000000E-002   1.0017511624703381        0.0000000000000000        1.0017511624703381        1.0000000000000000        6.9400066739805622E-310
   3.5001694977336600E-002   1.8804175358415463E-005  -7.1965516250216410E-005   1.0000000000000000E-002   1.2000000000000000E-002   1.0017517489250258        0.0000000000000000        1.0017517489250258        1.0000000000000000        6.9400066739805622E-310
   4.5002167775870731E-002   2.4049394269855401E-005  -9.2040903679091457E-005   1.0000000000000000E-002   1.2000000000000000E-002   1.0017525272726910        0.0000000000000000        1.0017525272726910        1.0000000000000000        6.9400066739805622E-310
   5.5002632026020216E-002   2.9199751521608842E-005  -1.1175414276909379E-004   1.0000000000000000E-002   1.2000000000000000E-002   1.0017534944519937        0.0000000000000000        1.0017534944519937        1.0000000000000000        6.9400066739805622E-310
   6.5003085896906704E-002   3.4234930796526150E-005  -1.3102784689955627E-004   1.0000000000000000E-002   1.2000000000000000E-002   1.0017546466591236        0.0000000000000000        1.0017546466591236        1.0000000000000000        6.9400066739805622E-310
   7.5003527598471953E-002   3.9135069039288057E-005  -1.4978600666548658E-004   1.0000000000000000E-002   1.2000000000000000E-002   1.0017559793624313        0.0000000000000000        1.0017559793624313        1.0000000000000000        6.9400066739805622E-310
   8.5003955388544522E-002   4.3880835348113232E-005  -1.6795478996467494E-004   1.0000000000000000E-002   1.2000000000000000E-002   1.0017574873191912        0.0000000000000000        1.0017574873191912        1.0000000000000000        6.9400066739805622E-310
   9.5004367579696020E-002   4.8453506224994241E-005  -1.8546274586661582E-004   1.0000000000000000E-002   1.2000000000000000E-002   1.0017591645973598        0.0000000000000000        1.0017591645973598        1.0000000000000000        6.9400066739805622E-310
  0.10500476254587221        5.2835040821771044E-005  -2.0224072130314852E-004   1.0000000000000000E-002   1.2000000000000000E-002   1.0017610045976173        0.0000000000000000        1.0017610045976173        1.0000000000000000        6.9400066739805622E-310
  0.11500513872882502        5.7008150720068073E-005  -2.1822274232352612E-004   1.0000000000000000E-002   1.2000000000000000E-002   1.0017630000794231        0.0000000000000000        1.0017630000794231        1.0000000000000000        6.9400066739805622E-310
  0.12500549464423022        6.0956368773350978E-005  -2.3334569943145311E-004   1.0000000000000000E-002   1.2000000000000000E-002   1.0017651431896477        0.0000000000000000        1.0017651431896477        1.0000000000000000        6.9400066739805622E-310
  0.13500582888755688        6.4664113791822810E-005  -2.4755000483978051E-004   1.0000000000000000E-002   1.2000000000000000E-002   1.0017674254927897        0.0000000000000000        1.0017674254927897        1.0000000000000000        6.9400066739805622E-310
  0.14500614013959609        6.8116752393423562E-005  -2.6077951567149427E-004   1.0000000000000000E-002   1.2000000000000000E-002   1.0017698380041502        0.0000000000000000        1.0017698380041502        1.0000000000000000        6.9400066739805622E-310
  0.15500642717167687        7.1300656586781145E-005  -2.7298192732772009E-004   1.0000000000000000E-002   1.2000000000000000E-002   1.0017723712242261        0.0000000000000000        1.0017723712242261        1.0000000000000000        6.9400066739805622E-310
  0.16500668885052705        7.4203256560179820E-005  -2.8410915665766368E-004   1.0000000000000000E-002   1.2000000000000000E-002   1.0017750151770308        0.0000000000000000        1.0017750151770308        1.0000000000000000        6.9400066739805622E-310
  0.17500692414273120        7.6813092709100431E-005  -2.9411700256787299E-004   1.0000000000000000E-002   1.2000000000000000E-002   1.0017777594484809        0.0000000000000000        1.0017777594484809        1.0000000000000000        6.9400066739805622E-310
  0.18500713211884381        7.9119858636318187E-005  -3.0296591287104491E-004   1.0000000000000000E-002   1.2000000000000000E-002   1.0017805932268282        0.0000000000000000        1.0017805932268282        1.0000000000000000        6.9400066739805622E-310
  0.19500731195705748        8.1114442876269643E-005  -3.1062080987087626E-004   1.0000000000000000E-002   1.2000000000000000E-002   1.0017835053460427        0.0000000000000000        1.0017835053460427        1.0000000000000000        6.9400066739805622E-310
  0.20500746294645941        8.2788965004214051E-005  -3.1705115413327434E-004   1.0000000000000000E-002   1.2000000000000000E-002   1.0017864843284423        0.0000000000000000        1.0017864843284423        1.0000000000000000        6.9400066739805622E-310
  0.21500758448987289        8.4136807484168230E-005  -3.2223148644483501E-004   1.0000000000000000E-002   1.2000000000000000E-002   1.0017895184304086        0.0000000000000000        1.0017895184304086        1.0000000000000000        6.9400066739805622E-310
  0.22500767610621414        8.5152640131296739E-005  -3.2614105414374706E-004   1.0000000000000000E-002   1.2000000000000000E-002   1.0017925956887752        0.0000000000000000        1.0017925956887752        1.0000000000000000        6.9400066739805622E-310
  0.23500773743242495        8.5832443114531722E-005  -3.2876418876615077E-004   1.0000000000000000E-002   1.2000000000000000E-002   1.0017957039672762        0.0000000000000000        1.0017957039672762        1.0000000000000000        6.9400066739805622E-310
  0.24500776822492334        8.6173521970119962E-005  -3.3009022988128578E-004   1.0000000000000000E-002   1.2000000000000000E-002   1.0017988310044901        0.0000000000000000        1.0017988310044901        1.0000000000000000        6.9400066739805622E-310
  0.25500776836059580        8.6174518838465523E-005  -3.3011370819746588E-004   1.0000000000000000E-002   1.2000000000000000E-002   1.0018019644621738        0.0000000000000000        1.0018019644621738        1.0000000000000000        6.9400066739805622E-310
  0.26500773783730275        8.5835418531089296E-005  -3.2883424219765089E-004   1.0000000000000000E-002   1.2000000000000000E-002   1.0018050919741042        0.0000000000000000        1.0018050919741042        1.0000000000000000        6.9400066739805622E-310
  0.27500767677391341        8.5157547208010618E-005  -3.2625658804352753E-004   1.0000000000000000E-002   1.2000000000000000E-002   1.0018082011945335        0.0000000000000000        1.0018082011945335        1.0000000000000000        6.9400066739805622E-310
  0.28500758540986615        8.4143568540905121E-005  -3.2239074522255606E-004   1.0000000000000000E-002   1.2000000000000000E-002   1.0018112798475205        0.0000000000000000        1.0018112798475205        1.0000000000000000        6.9400066739805622E-310
  0.29500746410423395        8.2797473909818669E-005  -3.1725156441808622E-004   1.0000000000000000E-002   1.2000000000000000E-002   1.0018143157748629        0.0000000000000000        1.0018143157748629        1.0000000000000000        6.9400066739805622E-310
  0.30500731333434961        8.1124565148869751E-005  -3.1085911546657741E-004   1.0000000000000000E-002   1.2000000000000000E-002   1.0018172969838557        0.0000000000000000        1.0018172969838557        1.0000000000000000        6.9400066739805622E-310
  0.31500713369393968        7.9131434196604410E-005  -3.0323850526858820E-004   1.0000000000000000E-002   1.2000000000000000E-002   1.0018202116960413        0.0000000000000000        1.0018202116960413        1.0000000000000000        6.9400066739805622E-310
  0.32500692589078928        7.6825939393414128E-005  -2.9441952229092294E-004   1.0000000000000000E-002   1.2000000000000000E-002   1.0018230483932469        0.0000000000000000        1.0018230483932469        1.0000000000000000        6.9400066739805622E-310
  0.33500669074398071        7.4217172181641772E-005  -2.8443685395362905E-004   1.0000000000000000E-002   1.2000000000000000E-002   1.0018257958631929        0.0000000000000000        1.0018257958631929        1.0000000000000000        6.9400066739805622E-310
  0.34500642918066443        7.1315421050468069E-005  -2.7332962637771629E-004   1.0000000000000000E-002   1.2000000000000000E-002   1.0018284432437969        0.0000000000000000        1.0018284432437969        1.0000000000000000        6.9400066739805622E-310
  0.35500614223243293        6.8132133185446955E-005  -2.6114169492963413E-004   1.0000000000000000E-002   1.2000000000000000E-002   1.0018309800666887        0.0000000000000000        1.0018309800666887        1.0000000000000000        6.9400066739805622E-310
  0.36500583103123951        6.4679868401880145E-005  -2.4792099027770576E-004   1.0000000000000000E-002   1.2000000000000000E-002   1.0018333962990600        0.0000000000000000        1.0018333962990600        1.0000000000000000        6.9400066739805622E-310
  0.37500549680495254        6.0972248320682551E-005  -2.3371965957696972E-004   1.0000000000000000E-002   1.2000000000000000E-002   1.0018356823829970        0.0000000000000000        1.0018356823829970        1.0000000000000000        6.9400066739805622E-310
  0.38500514087250914        5.7023905070059012E-005  -2.1859374554544786E-004   1.0000000000000000E-002   1.2000000000000000E-002   1.0018378292740733        0.0000000000000000        1.0018378292740733        1.0000000000000000        6.9400066739805622E-310
  0.39500476463871120        5.2850421517687925E-005  -2.0260293622520464E-004   1.0000000000000000E-002   1.2000000000000000E-002   1.0018398284771448        0.0000000000000000        1.0018398284771448        1.0000000000000000        6.9400066739805622E-310
  0.40500436958868108        4.8468270924787552E-005  -1.8581037450537963E-004   1.0000000000000000E-002   1.2000000000000000E-002   1.0018416720800583        0.0000000000000000        1.0018416720800583        1.0000000000000000        6.9400066739805622E-310
  0.41500395728200018        4.3894750633915726E-005  -1.6828252088174622E-004   1.0000000000000000E-002   1.2000000000000000E-002   1.0018433527858432        0.0000000000000000        1.0018433527858432        1.0000000000000000        6.9400066739805622E-310
  0.42500352934653179        3.9147915945660806E-005  -1.5008853145648260E-004   1.0000000000000000E-002   1.2000000000000000E-002   1.0018448639413189        0.0000000000000000        1.0018448639413189        1.0000000000000000        6.9400066739805622E-310
  0.43500308747200278        3.4246506541900517E-005  -1.3130039015241124E-004   1.0000000000000000E-002   1.2000000000000000E-002   1.0018461995632422        0.0000000000000000        1.0018461995632422        1.0000000000000000        6.9400066739805622E-310
  0.44500263340331914        2.9209873713664946E-005  -1.1199256704674809E-004   1.0000000000000000E-002   1.2000000000000000E-002   1.0018473543636750        0.0000000000000000        1.0018473543636750        1.0000000000000000        6.9400066739805622E-310
  0.45500216893364276        2.4057902848678130E-005  -9.2241242967361359E-005   1.0000000000000000E-002   1.2000000000000000E-002   1.0018483237697986        0.0000000000000000        1.0018483237697986        1.0000000000000000        6.9400066739805622E-310
  0.46500169589732848        1.8810936430327952E-005  -7.2124762980685375E-005   1.0000000000000000E-002   1.2000000000000000E-002   1.0018491039424369        0.0000000000000000        1.0018491039424369        1.0000000000000000        6.9400066739805622E-310
  0.47500121616263585        1.3489692270541184E-005  -5.1722628965578110E-005   1.0000000000000000E-002   1.2000000000000000E-002   1.0018496917918061        0.0000000000000000        1.0018496917918061        1.0000000000000000        6.9400066739805622E-310
  0.48500073162435692        8.1151811218915880E-006  -3.1115737816556077E-005   1.0000000000000000E-002   1.2000000000000000E-002   1.0018500849895766        0.0000000000000000        1.0018500849895766        1.0000000000000000        6.9400066739805622E-310
  0.49500024419629529        2.7086254095707460E-006  -1.0385617574826256E-005   1.0000000000000000E-002   1.2000000000000000E-002   1.0018502819785973        0.0000000000000000        1.0018502819785973        1.0000000000000000        6.9400066739805622E-310
  0.50499975580370027       -2.7086255571060376E-006   1.0385631354026259E-005   1.0000000000000000E-002   1.2000000000000000E-002   1.0018502819785324        0.0000000000000000        1.0018502819785324        1.0000000000000000        6.9400066739805622E-310
  0.51499926837564003       -8.1151811740493714E-006   3.1115738817533156E-005   1.0000000000000000E-002   1.2000000000000000E-002   1.0018500849894449        0.0000000000000000        1.0018500849894449        1.0000000000000000        6.9400066739805622E-310
  0.52499878383736232       -1.3489691801740718E-005   5.1722636384532450E-005   1.0000000000000000E-002   1.2000000000000000E-002   1.0018496917916366        0.0000000000000000        1.0018496917916366        1.0000000000000000        6.9400066739805622E-310
  0.53499830410267180       -1.8810936433243947E-005   7.2124760166047963E-005   1.0000000000000000E-002   1.2000000000000000E-002   1.0018491039422506        0.0000000000000000        1.0018491039422506        1.0000000000000000        6.9400066739805622E-310
  0.54499783106635924       -2.4057903011101824E-005   9.2241219581623568E-005   1.0000000000000000E-002   1.2000000000000000E-002   1.0018483237697211        0.0000000000000000        1.0018483237697211        1.0000000000000000        6.9400066739805622E-310
  0.55499736659668297       -2.9209873607380952E-005   1.1199253295757217E-004   1.0000000000000000E-002   1.2000000000000000E-002   1.0018473543638651        0.0000000000000000        1.0018473543638651        1.0000000000000000        6.9400066739805622E-310
  0.56499691252799489       -3.4246506667988527E-005   1.3130044241549399E-004   1.0000000000000000E-002   1.2000000000000000E-002   1.0018461995633523        0.0000000000000000        1.0018461995633523        1.0000000000000000        6.9400066739805622E-310
  0.57499647065346793       -3.9147916282607348E-005   1.5008852478626267E-004   1.0000000000000000E-002   1.2000000000000000E-002   1.0018448639412136        0.0000000000000000        1.0018448639412136        1.0000000000000000        6.9400066739805622E-310
  0.58499604271800021       -4.3894750709997790E-005   1.6828250223710484E-004   1.0000000000000000E-002   1.2000000000000000E-002   1.0018433527858694        0.0000000000000000        1.0018433527858694        1.0000000000000000        6.9400066739805622E-310
  0.59499563041131776       -4.8468270680025327E-005   1.8581039991172332E-004   1.0000000000000000E-002   1.2000000000000000E-002   1.0018416720800369        0.0000000000000000        1.0018416720800369        1.0000000000000000        6.9400066739805622E-310
  0.60499523536128963       -5.2850421206929413E-005   2.0260292349139064E-004   1.0000000000000000E-002   1.2000000000000000E-002   1.0018398284770771        0.0000000000000000        1.0018398284770771        1.0000000000000000        6.9400066739805622E-310
  0.61499485912749108       -5.7023905325356822E-005   2.1859375614852183E-004   1.0000000000000000E-002   1.2000000000000000E-002   1.0018378292740087        0.0000000000000000        1.0018378292740087        1.0000000000000000        6.9400066739805622E-310
  0.62499450319504979       -6.0972248319660466E-005   2.3371962032747717E-004   1.0000000000000000E-002   1.2000000000000000E-002   1.0018356823830654        0.0000000000000000        1.0018356823830654        1.0000000000000000        6.9400066739805622E-310
  0.63499416896875915       -6.4679868300089485E-005   2.4792102622051004E-004   1.0000000000000000E-002   1.2000000000000000E-002   1.0018333962991401        0.0000000000000000        1.0018333962991401        1.0000000000000000        6.9400066739805622E-310
  0.64499385776756768       -6.8132133245525010E-005   2.6114167901525320E-004   1.0000000000000000E-002   1.2000000000000000E-002   1.0018309800666843        0.0000000000000000        1.0018309800666843        1.0000000000000000        6.9400066739805622E-310
  0.65499357081933440       -7.1315421305316552E-005   2.7332965042514701E-004   1.0000000000000000E-002   1.2000000000000000E-002   1.0018284432437563        0.0000000000000000        1.0018284432437563        1.0000000000000000        6.9400066739805622E-310
  0.66499330925602096       -7.4217171743721361E-005   2.8443680266398985E-004   1.0000000000000000E-002   1.2000000000000000E-002   1.0018257958632693        0.0000000000000000        1.0018257958632693        1.0000000000000000        6.9400066739805622E-310
  0.67499307410920806       -7.6825939507751338E-005   2.9441955263465047E-004   1.0000000000000000E-002   1.2000000000000000E-002   1.0018230483934223        0.0000000000000000        1.0018230483934223        1.0000000000000000        6.9400066739805622E-310
  0.68499286630605805       -7.9131434523482271E-005   3.0323851255698031E-004   1.0000000000000000E-002   1.2000000000000000E-002   1.0018202116960335        0.0000000000000000        1.0018202116960335        1.0000000000000000        6.9400066739805622E-310
  0.69499268666564806       -8.1124564819165686E-005   3.1085913860540160E-004   1.0000000000000000E-002   1.2000000000000000E-002   1.0018172969837336        0.0000000000000000        1.0018172969837336        1.0000000000000000        6.9400066739805622E-310
  0.70499253589576605       -8.2797474027746350E-005   3.1725156615092232E-004   1.0000000000000000E-002   1.2000000000000000E-002   1.0018143157746107        0.0000000000000000        1.0018143157746107        1.0000000000000000        6.9400066739805622E-310
  0.71499241459013718       -8.4143568553626336E-005   3.2239068282358119E-004   1.0000000000000000E-002   1.2000000000000000E-002   1.0018112798475436        0.0000000000000000        1.0018112798475436        1.0000000000000000        6.9400066739805622E-310
  0.72499232322608598       -8.5157547130928953E-005   3.2625661231122649E-004   1.0000000000000000E-002   1.2000000000000000E-002   1.0018082011947382        0.0000000000000000        1.0018082011947382        1.0000000000000000        6.9400066739805622E-310
  0.73499226216269575       -8.5835418709098217E-005   3.2883427301300117E-004   1.0000000000000000E-002   1.2000000000000000E-002   1.0018050919740424        0.0000000000000000        1.0018050919740424        1.0000000000000000        6.9400066739805622E-310
  0.74499223163940542       -8.6174518989435986E-005   3.3011367056978713E-004   1.0000000000000000E-002   1.2000000000000000E-002   1.0018019644621607        0.0000000000000000        1.0018019644621607        1.0000000000000000        6.9400066739805622E-310
  0.75499223177507535       -8.6173521830904418E-005   3.3009026000829778E-004   1.0000000000000000E-002   1.2000000000000000E-002   1.0017988310045107        0.0000000000000000        1.0017988310045107        1.0000000000000000        6.9400066739805622E-310
  0.76499226256757558       -8.5832443025589292E-005   3.2876418007976582E-004   1.0000000000000000E-002   1.2000000000000000E-002   1.0017957039671850        0.0000000000000000        1.0017957039671850        1.0000000000000000        6.9400066739805622E-310
  0.77499232389378681       -8.5152639740516693E-005   3.2614103908823466E-004   1.0000000000000000E-002   1.2000000000000000E-002   1.0017925956888083        0.0000000000000000        1.0017925956888083        1.0000000000000000        6.9400066739805622E-310
  0.78499241551012666       -8.4136807681013673E-005   3.2223150667753941E-004   1.0000000000000000E-002   1.2000000000000000E-002   1.0017895184304046        0.0000000000000000        1.0017895184304046        1.0000000000000000        6.9400066739805622E-310
  0.79499253705354167       -8.2788965296830771E-005   3.1705114039670690E-004   1.0000000000000000E-002   1.2000000000000000E-002   1.0017864843284179        0.0000000000000000        1.0017864843284179        1.0000000000000000        6.9400066739805622E-310
  0.80499268804294255       -8.1114442748711008E-005   3.1062082556054804E-004   1.0000000000000000E-002   1.2000000000000000E-002   1.0017835053460062        0.0000000000000000        1.0017835053460062        1.0000000000000000        6.9400066739805622E-310
  0.81499286788115810       -7.9119858412037862E-005   3.0296588503642141E-004   1.0000000000000000E-002   1.2000000000000000E-002   1.0017805932268455        0.0000000000000000        1.0017805932268455        1.0000000000000000        6.9400066739805622E-310
  0.82499307585726844       -7.6813092801891400E-005   2.9411702530790507E-004   1.0000000000000000E-002   1.2000000000000000E-002   1.0017777594485244        0.0000000000000000        1.0017777594485244        1.0000000000000000        6.9400066739805622E-310
  0.83499331114947384       -7.4203256668704527E-005   2.8410914776166862E-004   1.0000000000000000E-002   1.2000000000000000E-002   1.0017750151770053        0.0000000000000000        1.0017750151770053        1.0000000000000000        6.9400066739805622E-310
  0.84499357282832344       -7.1300656423102775E-005   2.7298193605496124E-004   1.0000000000000000E-002   1.2000000000000000E-002   1.0017723712242153        0.0000000000000000        1.0017723712242153        1.0000000000000000        6.9400066739805622E-310
  0.85499385986040488       -6.8116752517864736E-005   2.6077951034420011E-004   1.0000000000000000E-002   1.2000000000000000E-002   1.0017698380041098        0.0000000000000000        1.0017698380041098        1.0000000000000000        6.9400066739805622E-310
  0.86499417111244459       -6.4664114122739040E-005   2.4754997608056328E-004   1.0000000000000000E-002   1.2000000000000000E-002   1.0017674254929116        0.0000000000000000        1.0017674254929116        1.0000000000000000        6.9400066739805622E-310
  0.87499450535576806       -6.0956368561117495E-005   2.3334572702715661E-004   1.0000000000000000E-002   1.2000000000000000E-002   1.0017651431897674        0.0000000000000000        1.0017651431897674        1.0000000000000000        6.9400066739805622E-310
  0.88499486127117388       -5.7008150785950160E-005   2.1822274729554891E-004   1.0000000000000000E-002   1.2000000000000000E-002   1.0017630000793993        0.0000000000000000        1.0017630000793993        1.0000000000000000        6.9400066739805622E-310
  0.89499523745412657       -5.2835040650145140E-005   2.0224074443575546E-004   1.0000000000000000E-002   1.2000000000000000E-002   1.0017610045974688        0.0000000000000000        1.0017610045974688        1.0000000000000000        6.9400066739805622E-310
  0.90499563242030601       -4.8453506174325258E-005   1.8546271983410634E-004   1.0000000000000000E-002   1.2000000000000000E-002   1.0017591645972226        0.0000000000000000        1.0017591645972226        1.0000000000000000        6.9400066739805622E-310
  0.91499604461145712       -4.3880835323868181E-005   1.6795479085107701E-004   1.0000000000000000E-002   1.2000000000000000E-002   1.0017574873191708        0.0000000000000000        1.0017574873191708        1.0000000000000000        6.9400066739805622E-310
  0.92499647240153038       -3.9135069099067448E-005   1.4978598584569625E-004   1.0000000000000000E-002   1.2000000000000000E-002   1.0017559793624866        0.0000000000000000        1.0017559793624866        1.0000000000000000        6.9400066739805622E-310
  0.93499691410309393       -3.4234930740802231E-005   1.3102785371810199E-004   1.0000000000000000E-002   1.2000000000000000E-002   1.0017546466592668        0.0000000000000000        1.0017546466592668        1.0000000000000000        6.9400066739805622E-310
  0.94499736797397871       -2.9199751811825573E-005   1.1175418084174993E-004   1.0000000000000000E-002   1.2000000000000000E-002   1.0017534944519140        0.0000000000000000        1.0017534944519140        1.0000000000000000        6.9400066739805622E-310
  0.95499783222413215       -2.4049394191861159E-005   9.2040836856099872E-005   1.0000000000000000E-002   1.2000000000000000E-002   1.0017525272727485        0.0000000000000000        1.0017525272727485        1.0000000000000000        6.9400066739805622E-310
  0.96499830502266115       -1.8804175084006746E-005   7.1965562169928887E-005   1.0000000000000000E-002   1.2000000000000000E-002   1.0017517489251859        0.0000000000000000        1.0017517489251859        1.0000000000000000        6.9400066739805622E-310
  0.97499878450506172       -1.3484785179095485E-005   5.1607093522143543E-005   1.0000000000000000E-002   1.2000000000000000E-002   1.0017511624701976        0.0000000000000000        1.0017511624701976        1.0000000000000000        6.9400066739805622E-310
  0.98499926878052024       -8.1122054964229359E-006   3.1045666710305397E-005   1.0000000000000000E-002   1.2000000000000000E-002   1.0017507702144373        0.0000000000000000        1.0017507702144373        1.0000000000000000        6.9400066739805622E-310
  0.99499975593937640       -2.7076284468205405E-006   1.0362125783203169E-005   1.0000000000000000E-002   1.2000000000000000E-002   1.0017505737002683        0.0000000000000000        1.0017505737002683        1.0000000000000000        6.9400066739805622E-310
   1.0050002440606245        2.7076255859186132E-006  -1.0084888136141501E-005   1.0000000000000000E-002   1.2000000000000000E-002   1.0017505737002643        0.0000000000000000        1.0017505737002643        1.0000000000000000        6.9400066739805622E-310
   1.0150007312194809        8.1121967331660802E-006  -3.0215069261707583E-005   1.0000000000000000E-002   1.2000000000000000E-002   1.0017507702145287        0.0000000000000000        1.0017507702145287        1.0000000000000000        6.9400066739805622E-310
   1.0250012154949373        1.3484770137261089E-005  -5.0226362430905169E-005   1.0000000000000000E-002   1.2000000000000000E-002   1.0017511624703381        0.0000000000000000        1.0017511624703381        1.0000000000000000        6.9400066739805622E-310
   1.0350016949773366        1.8804154854979712E-005  -7.0040116197489510E-005   1.0000000000000000E-002   1.2000000000000000E-002   1.0017517489250258        0.0000000000000000        1.0017517489250258        1.0000000000000000        6.9400066739805622E-310
   1.0450021677758707        2.4049368039754641E-005  -8.9578409149915217E-005   1.0000000000000000E-002   1.2000000000000000E-002   1.0017525272726910        0.0000000000000000        1.0017525272726910        1.0000000000000000        6.9400066739805622E-310
  -5.0002440606236043E-003  -2.7079611312626686E-006  -3.5767633061438002E+077   1.0000000000000000E-002   1.2000000000000000E-002   1.0017505737002683        0.0000000000000000        1.0017505737002683        1.0000000000000000        6.9400066739805622E-310
  -1.5000731219479757E-002  -8.1132022325299201E-006   0.0000000000000000        1.0000000000000000E-002   1.2000000000000000E-002   1.0017507702144373        0.0000000000000000        1.0017507702144373        1.0000000000000000        6.9400066739805622E-310
  -2.5001215494938278E-002  -1.3486442058816909E-005  -3.5767633061438002E+077   1.0000000000000000E-002   1.2000000000000000E-002   1.0017511624701976        0.0000000000000000        1.0017511624701976        1.0000000000000000        6.9400066739805622E-310
  -3.5001694977338849E-002  -1.8806485550454243E-005   6.9400068546417920E-310   1.0000000000000000E-002   1.2000000000000000E-002   1.0017517489251859        0.0000000000000000        1.0017517489251859        1.0000000000000000        6.9400066739805622E-310
  -4.5002167775867852E-002  -2.4052349174688122E-005   6.9400066883177543E-310   1.0000000000000000E-002   1.2000000000000000E-002   1.0017525272727485        0.0000000000000000        1.0017525272727485        1.0000000000000000        6.9400066739805622E-310
