 # x, v, a, m, h, rho, u, P, c, ke
   2.3015999999999983     
   5.0003120722493287E-003  -2.3936758011412023E-006  -1.3265643101334490E-005   1.0000000000000000E-002   1.2000000000000000E-002   1.0017366865423647        0.0000000000000000        1.0017366865423647        1.0000000000000000        6.9400066739805622E-310
   1.5000934984682255E-002  -7.1715796025185142E-006  -3.9744565831334455E-005   1.0000000000000000E-002   1.2000000000000000E-002   1.0017369381134933        0.0000000000000000        1.0017369381134933        1.0000000000000000        6.9400066739805622E-310
   2.5001554205779271E-002  -1.1921177338245297E-005  -6.6066366824379941E-005   1.0000000000000000E-002   1.2000000000000000E-002   1.0017374402618966        0.0000000000000000        1.0017374402618966        1.0000000000000000        6.9400066739805622E-310
   3.5002167290866644E-002  -1.6623721883015187E-005  -9.2127076072756608E-005   1.0000000000000000E-002   1.2000000000000000E-002   1.0017381910034615        0.0000000000000000        1.0017381910034615        1.0000000000000000        6.9400066739805622E-310
   4.5002771819519949E-002  -2.1260653143180504E-005  -1.1782368955870481E-004   1.0000000000000000E-002   1.2000000000000000E-002   1.0017391873721346        0.0000000000000000        1.0017391873721346        1.0000000000000000        6.9400066739805622E-310
   5.5003365405134619E-002  -2.5813668592816895E-005  -1.4305471311715223E-004   1.0000000000000000E-002   1.2000000000000000E-002   1.0017404254315909        0.0000000000000000        1.0017404254315909        1.0000000000000000        6.9400066739805622E-310
   6.5003945704351251E-002  -3.0264798289259024E-005  -1.6772041737667109E-004   1.0000000000000000E-002   1.2000000000000000E-002   1.0017419002908539        0.0000000000000000        1.0017419002908539        1.0000000000000000        6.9400066739805622E-310
   7.5004510426317908E-002  -3.4596473792187889E-005  -1.9172326118610528E-004   1.0000000000000000E-002   1.2000000000000000E-002   1.0017436061229621        0.0000000000000000        1.0017436061229621        1.0000000000000000        6.9400066739805622E-310
   8.5005057341753995E-002  -3.8791598830032045E-005  -2.1496856846781043E-004   1.0000000000000000E-002   1.2000000000000000E-002   1.0017455361889354        0.0000000000000000        1.0017455361889354        1.0000000000000000        6.9400066739805622E-310
   9.5005584291738360E-002  -4.2833615802338566E-005  -2.3736446613664697E-004   1.0000000000000000E-002   1.2000000000000000E-002   1.0017476828646266        0.0000000000000000        1.0017476828646266        1.0000000000000000        6.9400066739805622E-310
  0.10500608919624625       -4.6706571761477055E-005  -2.5882247442865491E-004   1.0000000000000000E-002   1.2000000000000000E-002   1.0017500376700734        0.0000000000000000        1.0017500376700734        1.0000000000000000        6.9400066739805622E-310
  0.11500657006236639       -5.0395181374671888E-005  -2.7925789107197119E-004   1.0000000000000000E-002   1.2000000000000000E-002   1.0017525913035483        0.0000000000000000        1.0017525913035483        1.0000000000000000        6.9400066739805622E-310
  0.12500702499216698       -5.3884886820384679E-005  -2.9859002327725648E-004   1.0000000000000000E-002   1.2000000000000000E-002   1.0017553336784084        0.0000000000000000        1.0017553336784084        1.0000000000000000        6.9400066739805622E-310
  0.13500745219019145       -5.7161915787383444E-005  -3.1674258376668263E-004   1.0000000000000000E-002   1.2000000000000000E-002   1.0017582539630001        0.0000000000000000        1.0017582539630001        1.0000000000000000        6.9400066739805622E-310
  0.14500784997054258       -6.0213335511839368E-005  -3.3364393679491400E-004   1.0000000000000000E-002   1.2000000000000000E-002   1.0017613406235988        0.0000000000000000        1.0017613406235988        1.0000000000000000        6.9400066739805622E-310
  0.15500821676353629       -6.3027103705738270E-005  -3.4922740455378687E-004   1.0000000000000000E-002   1.2000000000000000E-002   1.0017645814699696        0.0000000000000000        1.0017645814699696        1.0000000000000000        6.9400066739805622E-310
  0.16500855112189339       -6.5592116596063172E-005  -3.6343152347306784E-004   1.0000000000000000E-002   1.2000000000000000E-002   1.0017679637035914        0.0000000000000000        1.0017679637035914        1.0000000000000000        6.9400066739805622E-310
  0.17500885172644856       -6.7898252194429341E-005  -3.7620032950069771E-004   1.0000000000000000E-002   1.2000000000000000E-002   1.0017714739684531        0.0000000000000000        1.0017714739684531        1.0000000000000000        6.9400066739805622E-310
  0.18500911739134643       -6.9936410336812749E-005  -3.8748348802730703E-004   1.0000000000000000E-002   1.2000000000000000E-002   1.0017750984038356        0.0000000000000000        1.0017750984038356        1.0000000000000000        6.9400066739805622E-310
  0.19500934706871648       -7.1698548646210105E-005  -3.9723654832002353E-004   1.0000000000000000E-002   1.2000000000000000E-002   1.0017788226989179        0.0000000000000000        1.0017788226989179        1.0000000000000000        6.9400066739805622E-310
  0.20500953985280060       -7.3177714332360889E-005  -4.0542115248243249E-004   1.0000000000000000E-002   1.2000000000000000E-002   1.0017826321495626        0.0000000000000000        1.0017826321495626        1.0000000000000000        6.9400066739805622E-310
  0.21500969498351519       -7.4368071939345272E-005  -4.1200514037420533E-004   1.0000000000000000E-002   1.2000000000000000E-002   1.0017865117166329        0.0000000000000000        1.0017865117166329        1.0000000000000000        6.9400066739805622E-310
  0.22500981184943530       -7.5264925360685799E-005  -4.1696258269663389E-004   1.0000000000000000E-002   1.2000000000000000E-002   1.0017904460849476        0.0000000000000000        1.0017904460849476        1.0000000000000000        6.9400066739805622E-310
  0.23500988999020500       -7.5864737117256682E-005  -4.2027412043044166E-004   1.0000000000000000E-002   1.2000000000000000E-002   1.0017944197240030        0.0000000000000000        1.0017944197240030        1.0000000000000000        6.9400066739805622E-310
  0.24500992909833180       -7.6165142309916035E-005  -4.2192684033004468E-004   1.0000000000000000E-002   1.2000000000000000E-002   1.0017984169497394        0.0000000000000000        1.0017984169497394        1.0000000000000000        6.9400066739805622E-310
  0.25500992902038555       -7.6164957327459952E-005  -4.2191430979965361E-004   1.0000000000000000E-002   1.2000000000000000E-002   1.0018024219858725        0.0000000000000000        1.0018024219858725        1.0000000000000000        6.9400066739805622E-310
  0.26500988975759554       -7.5864185433709922E-005  -4.2023673464974820E-004   1.0000000000000000E-002   1.2000000000000000E-002   1.0018064190261713        0.0000000000000000        1.0018064190261713        1.0000000000000000        6.9400066739805622E-310
  0.27500981146583015       -7.5264015099921045E-005  -4.1690092153601199E-004   1.0000000000000000E-002   1.2000000000000000E-002   1.0018103922972819        0.0000000000000000        1.0018103922972819        1.0000000000000000        6.9400066739805622E-310
  0.28500969445496266       -7.4366817906112276E-005  -4.1192014776392227E-004   1.0000000000000000E-002   1.2000000000000000E-002   1.0018143261207637        0.0000000000000000        1.0018143261207637        1.0000000000000000        6.9400066739805622E-310
  0.29500953918763850       -7.3176136382915044E-005  -4.0531421749445684E-004   1.0000000000000000E-002   1.2000000000000000E-002   1.0018182049747981        0.0000000000000000        1.0018182049747981        1.0000000000000000        6.9400066739805622E-310
  0.30500934627743437       -7.1696671238894640E-005  -3.9710934361014694E-004   1.0000000000000000E-002   1.2000000000000000E-002   1.0018220135556124        0.0000000000000000        1.0018220135556124        1.0000000000000000        6.9400066739805622E-310
  0.31500911648642249       -6.9934263253466496E-005  -3.8733800224566295E-004   1.0000000000000000E-002   1.2000000000000000E-002   1.0018257368376333        0.0000000000000000        1.0018257368376333        1.0000000000000000        6.9400066739805622E-310
  0.32500885072215441       -6.7895869411948033E-005  -3.7603886473736026E-004   1.0000000000000000E-002   1.2000000000000000E-002   1.0018293601326744        0.0000000000000000        1.0018293601326744        1.0000000000000000        6.9400066739805622E-310
  0.33500855003406765       -6.5589535802808180E-005  -3.6325662609471010E-004   1.0000000000000000E-002   1.2000000000000000E-002   1.0018328691479179        0.0000000000000000        1.0018328691479179        1.0000000000000000        6.9400066739805622E-310
  0.34500821560933603       -6.3024365568859199E-005  -3.4904186416540028E-004   1.0000000000000000E-002   1.2000000000000000E-002   1.0018362500425020        0.0000000000000000        1.0018362500425020        1.0000000000000000        6.9400066739805622E-310
  0.35500784876816793       -6.0210482649003827E-005  -3.3345063336387426E-004   1.0000000000000000E-002   1.2000000000000000E-002   1.0018394894814620        0.0000000000000000        1.0018394894814620        1.0000000000000000        6.9400066739805622E-310
  0.36500745095860504       -5.7158993759920827E-005  -3.1654458666974250E-004   1.0000000000000000E-002   1.2000000000000000E-002   1.0018425746883561        0.0000000000000000        1.0018425746883561        1.0000000000000000        6.9400066739805622E-310
  0.37500702375079115       -5.3881941521681862E-005  -2.9839044164869932E-004   1.0000000000000000E-002   1.2000000000000000E-002   1.0018454934959244        0.0000000000000000        1.0018454934959244        1.0000000000000000        6.9400066739805622E-310
  0.38500656883077911       -5.0392259376658858E-005  -2.7905988439069773E-004   1.0000000000000000E-002   1.2000000000000000E-002   1.0018482343937023        0.0000000000000000        1.0018482343937023        1.0000000000000000        6.9400066739805622E-310
  0.39500608799387144       -4.6703719125358284E-005  -2.5862918508323673E-004   1.0000000000000000E-002   1.2000000000000000E-002   1.0018507865735022        0.0000000000000000        1.0018507865735022        1.0000000000000000        6.9400066739805622E-310
  0.40500558313753598       -4.2830877385858460E-005  -2.3717888308816271E-004   1.0000000000000000E-002   1.2000000000000000E-002   1.0018531399714123        0.0000000000000000        1.0018531399714123        1.0000000000000000        6.9400066739805622E-310
  0.41500505625392964       -3.8789017862950530E-005  -2.1479369499122214E-004   1.0000000000000000E-002   1.2000000000000000E-002   1.0018552853079672        0.0000000000000000        1.0018552853079672        1.0000000000000000        6.9400066739805622E-310
  0.42500450942202578       -3.4594091237738686E-005  -1.9156182955715195E-004   1.0000000000000000E-002   1.2000000000000000E-002   1.0018572141245921        0.0000000000000000        1.0018572141245921        1.0000000000000000        6.9400066739805622E-310
  0.43500394479942633       -3.0262651421083609E-005  -1.6757489611141096E-004   1.0000000000000000E-002   1.2000000000000000E-002   1.0018589188163405        0.0000000000000000        1.0018589188163405        1.0000000000000000        6.9400066739805622E-310
  0.44500336461385276       -2.5811791098904091E-005  -1.4292749731925625E-004   1.0000000000000000E-002   1.2000000000000000E-002   1.0018603926623375        0.0000000000000000        1.0018603926623375        1.0000000000000000        6.9400066739805622E-310
  0.45500277115435983       -2.1259074908071073E-005  -1.1771677310878914E-004   1.0000000000000000E-002   1.2000000000000000E-002   1.0018616298519978        0.0000000000000000        1.0018616298519978        1.0000000000000000        6.9400066739805622E-310
  0.46500216676231659       -1.6622468012048662E-005  -9.2042118089885605E-005   1.0000000000000000E-002   1.2000000000000000E-002   1.0018626255078722        0.0000000000000000        1.0018626255078722        1.0000000000000000        6.9400066739805622E-310
  0.47500155382217296       -1.1920266917180932E-005  -6.6004675757014297E-005   1.0000000000000000E-002   1.2000000000000000E-002   1.0018633757046269        0.0000000000000000        1.0018633757046269        1.0000000000000000        6.9400066739805622E-310
  0.48500093475207168       -7.1710278437678090E-006  -3.9707168292046902E-005   1.0000000000000000E-002   1.2000000000000000E-002   1.0018638774848871        0.0000000000000000        1.0018638774848871        1.0000000000000000        6.9400066739805622E-310
  0.49500031199430300       -2.3934909024166164E-006  -1.3253116663669573E-005   1.0000000000000000E-002   1.2000000000000000E-002   1.0018641288705661        0.0000000000000000        1.0018641288705661        1.0000000000000000        6.9400066739805622E-310
  0.50499968800569661        2.3934908820169587E-006   1.3253153163361731E-005   1.0000000000000000E-002   1.2000000000000000E-002   1.0018641288703858        0.0000000000000000        1.0018641288703858        1.0000000000000000        6.9400066739805622E-310
  0.51499906524793249        7.1710277143886153E-006   3.9707099168673210E-005   1.0000000000000000E-002   1.2000000000000000E-002   1.0018638774848765        0.0000000000000000        1.0018638774848765        1.0000000000000000        6.9400066739805622E-310
  0.52499844617782676        1.1920267064286731E-005   6.6004713938916382E-005   1.0000000000000000E-002   1.2000000000000000E-002   1.0018633757047548        0.0000000000000000        1.0018633757047548        1.0000000000000000        6.9400066739805622E-310
  0.53499783323768446        1.6622467900595399E-005   9.2042117455726213E-005   1.0000000000000000E-002   1.2000000000000000E-002   1.0018626255078120        0.0000000000000000        1.0018626255078120        1.0000000000000000        6.9400066739805622E-310
  0.54499722884564161        2.1259075025440654E-005   1.1771676062277692E-004   1.0000000000000000E-002   1.2000000000000000E-002   1.0018616298520191        0.0000000000000000        1.0018616298520191        1.0000000000000000        6.9400066739805622E-310
  0.55499663538614763        2.5811791274955271E-005   1.4292751529065839E-004   1.0000000000000000E-002   1.2000000000000000E-002   1.0018603926623244        0.0000000000000000        1.0018603926623244        1.0000000000000000        6.9400066739805622E-310
  0.56499605520057539        3.0262651355463502E-005   1.6757488182861380E-004   1.0000000000000000E-002   1.2000000000000000E-002   1.0018589188163078        0.0000000000000000        1.0018589188163078        1.0000000000000000        6.9400066739805622E-310
  0.57499549057797550        3.4594091157568074E-005   1.9156182078727824E-004   1.0000000000000000E-002   1.2000000000000000E-002   1.0018572141246689        0.0000000000000000        1.0018572141246689        1.0000000000000000        6.9400066739805622E-310
  0.58499494374607031        3.8789017921557471E-005   2.1479371199806252E-004   1.0000000000000000E-002   1.2000000000000000E-002   1.0018552853080054        0.0000000000000000        1.0018552853080054        1.0000000000000000        6.9400066739805622E-310
  0.59499441686246446        4.2830877322004529E-005   2.3717888476326721E-004   1.0000000000000000E-002   1.2000000000000000E-002   1.0018531399713650        0.0000000000000000        1.0018531399713650        1.0000000000000000        6.9400066739805622E-310
  0.60499391200612973        4.6703719211853487E-005   2.5862916750440945E-004   1.0000000000000000E-002   1.2000000000000000E-002   1.0018507865735280        0.0000000000000000        1.0018507865735280        1.0000000000000000        6.9400066739805622E-310
  0.61499343116922078        5.0392259252731243E-005   2.7905989333465442E-004   1.0000000000000000E-002   1.2000000000000000E-002   1.0018482343937685        0.0000000000000000        1.0018482343937685        1.0000000000000000        6.9400066739805622E-310
  0.62499297624920847        5.3881941543942558E-005   2.9839045387713981E-004   1.0000000000000000E-002   1.2000000000000000E-002   1.0018454934958880        0.0000000000000000        1.0018454934958880        1.0000000000000000        6.9400066739805622E-310
  0.63499254904139579        5.7158993894693852E-005   3.1654457402741087E-004   1.0000000000000000E-002   1.2000000000000000E-002   1.0018425746883339        0.0000000000000000        1.0018425746883339        1.0000000000000000        6.9400066739805622E-310
  0.64499215123183207        6.0210482773434186E-005   3.3345064010426029E-004   1.0000000000000000E-002   1.2000000000000000E-002   1.0018394894814531        0.0000000000000000        1.0018394894814531        1.0000000000000000        6.9400066739805622E-310
  0.65499178439066519        6.3024365398522026E-005   3.4904183256934118E-004   1.0000000000000000E-002   1.2000000000000000E-002   1.0018362500426117        0.0000000000000000        1.0018362500426117        1.0000000000000000        6.9400066739805622E-310
  0.66499144996592985        6.5589535643808088E-005   3.6325667532022266E-004   1.0000000000000000E-002   1.2000000000000000E-002   1.0018328691479477        0.0000000000000000        1.0018328691479477        1.0000000000000000        6.9400066739805622E-310
  0.67499114927784609        6.7895869498133080E-005   3.7603884981418645E-004   1.0000000000000000E-002   1.2000000000000000E-002   1.0018293601325454        0.0000000000000000        1.0018293601325454        1.0000000000000000        6.9400066739805622E-310
  0.68499088351357795        6.9934263358235974E-005   3.8733800336387958E-004   1.0000000000000000E-002   1.2000000000000000E-002   1.0018257368375763        0.0000000000000000        1.0018257368375763        1.0000000000000000        6.9400066739805622E-310
  0.69499065372256719        7.1696671146987377E-005   3.9710932712644365E-004   1.0000000000000000E-002   1.2000000000000000E-002   1.0018220135556135        0.0000000000000000        1.0018220135556135        1.0000000000000000        6.9400066739805622E-310
  0.70499046081236194        7.3176136273168482E-005   4.0531422154010954E-004   1.0000000000000000E-002   1.2000000000000000E-002   1.0018182049748605        0.0000000000000000        1.0018182049748605        1.0000000000000000        6.9400066739805622E-310
  0.71499030554503751        7.4366817807995802E-005   4.1192015046309649E-004   1.0000000000000000E-002   1.2000000000000000E-002   1.0018143261207921        0.0000000000000000        1.0018143261207921        1.0000000000000000        6.9400066739805622E-310
  0.72499018853416974        7.5264015332574189E-005   4.1690093032364928E-004   1.0000000000000000E-002   1.2000000000000000E-002   1.0018103922972652        0.0000000000000000        1.0018103922972652        1.0000000000000000        6.9400066739805622E-310
  0.73499011024240490        7.5864185295533655E-005   4.2023673912972015E-004   1.0000000000000000E-002   1.2000000000000000E-002   1.0018064190260916        0.0000000000000000        1.0018064190260916        1.0000000000000000        6.9400066739805622E-310
  0.74499007097961611        7.6164957531759582E-005   4.2191429181492879E-004   1.0000000000000000E-002   1.2000000000000000E-002   1.0018024219858557        0.0000000000000000        1.0018024219858557        1.0000000000000000        6.9400066739805622E-310
  0.75499007090166903        7.6165142102661899E-005   4.2192683489172822E-004   1.0000000000000000E-002   1.2000000000000000E-002   1.0017984169498240        0.0000000000000000        1.0017984169498240        1.0000000000000000        6.9400066739805622E-310
  0.76499011000979489        7.5864737335756325E-005   4.2027412154332922E-004   1.0000000000000000E-002   1.2000000000000000E-002   1.0017944197241100        0.0000000000000000        1.0017944197241100        1.0000000000000000        6.9400066739805622E-310
  0.77499018815056320        7.5264925236571010E-005   4.1696260655399442E-004   1.0000000000000000E-002   1.2000000000000000E-002   1.0017904460849418        0.0000000000000000        1.0017904460849418        1.0000000000000000        6.9400066739805622E-310
  0.78499030501648492        7.4368071960059212E-005   4.1200512707373349E-004   1.0000000000000000E-002   1.2000000000000000E-002   1.0017865117165765        0.0000000000000000        1.0017865117165765        1.0000000000000000        6.9400066739805622E-310
  0.79499046014719921        7.3177714323347429E-005   4.0542115490449504E-004   1.0000000000000000E-002   1.2000000000000000E-002   1.0017826321495638        0.0000000000000000        1.0017826321495638        1.0000000000000000        6.9400066739805622E-310
  0.80499065293128336        7.1698548802444682E-005   3.9723655925527623E-004   1.0000000000000000E-002   1.2000000000000000E-002   1.0017788226988511        0.0000000000000000        1.0017788226988511        1.0000000000000000        6.9400066739805622E-310
  0.81499088260865493        6.9936410174505529E-005   3.8748346384132049E-004   1.0000000000000000E-002   1.2000000000000000E-002   1.0017750984038309        0.0000000000000000        1.0017750984038309        1.0000000000000000        6.9400066739805622E-310
  0.82499114827355147        6.7898252168179315E-005   3.7620032684060334E-004   1.0000000000000000E-002   1.2000000000000000E-002   1.0017714739685708        0.0000000000000000        1.0017714739685708        1.0000000000000000        6.9400066739805622E-310
  0.83499144887810539        6.5592116810819160E-005   3.6343153252538229E-004   1.0000000000000000E-002   1.2000000000000000E-002   1.0017679637036743        0.0000000000000000        1.0017679637036743        1.0000000000000000        6.9400066739805622E-310
  0.84499178323646207        6.3027103631469161E-005   3.4922741447829253E-004   1.0000000000000000E-002   1.2000000000000000E-002   1.0017645814699740        0.0000000000000000        1.0017645814699740        1.0000000000000000        6.9400066739805622E-310
  0.85499215002945606        6.0213335421935786E-005   3.3364394725143853E-004   1.0000000000000000E-002   1.2000000000000000E-002   1.0017613406235066        0.0000000000000000        1.0017613406235066        1.0000000000000000        6.9400066739805622E-310
  0.86499254780980894        5.7161915780181644E-005   3.1674256730962469E-004   1.0000000000000000E-002   1.2000000000000000E-002   1.0017582539629366        0.0000000000000000        1.0017582539629366        1.0000000000000000        6.9400066739805622E-310
  0.87499297500783291        5.3884886889253174E-005   2.9859003190324529E-004   1.0000000000000000E-002   1.2000000000000000E-002   1.0017553336783820        0.0000000000000000        1.0017553336783820        1.0000000000000000        6.9400066739805622E-310
  0.88499342993763441        5.0395181287520282E-005   2.7925788314409061E-004   1.0000000000000000E-002   1.2000000000000000E-002   1.0017525913035115        0.0000000000000000        1.0017525913035115        1.0000000000000000        6.9400066739805622E-310
  0.89499391080375457        4.6706571567884781E-005   2.5882246358310823E-004   1.0000000000000000E-002   1.2000000000000000E-002   1.0017500376701309        0.0000000000000000        1.0017500376701309        1.0000000000000000        6.9400066739805622E-310
  0.90499441570826111        4.2833615890946127E-005   2.3736447746625089E-004   1.0000000000000000E-002   1.2000000000000000E-002   1.0017476828646710        0.0000000000000000        1.0017476828646710        1.0000000000000000        6.9400066739805622E-310
  0.91499494265824599        3.8791598887249134E-005   2.1496856197877889E-004   1.0000000000000000E-002   1.2000000000000000E-002   1.0017455361889678        0.0000000000000000        1.0017455361889678        1.0000000000000000        6.9400066739805622E-310
  0.92499548957368072        3.4596473955208317E-005   1.9172329489691720E-004   1.0000000000000000E-002   1.2000000000000000E-002   1.0017436061228717        0.0000000000000000        1.0017436061228717        1.0000000000000000        6.9400066739805622E-310
  0.93499605429565069        3.0264798266961193E-005   1.6772038310630677E-004   1.0000000000000000E-002   1.2000000000000000E-002   1.0017419002907593        0.0000000000000000        1.0017419002907593        1.0000000000000000        6.9400066739805622E-310
  0.94499663459486627        2.5813668469218854E-005   1.4305470089226446E-004   1.0000000000000000E-002   1.2000000000000000E-002   1.0017404254317126        0.0000000000000000        1.0017404254317126        1.0000000000000000        6.9400066739805622E-310
  0.95499722818047916        2.1260653167772100E-005   1.1782370735335945E-004   1.0000000000000000E-002   1.2000000000000000E-002   1.0017391873722237        0.0000000000000000        1.0017391873722237        1.0000000000000000        6.9400066739805622E-310
  0.96499783270913231        1.6623721822475777E-005   9.2127094566407663E-005   1.0000000000000000E-002   1.2000000000000000E-002   1.0017381910033940        0.0000000000000000        1.0017381910033940        1.0000000000000000        6.9400066739805622E-310
  0.97499844579422135        1.1921177150115278E-005   6.6066357873317827E-005   1.0000000000000000E-002   1.2000000000000000E-002   1.0017374402617840        0.0000000000000000        1.0017374402617840        1.0000000000000000        6.9400066739805622E-310
  0.98499906501531920        7.1715798380591026E-006   3.9744546142195247E-005   1.0000000000000000E-002   1.2000000000000000E-002   1.0017369381135084        0.0000000000000000        1.0017369381135084        1.0000000000000000        6.9400066739805622E-310
  0.99499968792775084        2.3936757876852954E-006   1.3265654142280425E-005   1.0000000000000000E-002   1.2000000000000000E-002   1.0017366865424195        0.0000000000000000        1.0017366865424195        1.0000000000000000        6.9400066739805622E-310
   1.0050003120722493       -2.3936797713083306E-006  -1.3508150184193823E-005   1.0000000000000000E-002   1.2000000000000000E-002   1.0017366865423647        0.0000000000000000        1.0017366865423647        1.0000000000000000        6.9400066739805622E-310
   1.0150009349846822       -7.1715915080873115E-006  -4.0471126486529840E-005   1.0000000000000000E-002   1.2000000000000000E-002   1.0017369381134933        0.0000000000000000        1.0017369381134933        1.0000000000000000        6.9400066739805622E-310
   1.0250015542057793       -1.1921197126460097E-005  -6.7274125299832122E-005   1.0000000000000000E-002   1.2000000000000000E-002   1.0017374402618966        0.0000000000000000        1.0017374402618966        1.0000000000000000        6.9400066739805622E-310
   1.0350021672908667       -1.6623749473712912E-005  -9.3811243981889447E-005   1.0000000000000000E-002   1.2000000000000000E-002   1.0017381910034615        0.0000000000000000        1.0017381910034615        1.0000000000000000        6.9400066739805622E-310
   1.0450027718195201       -2.1260688428441081E-005  -1.1997764316706849E-004   1.0000000000000000E-002   1.2000000000000000E-002   1.0017391873721346        0.0000000000000000        1.0017391873721346        1.0000000000000000        6.9400066739805622E-310
  -5.0003120722491579E-003   2.3939667897429461E-006  -3.5767633061438002E+077   1.0000000000000000E-002   1.2000000000000000E-002   1.0017366865424195        0.0000000000000000        1.0017366865424195        1.0000000000000000        6.9400066739805622E-310
  -1.5000934984680803E-002   7.1724517273835741E-006   0.0000000000000000        1.0000000000000000E-002   1.2000000000000000E-002   1.0017369381135084        0.0000000000000000        1.0017369381135084        1.0000000000000000        6.9400066739805622E-310
  -2.5001554205778653E-002   1.1922626450942893E-005  -3.5767633061438002E+077   1.0000000000000000E-002   1.2000000000000000E-002   1.0017374402617840        0.0000000000000000        1.0017374402617840        1.0000000000000000        6.9400066739805622E-310
  -3.5002167290867692E-002   1.6625742821664579E-005   6.9400068546417920E-310   1.0000000000000000E-002   1.2000000000000000E-002   1.0017381910033940        0.0000000000000000        1.0017381910033940        1.0000000000000000        6.9400066739805622E-310
  -4.5002771819520837E-002   2.1263237916847142E-005   6.9400066883177543E-310   1.0000000000000000E-002   1.2000000000000000E-002   1.0017391873722237        0.0000000000000000        1.0017391873722237        1.0000000000000000        6.9400066739805622E-310
