 # x, v, a, m, h, rho, u, P, c, ke
   3.3504000000000769     
   5.0000723396202386E-003  -3.1061760365509711E-006  -3.0760846074784354E-006   1.0000000000000000E-002   1.2000000000000000E-002   1.0017856390859914        0.0000000000000000        1.0017856390859914        1.0000000000000000        6.9400066739805622E-310
   1.5000216733170302E-002  -9.3062616867847823E-006  -9.2159869460317623E-006   1.0000000000000000E-002   1.2000000000000000E-002   1.0017856974251438        0.0000000000000000        1.0017856974251438        1.0000000000000000        6.9400066739805622E-310
   2.5000360270789737E-002  -1.5469595572976729E-005  -1.5319419244264054E-005   1.0000000000000000E-002   1.2000000000000000E-002   1.0017858138721412        0.0000000000000000        1.0017858138721412        1.0000000000000000        6.9400066739805622E-310
   3.5000502385625715E-002  -2.1571838730973607E-005  -2.1362314119421910E-005   1.0000000000000000E-002   1.2000000000000000E-002   1.0017859879666335        0.0000000000000000        1.0017859879666335        1.0000000000000000        6.9400066739805622E-310
   4.5000642516445526E-002  -2.7588892780219162E-005  -2.7320604737646192E-005   1.0000000000000000E-002   1.2000000000000000E-002   1.0017862190198039        0.0000000000000000        1.0017862190198039        1.0000000000000000        6.9400066739805622E-310
   5.5000780109876864E-002  -3.3496997346236094E-005  -3.3170797829384924E-005   1.0000000000000000E-002   1.2000000000000000E-002   1.0017865061171281        0.0000000000000000        1.0017865061171281        1.0000000000000000        6.9400066739805622E-310
   6.5000914622586531E-002  -3.9272822928241446E-005  -3.8889795192176280E-005   1.0000000000000000E-002   1.2000000000000000E-002   1.0017868481230059        0.0000000000000000        1.0017868481230059        1.0000000000000000        6.9400066739805622E-310
   7.5001045523424320E-002  -4.4893563096893270E-005  -4.4454858937115205E-005   1.0000000000000000E-002   1.2000000000000000E-002   1.0017872436842672        0.0000000000000000        1.0017872436842672        1.0000000000000000        6.9400066739805622E-310
   8.5001172295539745E-002  -5.0337025444068533E-005  -4.9844092379736082E-005   1.0000000000000000E-002   1.2000000000000000E-002   1.0017876912359347        0.0000000000000000        1.0017876912359347        1.0000000000000000        6.9400066739805622E-310
   9.5001294438410419E-002  -5.5581718135169653E-005  -5.5036173527867049E-005   1.0000000000000000E-002   1.2000000000000000E-002   1.0017881890079043        0.0000000000000000        1.0017881890079043        1.0000000000000000        6.9400066739805622E-310
  0.10500141146982610       -6.0606935503718547E-005  -6.0010569474577835E-005   1.0000000000000000E-002   1.2000000000000000E-002   1.0017887350314312        0.0000000000000000        1.0017887350314312        1.0000000000000000        6.9400066739805622E-310
  0.11500152292779257       -6.5392841419430401E-005  -6.4747556036692799E-005   1.0000000000000000E-002   1.2000000000000000E-002   1.0017893271467411        0.0000000000000000        1.0017893271467411        1.0000000000000000        6.9400066739805622E-310
  0.12500162837236736       -6.9920544277196251E-005  -6.9228540945154293E-005   1.0000000000000000E-002   1.2000000000000000E-002   1.0017899630121718        0.0000000000000000        1.0017899630121718        1.0000000000000000        6.9400066739805622E-310
  0.13500172738738309       -7.4172174569916798E-005  -7.3435815643563274E-005   1.0000000000000000E-002   1.2000000000000000E-002   1.0017906401138001        0.0000000000000000        1.0017906401138001        1.0000000000000000        6.9400066739805622E-310
  0.14500181958209221       -7.8130954170248319E-005  -7.7352675632802459E-005   1.0000000000000000E-002   1.2000000000000000E-002   1.0017913557743394        0.0000000000000000        1.0017913557743394        1.0000000000000000        6.9400066739805622E-310
  0.15500190459272270       -8.1781262370896515E-005  -8.0963805379141718E-005   1.0000000000000000E-002   1.2000000000000000E-002   1.0017921071645668        0.0000000000000000        1.0017921071645668        1.0000000000000000        6.9400066739805622E-310
  0.16500198208389386       -8.5108698288263189E-005  -8.4254895806878949E-005   1.0000000000000000E-002   1.2000000000000000E-002   1.0017928913146268        0.0000000000000000        1.0017928913146268        1.0000000000000000        6.9400066739805622E-310
  0.17500205174995151       -8.8100136695757768E-005  -8.7213034514199705E-005   1.0000000000000000E-002   1.2000000000000000E-002   1.0017937051254409        0.0000000000000000        1.0017937051254409        1.0000000000000000        6.9400066739805622E-310
  0.18500211331616240       -9.0743780540529178E-005  -8.9826529851677606E-005   1.0000000000000000E-002   1.2000000000000000E-002   1.0017945453811847        0.0000000000000000        1.0017945453811847        1.0000000000000000        6.9400066739805622E-310
  0.19500216653980323       -9.3029206996231509E-005  -9.2085140833475521E-005   1.0000000000000000E-002   1.2000000000000000E-002   1.0017954087618846        0.0000000000000000        1.0017954087618846        1.0000000000000000        6.9400066739805622E-310
  0.20500221121111051       -9.4947407999502087E-005  -9.3980021323325502E-005   1.0000000000000000E-002   1.2000000000000000E-002   1.0017962918569923        0.0000000000000000        1.0017962918569923        1.0000000000000000        6.9400066739805622E-310
  0.21500224715410085       -9.6490826470595702E-005  -9.5503682486786090E-005   1.0000000000000000E-002   1.2000000000000000E-002   1.0017971911783867        0.0000000000000000        1.0017971911783867        1.0000000000000000        6.9400066739805622E-310
  0.22500227422726982       -9.7653385075128246E-005  -9.6650243112783585E-005   1.0000000000000000E-002   1.2000000000000000E-002   1.0017981031744865        0.0000000000000000        1.0017981031744865        1.0000000000000000        6.9400066739805622E-310
  0.23500229232413386       -9.8430511160373013E-005  -9.7415186949945110E-005   1.0000000000000000E-002   1.2000000000000000E-002   1.0017990242443380        0.0000000000000000        1.0017990242443380        1.0000000000000000        6.9400066739805622E-310
  0.24500230137365353       -9.8819153087350444E-005  -9.7795588945182033E-005   1.0000000000000000E-002   1.2000000000000000E-002   1.0017999507516384        0.0000000000000000        1.0017999507516384        1.0000000000000000        6.9400066739805622E-310
  0.25500230134050222       -9.8817792641598597E-005  -9.7789989141006117E-005   1.0000000000000000E-002   1.2000000000000000E-002   1.0018008790392730        0.0000000000000000        1.0018008790392730        1.0000000000000000        6.9400066739805622E-310
  0.26500229222520355       -9.8426452062926639E-005  -9.7398496018641367E-005   1.0000000000000000E-002   1.2000000000000000E-002   1.0018018054436602        0.0000000000000000        1.0018018054436602        1.0000000000000000        6.9400066739805622E-310
  0.27500227406412070       -9.7646691552620067E-005  -9.6622734544027367E-005   1.0000000000000000E-002   1.2000000000000000E-002   1.0018027263094407        0.0000000000000000        1.0018027263094407        1.0000000000000000        6.9400066739805622E-310
  0.28500224692930431       -9.6481603355297581E-005  -9.5465762159463452E-005   1.0000000000000000E-002   1.2000000000000000E-002   1.0018036380034654        0.0000000000000000        1.0018036380034654        1.0000000000000000        6.9400066739805622E-310
  0.29500221092821055       -9.4935801151864303E-005  -9.3932260607942908E-005   1.0000000000000000E-002   1.2000000000000000E-002   1.0018045369292743        0.0000000000000000        1.0018045369292743        1.0000000000000000        6.9400066739805622E-310
  0.30500216620326537       -9.3015399238911871E-005  -9.2028379995667819E-005   1.0000000000000000E-002   1.2000000000000000E-002   1.0018054195418173        0.0000000000000000        1.0018054195418173        1.0000000000000000        6.9400066739805622E-310
  0.31500211293129116       -9.0727990177955417E-005  -8.9761586233194635E-005   1.0000000000000000E-002   1.2000000000000000E-002   1.0018062823606262        0.0000000000000000        1.0018062823606262        1.0000000000000000        6.9400066739805622E-310
  0.32500205132281801       -8.8082612062530543E-005  -8.7140968064502999E-005   1.0000000000000000E-002   1.2000000000000000E-002   1.0018071219837927        0.0000000000000000        1.0018071219837927        1.0000000000000000        6.9400066739805622E-310
  0.33500198162123468       -8.5089716069183168E-005  -8.4176858092810392E-005   1.0000000000000000E-002   1.2000000000000000E-002   1.0018079351015992        0.0000000000000000        1.0018079351015992        1.0000000000000000        6.9400066739805622E-310
  0.34500190410183146       -8.1761121930360684E-005  -8.0880963149176921E-005   1.0000000000000000E-002   1.2000000000000000E-002   1.0018087185088860        0.0000000000000000        1.0018087185088860        1.0000000000000000        6.9400066739805622E-310
  0.35500181907071365       -7.8109973051466923E-005  -7.7266411746990116E-005   1.0000000000000000E-002   1.2000000000000000E-002   1.0018094691183634        0.0000000000000000        1.0018094691183634        1.0000000000000000        6.9400066739805622E-310
  0.36500172686357973       -7.4150683941048761E-005  -7.3347437616888556E-005   1.0000000000000000E-002   1.2000000000000000E-002   1.0018101839726019        0.0000000000000000        1.0018101839726019        1.0000000000000000        6.9400066739805622E-310
  0.37500162784440078       -6.9898882678202625E-005  -6.9139462087086656E-005   1.0000000000000000E-002   1.2000000000000000E-002   1.0018108602549205        0.0000000000000000        1.0018108602549205        1.0000000000000000        6.9400066739805622E-310
  0.38500152240398916       -6.5371350591200773E-005  -6.4659179419557233E-005   1.0000000000000000E-002   1.2000000000000000E-002   1.0018114953010586        0.0000000000000000        1.0018114953010586        1.0000000000000000        6.9400066739805622E-310
  0.39500141095844676       -6.0585954670030661E-005  -5.9924284616208467E-005   1.0000000000000000E-002   1.2000000000000000E-002   1.0018120866099720        0.0000000000000000        1.0018120866099720        1.0000000000000000        6.9400066739805622E-310
  0.40500129394752060       -5.5561577472608122E-005  -5.4953348906039423E-005   1.0000000000000000E-002   1.2000000000000000E-002   1.0018126318527407        0.0000000000000000        1.0018126318527407        1.0000000000000000        6.9400066739805622E-310
  0.41500117183288132       -5.0318043271385920E-005  -4.9766044892152195E-005   1.0000000000000000E-002   1.2000000000000000E-002   1.0018131288819700        0.0000000000000000        1.0018131288819700        1.0000000000000000        6.9400066739805622E-310
  0.42500104509629316       -4.4876038703136374E-005  -4.4382821060118260E-005   1.0000000000000000E-002   1.2000000000000000E-002   1.0018135757407125        0.0000000000000000        1.0018135757407125        1.0000000000000000        6.9400066739805622E-310
  0.43500091423771525       -3.9257032369817059E-005  -3.8824837634621190E-005   1.0000000000000000E-002   1.2000000000000000E-002   1.0018139706694695        0.0000000000000000        1.0018139706694695        1.0000000000000000        6.9400066739805622E-310
  0.44500077977333891       -3.3483189651331929E-005  -3.3114043479720578E-005   1.0000000000000000E-002   1.2000000000000000E-002   1.0018143121134111        0.0000000000000000        1.0018143121134111        1.0000000000000000        6.9400066739805622E-310
  0.45500064223354442       -2.7577285887701195E-005  -2.7272845373182975E-005   1.0000000000000000E-002   1.2000000000000000E-002   1.0018145987282177        0.0000000000000000        1.0018145987282177        1.0000000000000000        6.9400066739805622E-310
  0.46500050216082650       -2.1562615711138780E-005  -2.1324364589681011E-005   1.0000000000000000E-002   1.2000000000000000E-002   1.0018148293856712        0.0000000000000000        1.0018148293856712        1.0000000000000000        6.9400066739805622E-310
  0.47500036010763985       -1.5462901709470616E-005  -1.5291920285598337E-005   1.0000000000000000E-002   1.2000000000000000E-002   1.0018150031779933        0.0000000000000000        1.0018150031779933        1.0000000000000000        6.9400066739805622E-310
  0.48500021663423981       -9.3022027141281171E-006  -9.1993001598567048E-006   1.0000000000000000E-002   1.2000000000000000E-002   1.0018151194209934        0.0000000000000000        1.0018151194209934        1.0000000000000000        6.9400066739805622E-310
  0.49500007230646853       -3.1048160493411946E-006  -3.0704593694252935E-006   1.0000000000000000E-002   1.2000000000000000E-002   1.0018151776571238        0.0000000000000000        1.0018151776571238        1.0000000000000000        6.9400066739805622E-310
  0.50499992769353330        3.1048160292964530E-006   3.0704569500272783E-006   1.0000000000000000E-002   1.2000000000000000E-002   1.0018151776571389        0.0000000000000000        1.0018151776571389        1.0000000000000000        6.9400066739805622E-310
  0.51499978336576169        9.3022026597726271E-006   9.1992989119660251E-006   1.0000000000000000E-002   1.2000000000000000E-002   1.0018151194210232        0.0000000000000000        1.0018151194210232        1.0000000000000000        6.9400066739805622E-310
  0.52499963989236154        1.5462901907716309E-005   1.5291900565372885E-005   1.0000000000000000E-002   1.2000000000000000E-002   1.0018150031781110        0.0000000000000000        1.0018150031781110        1.0000000000000000        6.9400066739805622E-310
  0.53499949783917267        2.1562615701789494E-005   2.1324376206166562E-005   1.0000000000000000E-002   1.2000000000000000E-002   1.0018148293858378        0.0000000000000000        1.0018148293858378        1.0000000000000000        6.9400066739805622E-310
  0.54499935776645314        2.7577285577065417E-005   2.7272887819229652E-005   1.0000000000000000E-002   1.2000000000000000E-002   1.0018145987281279        0.0000000000000000        1.0018145987281279        1.0000000000000000        6.9400066739805622E-310
  0.55499922022666248        3.3483189877663998E-005   3.3114003840317707E-005   1.0000000000000000E-002   1.2000000000000000E-002   1.0018143121133136        0.0000000000000000        1.0018143121133136        1.0000000000000000        6.9400066739805622E-310
  0.56499908576228441        3.9257032356516643E-005   3.8824853435315276E-005   1.0000000000000000E-002   1.2000000000000000E-002   1.0018139706694833        0.0000000000000000        1.0018139706694833        1.0000000000000000        6.9400066739805622E-310
  0.57499895490370756        4.4876038636696688E-005   4.4382822027344560E-005   1.0000000000000000E-002   1.2000000000000000E-002   1.0018135757406348        0.0000000000000000        1.0018135757406348        1.0000000000000000        6.9400066739805622E-310
  0.58499882816712012        5.0318043259324015E-005   4.9766041505527880E-005   1.0000000000000000E-002   1.2000000000000000E-002   1.0018131288819243        0.0000000000000000        1.0018131288819243        1.0000000000000000        6.9400066739805622E-310
  0.59499870605248084        5.5561577369260534E-005   5.4953355850706487E-005   1.0000000000000000E-002   1.2000000000000000E-002   1.0018126318526646        0.0000000000000000        1.0018126318526646        1.0000000000000000        6.9400066739805622E-310
  0.60499858904155657        6.0585954848082550E-005   5.9924237742592368E-005   1.0000000000000000E-002   1.2000000000000000E-002   1.0018120866100786        0.0000000000000000        1.0018120866100786        1.0000000000000000        6.9400066739805622E-310
  0.61499847759601001        6.5371350643192238E-005   6.4659214205953219E-005   1.0000000000000000E-002   1.2000000000000000E-002   1.0018114953012294        0.0000000000000000        1.0018114953012294        1.0000000000000000        6.9400066739805622E-310
  0.62499837215559861        6.9898882641826382E-005   6.9139482412161613E-005   1.0000000000000000E-002   1.2000000000000000E-002   1.0018108602548315        0.0000000000000000        1.0018108602548315        1.0000000000000000        6.9400066739805622E-310
  0.63499827313642176        7.4150684000773705E-005   7.3347405290746792E-005   1.0000000000000000E-002   1.2000000000000000E-002   1.0018101839725713        0.0000000000000000        1.0018101839725713        1.0000000000000000        6.9400066739805622E-310
  0.64499818092928651        7.8109972968988710E-005   7.7266410440479660E-005   1.0000000000000000E-002   1.2000000000000000E-002   1.0018094691184898        0.0000000000000000        1.0018094691184898        1.0000000000000000        6.9400066739805622E-310
  0.65499809589816693        8.1761122001520030E-005   8.0881003516886096E-005   1.0000000000000000E-002   1.2000000000000000E-002   1.0018087185088262        0.0000000000000000        1.0018087185088262        1.0000000000000000        6.9400066739805622E-310
  0.66499801837876693        8.5089715940899065E-005   8.4176828772264400E-005   1.0000000000000000E-002   1.2000000000000000E-002   1.0018079351014955        0.0000000000000000        1.0018079351014955        1.0000000000000000        6.9400066739805622E-310
  0.67499794867718277        8.8082612318571093E-005   8.7140961453791022E-005   1.0000000000000000E-002   1.2000000000000000E-002   1.0018071219838538        0.0000000000000000        1.0018071219838538        1.0000000000000000        6.9400066739805622E-310
  0.68499788706870901        9.0727989815525306E-005   8.9761583072167639E-005   1.0000000000000000E-002   1.2000000000000000E-002   1.0018062823607217        0.0000000000000000        1.0018062823607217        1.0000000000000000        6.9400066739805622E-310
  0.69499783379673341        9.3015399587147418E-005   9.2028397268073547E-005   1.0000000000000000E-002   1.2000000000000000E-002   1.0018054195418542        0.0000000000000000        1.0018054195418542        1.0000000000000000        6.9400066739805622E-310
  0.70499778907178878        9.4935801125604126E-005   9.3932270578633847E-005   1.0000000000000000E-002   1.2000000000000000E-002   1.0018045369291899        0.0000000000000000        1.0018045369291899        1.0000000000000000        6.9400066739805622E-310
  0.71499775307069624        9.6481603322904629E-005   9.5465761560831197E-005   1.0000000000000000E-002   1.2000000000000000E-002   1.0018036380033422        0.0000000000000000        1.0018036380033422        1.0000000000000000        6.9400066739805622E-310
  0.72499772593588130        9.7646691339999537E-005   9.6622706394100533E-005   1.0000000000000000E-002   1.2000000000000000E-002   1.0018027263094369        0.0000000000000000        1.0018027263094369        1.0000000000000000        6.9400066739805622E-310
  0.73499770777479723        9.8426452154424873E-005   9.7398485227273568E-005   1.0000000000000000E-002   1.2000000000000000E-002   1.0018018054438411        0.0000000000000000        1.0018018054438411        1.0000000000000000        6.9400066739805622E-310
  0.74499769865949561        9.8817792776280359E-005   9.7790033093403395E-005   1.0000000000000000E-002   1.2000000000000000E-002   1.0018008790392954        0.0000000000000000        1.0018008790392954        1.0000000000000000        6.9400066739805622E-310
  0.75499769862634691        9.8819153063459060E-005   9.7795573131165270E-005   1.0000000000000000E-002   1.2000000000000000E-002   1.0017999507515447        0.0000000000000000        1.0017999507515447        1.0000000000000000        6.9400066739805622E-310
  0.76499770767586606        9.8430511001975290E-005   9.7415192622740676E-005   1.0000000000000000E-002   1.2000000000000000E-002   1.0017990242442836        0.0000000000000000        1.0017990242442836        1.0000000000000000        6.9400066739805622E-310
  0.77499772577273185        9.7653385177464978E-005   9.6650209755466676E-005   1.0000000000000000E-002   1.2000000000000000E-002   1.0017981031745582        0.0000000000000000        1.0017981031745582        1.0000000000000000        6.9400066739805622E-310
  0.78499775284589735        9.6490826345495509E-005   9.5503727512991077E-005   1.0000000000000000E-002   1.2000000000000000E-002   1.0017971911784054        0.0000000000000000        1.0017971911784054        1.0000000000000000        6.9400066739805622E-310
  0.79499778878889071        9.4947407961953632E-005   9.3979997484616717E-005   1.0000000000000000E-002   1.2000000000000000E-002   1.0017962918569137        0.0000000000000000        1.0017962918569137        1.0000000000000000        6.9400066739805622E-310
  0.80499783346019682        9.3029206978689159E-005   9.2085149740128713E-005   1.0000000000000000E-002   1.2000000000000000E-002   1.0017954087618817        0.0000000000000000        1.0017954087618817        1.0000000000000000        6.9400066739805622E-310
  0.81499788668383877        9.0743780712901345E-005   8.9826511000978826E-005   1.0000000000000000E-002   1.2000000000000000E-002   1.0017945453812140        0.0000000000000000        1.0017945453812140        1.0000000000000000        6.9400066739805622E-310
  0.82499794825004802        8.8100136856580539E-005   8.7213046287892837E-005   1.0000000000000000E-002   1.2000000000000000E-002   1.0017937051255126        0.0000000000000000        1.0017937051255126        1.0000000000000000        6.9400066739805622E-310
  0.83499801791610562        8.5108698228259728E-005   8.4254908016667684E-005   1.0000000000000000E-002   1.2000000000000000E-002   1.0017928913145833        0.0000000000000000        1.0017928913145833        1.0000000000000000        6.9400066739805622E-310
  0.84499809540727788        8.1781262120413138E-005   8.0963797082667099E-005   1.0000000000000000E-002   1.2000000000000000E-002   1.0017921071645122        0.0000000000000000        1.0017921071645122        1.0000000000000000        6.9400066739805622E-310
  0.85499818041790843        7.8130954280454691E-005   7.7352671575603438E-005   1.0000000000000000E-002   1.2000000000000000E-002   1.0017913557743379        0.0000000000000000        1.0017913557743379        1.0000000000000000        6.9400066739805622E-310
  0.86499827261261752        7.4172174535785097E-005   7.3435808014110648E-005   1.0000000000000000E-002   1.2000000000000000E-002   1.0017906401138481        0.0000000000000000        1.0017906401138481        1.0000000000000000        6.9400066739805622E-310
  0.87499837162763228        6.9920544100167653E-005   6.9228549717692545E-005   1.0000000000000000E-002   1.2000000000000000E-002   1.0017899630122209        0.0000000000000000        1.0017899630122209        1.0000000000000000        6.9400066739805622E-310
  0.88499847707220691        6.5392841693013166E-005   6.4747564906930677E-005   1.0000000000000000E-002   1.2000000000000000E-002   1.0017893271467087        0.0000000000000000        1.0017893271467087        1.0000000000000000        6.9400066739805622E-310
  0.89499858853017444        6.0606935658890585E-005   6.0010544942201705E-005   1.0000000000000000E-002   1.2000000000000000E-002   1.0017887350314687        0.0000000000000000        1.0017887350314687        1.0000000000000000        6.9400066739805622E-310
  0.90499870556158846        5.5581718042874530E-005   5.5036167614375131E-005   1.0000000000000000E-002   1.2000000000000000E-002   1.0017881890080769        0.0000000000000000        1.0017881890080769        1.0000000000000000        6.9400066739805622E-310
  0.91499882770445706        5.0337025219739067E-005   4.9844115711294990E-005   1.0000000000000000E-002   1.2000000000000000E-002   1.0017876912360304        0.0000000000000000        1.0017876912360304        1.0000000000000000        6.9400066739805622E-310
  0.92499895447657243        4.4893563273483627E-005   4.4454882636379978E-005   1.0000000000000000E-002   1.2000000000000000E-002   1.0017872436841455        0.0000000000000000        1.0017872436841455        1.0000000000000000        6.9400066739805622E-310
  0.93499908537741305        3.9272823070833541E-005   3.8889771819761165E-005   1.0000000000000000E-002   1.2000000000000000E-002   1.0017868481228864        0.0000000000000000        1.0017868481228864        1.0000000000000000        6.9400066739805622E-310
  0.94499921989012226        3.3496997249448702E-005   3.3170816007732640E-005   1.0000000000000000E-002   1.2000000000000000E-002   1.0017865061170392        0.0000000000000000        1.0017865061170392        1.0000000000000000        6.9400066739805622E-310
  0.95499935748355558        2.7588892748072164E-005   2.7320596662328001E-005   1.0000000000000000E-002   1.2000000000000000E-002   1.0017862190196520        0.0000000000000000        1.0017862190196520        1.0000000000000000        6.9400066739805622E-310
  0.96499949761437698        2.1571838468821599E-005   2.1362269762903452E-005   1.0000000000000000E-002   1.2000000000000000E-002   1.0017859879667337        0.0000000000000000        1.0017859879667337        1.0000000000000000        6.9400066739805622E-310
  0.97499963972920900        1.5469595636956506E-005   1.5319455087592360E-005   1.0000000000000000E-002   1.2000000000000000E-002   1.0017858138722753        0.0000000000000000        1.0017858138722753        1.0000000000000000        6.9400066739805622E-310
  0.98499978326682947        9.3062617118260239E-006   9.2159819660153630E-006   1.0000000000000000E-002   1.2000000000000000E-002   1.0017856974251340        0.0000000000000000        1.0017856974251340        1.0000000000000000        6.9400066739805622E-310
  0.99499992766037904        3.1061760937798505E-006   3.0760856315481533E-006   1.0000000000000000E-002   1.2000000000000000E-002   1.0017856390860114        0.0000000000000000        1.0017856390860114        1.0000000000000000        6.9400066739805622E-310
   1.0050000723396202       -3.1061770406086081E-006  -3.3926870779410478E-006   1.0000000000000000E-002   1.2000000000000000E-002   1.0017856390859914        0.0000000000000000        1.0017856390859914        1.0000000000000000        6.9400066739805622E-310
   1.0150002167331702       -9.3062646825175098E-006  -1.0164560297454273E-005   1.0000000000000000E-002   1.2000000000000000E-002   1.0017856974251438        0.0000000000000000        1.0017856974251438        1.0000000000000000        6.9400066739805622E-310
   1.0250003602707898       -1.5469600545797818E-005  -1.6896198022031683E-005   1.0000000000000000E-002   1.2000000000000000E-002   1.0017858138721412        0.0000000000000000        1.0017858138721412        1.0000000000000000        6.9400066739805622E-310
   1.0350005023856257       -2.1571845677158035E-005  -2.3561072342914713E-005   1.0000000000000000E-002   1.2000000000000000E-002   1.0017859879666335        0.0000000000000000        1.0017859879666335        1.0000000000000000        6.9400066739805622E-310
   1.0450006425164455       -2.7588901657469032E-005  -3.0132632398149894E-005   1.0000000000000000E-002   1.2000000000000000E-002   1.0017862190198039        0.0000000000000000        1.0017862190198039        1.0000000000000000        6.9400066739805622E-310
  -5.0000723396209645E-003   3.1065560187907687E-006  -3.5767633061438002E+077   1.0000000000000000E-002   1.2000000000000000E-002   1.0017856390860114        0.0000000000000000        1.0017856390860114        1.0000000000000000        6.9400066739805622E-310
  -1.5000216733170535E-002   9.3073999999084815E-006   0.0000000000000000        1.0000000000000000E-002   1.2000000000000000E-002   1.0017856974251340        0.0000000000000000        1.0017856974251340        1.0000000000000000        6.9400066739805622E-310
  -2.5000360270791000E-002   1.5471487775940666E-005  -3.5767633061438002E+077   1.0000000000000000E-002   1.2000000000000000E-002   1.0017858138722753        0.0000000000000000        1.0017858138722753        1.0000000000000000        6.9400066739805622E-310
  -3.5000502385623022E-002   2.1574476971167275E-005   6.9400068546417920E-310   1.0000000000000000E-002   1.2000000000000000E-002   1.0017859879667337        0.0000000000000000        1.0017859879667337        1.0000000000000000        6.9400066739805622E-310
  -4.5000642516444422E-002   2.7592267183769432E-005   6.9400066883177543E-310   1.0000000000000000E-002   1.2000000000000000E-002   1.0017862190196520        0.0000000000000000        1.0017862190196520        1.0000000000000000        6.9400066739805622E-310
