 # x, v, a, m, h, rho, u, P, c, ke
   5.0016000000000149     
   5.0004470068160901E-003   1.1729608342268651E-006  -1.8987507845125151E-005   1.0000000000000000E-002   1.2000000000000000E-002   1.0017091354411314        0.0000000000000000        1.0017091354411314        1.0000000000000000        6.9400066739805622E-310
   1.5001339256930722E-002   3.5142440826109646E-006  -5.6887549127360160E-005   1.0000000000000000E-002   1.2000000000000000E-002   1.0017094955068191        0.0000000000000000        1.0017094955068191        1.0000000000000000        6.9400066739805622E-310
   2.5002226223468777E-002   5.8416312902239139E-006  -9.4563523211910194E-005   1.0000000000000000E-002   1.2000000000000000E-002   1.0017102142197063        0.0000000000000000        1.0017102142197063        1.0000000000000000        6.9400066739805622E-310
   3.5003104407177944E-002   8.1459194385149738E-006  -1.3186685207244864E-004   1.0000000000000000E-002   1.2000000000000000E-002   1.0017112887493309        0.0000000000000000        1.0017112887493309        1.0000000000000000        6.9400066739805622E-310
   4.5003970343421858E-002   1.0417998161032682E-005  -1.6865049786574104E-004   1.0000000000000000E-002   1.2000000000000000E-002   1.0017127148628961        0.0000000000000000        1.0017127148628961        1.0000000000000000        6.9400066739805622E-310
   5.5004820615838154E-002   1.2648884222714313E-005  -2.0476958900594866E-004   1.0000000000000000E-002   1.2000000000000000E-002   1.0017144869429861        0.0000000000000000        1.0017144869429861        1.0000000000000000        6.9400066739805622E-310
   6.5005651869789433E-002   1.4829758765985504E-005  -2.4008161294819530E-004   1.0000000000000000E-002   1.2000000000000000E-002   1.0017165980088623        0.0000000000000000        1.0017165980088623        1.0000000000000000        6.9400066739805622E-310
   7.5006460825609370E-002   1.6952001903583336E-005  -2.7444755575256607E-004   1.0000000000000000E-002   1.2000000000000000E-002   1.0017190397441997        0.0000000000000000        1.0017190397441997        1.0000000000000000        6.9400066739805622E-310
   8.5007244291507716E-002   1.9007226272891489E-005  -3.0773188046939737E-004   1.0000000000000000E-002   1.2000000000000000E-002   1.0017218025302324        0.0000000000000000        1.0017218025302324        1.0000000000000000        6.9400066739805622E-310
   9.5007999176161193E-002   2.0987311351789678E-005  -3.3980321519955226E-004   1.0000000000000000E-002   1.2000000000000000E-002   1.0017248754818149        0.0000000000000000        1.0017248754818149        1.0000000000000000        6.9400066739805622E-310
  0.10500872250092101        2.2884434598649372E-005  -3.7053527978070377E-004   1.0000000000000000E-002   1.2000000000000000E-002   1.0017282464913981        0.0000000000000000        1.0017282464913981        1.0000000000000000        6.9400066739805622E-310
  0.11500941141153243        2.4691103649749473E-005  -3.9980672628914249E-004   1.0000000000000000E-002   1.2000000000000000E-002   1.0017319022764097        0.0000000000000000        1.0017319022764097        1.0000000000000000        6.9400066739805622E-310
  0.12501006318941504        2.6400184845140819E-005  -4.2750215777065392E-004   1.0000000000000000E-002   1.2000000000000000E-002   1.0017358284308262        0.0000000000000000        1.0017358284308262        1.0000000000000000        6.9400066739805622E-310
  0.13501067526237312        2.8004932153079044E-005  -4.5351221833289657E-004   1.0000000000000000E-002   1.2000000000000000E-002   1.0017400094820661        0.0000000000000000        1.0017400094820661        1.0000000000000000        6.9400066739805622E-310
  0.14501124521475695        2.9499013458882297E-005  -4.7773429688380276E-004   1.0000000000000000E-002   1.2000000000000000E-002   1.0017444289514343        0.0000000000000000        1.0017444289514343        1.0000000000000000        6.9400066739805622E-310
  0.15501177079699102        3.0876535293697342E-005  -5.0007277489694246E-004   1.0000000000000000E-002   1.2000000000000000E-002   1.0017490694193720        0.0000000000000000        1.0017490694193720        1.0000000000000000        6.9400066739805622E-310
  0.16501224993445091        3.2132067668365658E-005  -5.2043927021472314E-004   1.0000000000000000E-002   1.2000000000000000E-002   1.0017539125927724        0.0000000000000000        1.0017539125927724        1.0000000000000000        6.9400066739805622E-310
  0.17501268073567899        3.3260662699097709E-005  -5.3875352665144760E-004   1.0000000000000000E-002   1.2000000000000000E-002   1.0017589393778343        0.0000000000000000        1.0017589393778343        1.0000000000000000        6.9400066739805622E-310
  0.18501306149982782        3.4257876201307108E-005  -5.5494302855585431E-004   1.0000000000000000E-002   1.2000000000000000E-002   1.0017641299552991        0.0000000000000000        1.0017641299552991        1.0000000000000000        6.9400066739805622E-310
  0.19501339072339982        3.5119784169772343E-005  -5.6894369050830562E-004   1.0000000000000000E-002   1.2000000000000000E-002   1.0017694638570356        0.0000000000000000        1.0017694638570356        1.0000000000000000        6.9400066739805622E-310
  0.20501366710619756        3.5842998222229248E-005  -5.8070018821343439E-004   1.0000000000000000E-002   1.2000000000000000E-002   1.0017749200476853        0.0000000000000000        1.0017749200476853        1.0000000000000000        6.9400066739805622E-310
  0.21501388955645606        3.6424678670811141E-005  -5.9016585050297721E-004   1.0000000000000000E-002   1.2000000000000000E-002   1.0017804770071135        0.0000000000000000        1.0017804770071135        1.0000000000000000        6.9400066739805622E-310
  0.22501405719518183        3.6862546339563813E-005  -5.9730322173834338E-004   1.0000000000000000E-002   1.2000000000000000E-002   1.0017861128152008        0.0000000000000000        1.0017861128152008        1.0000000000000000        6.9400066739805622E-310
  0.23501416935962366        3.7154889498482354E-005  -6.0208385631721484E-004   1.0000000000000000E-002   1.2000000000000000E-002   1.0017918052383172        0.0000000000000000        1.0017918052383172        1.0000000000000000        6.9400066739805622E-310
  0.24501422560591693        3.7300572079320939E-005  -6.0448867001916540E-004   1.0000000000000000E-002   1.2000000000000000E-002   1.0017975318164509        0.0000000000000000        1.0017975318164509        1.0000000000000000        6.9400066739805622E-310
  0.25501422571085119        3.7299037418993464E-005  -6.0450793242505796E-004   1.0000000000000000E-002   1.2000000000000000E-002   1.0018032699520478        0.0000000000000000        1.0018032699520478        1.0000000000000000        6.9400066739805622E-310
  0.26501416967277358        3.7150309394509661E-005  -6.0214138678382767E-004   1.0000000000000000E-002   1.2000000000000000E-002   1.0018089969992841        0.0000000000000000        1.0018089969992841        1.0000000000000000        6.9400066739805622E-310
  0.27501405771160964        3.6854993051641105E-005  -5.9739813786130469E-004   1.0000000000000000E-002   1.2000000000000000E-002   1.0018146903535377        0.0000000000000000        1.0018146903535377        1.0000000000000000        6.9400066739805622E-310
  0.28501389026801421        3.6414271740504326E-005  -5.9029659410203550E-004   1.0000000000000000E-002   1.2000000000000000E-002   1.0018203275399489        0.0000000000000000        1.0018203275399489        1.0000000000000000        6.9400066739805622E-310
  0.29501366800166384        3.5829901232362229E-005  -5.8086470070062290E-004   1.0000000000000000E-002   1.2000000000000000E-002   1.0018258863028631        0.0000000000000000        1.0018258863028631        1.0000000000000000        6.9400066739805622E-310
  0.30501339178865478        3.5104203741648418E-005  -5.6913943758285512E-004   1.0000000000000000E-002   1.2000000000000000E-002   1.0018313446940510        0.0000000000000000        1.0018313446940510        1.0000000000000000        6.9400066739805622E-310
  0.31501306271806817        3.4240058425872719E-005  -5.5516682128864403E-004   1.0000000000000000E-002   1.2000000000000000E-002   1.0018366811584560        0.0000000000000000        1.0018366811584560        1.0000000000000000        6.9400066739805622E-310
  0.32501268208769779        3.3240888316037638E-005  -5.3900195509992699E-004   1.0000000000000000E-002   1.2000000000000000E-002   1.0018418746203719        0.0000000000000000        1.0018418746203719        1.0000000000000000        6.9400066739805622E-310
  0.33501225139892415        3.2110648335323913E-005  -5.2070838140583220E-004   1.0000000000000000E-002   1.2000000000000000E-002   1.0018469045665959        0.0000000000000000        1.0018469045665959        1.0000000000000000        6.9400066739805622E-310
  0.34501177235081965        3.0853809455191403E-005  -5.0035825435923442E-004   1.0000000000000000E-002   1.2000000000000000E-002   1.0018517511275056        0.0000000000000000        1.0018517511275056        1.0000000000000000        6.9400066739805622E-310
  0.35501124683343782        2.9475338818704313E-005  -4.7803167973281546E-004   1.0000000000000000E-002   1.2000000000000000E-002   1.0018563951557462        0.0000000000000000        1.0018563951557462        1.0000000000000000        6.9400066739805622E-310
  0.36501067692038147        2.7980681980138682E-005  -4.5381686123935339E-004   1.0000000000000000E-002   1.2000000000000000E-002   1.0018608183024444        0.0000000000000000        1.0018608183024444        1.0000000000000000        6.9400066739805622E-310
  0.37501006486060212        2.6375742026615432E-005  -4.2780923358964884E-004   1.0000000000000000E-002   1.2000000000000000E-002   1.0018650030901313        0.0000000000000000        1.0018650030901313        1.0000000000000000        6.9400066739805622E-310
  0.38500941306954134        2.4666853830617493E-005  -4.0011137560735932E-004   1.0000000000000000E-002   1.2000000000000000E-002   1.0018689329810422        0.0000000000000000        1.0018689329810422        1.0000000000000000        6.9400066739805622E-310
  0.39500872411960175        2.2860760240557320E-005  -3.7083266097504008E-004   1.0000000000000000E-002   1.2000000000000000E-002   1.0018725924433807        0.0000000000000000        1.0018725924433807        1.0000000000000000        6.9400066739805622E-310
  0.40500800072999099        2.0964585149735437E-005  -3.4008875517343995E-004   1.0000000000000000E-002   1.2000000000000000E-002   1.0018759670135364        0.0000000000000000        1.0018759670135364        1.0000000000000000        6.9400066739805622E-310
  0.41500724575597492        1.8985807135724581E-005  -3.0800089288440802E-004   1.0000000000000000E-002   1.2000000000000000E-002   1.0018790433524791        0.0000000000000000        1.0018790433524791        1.0000000000000000        6.9400066739805622E-310
  0.42500646217762617        1.6932227395644960E-005  -2.7469595928764079E-004   1.0000000000000000E-002   1.2000000000000000E-002   1.0018818092990782        0.0000000000000000        1.0018818092990782        1.0000000000000000        6.9400066739805622E-310
  0.43500565308803496        1.4811941138929455E-005  -2.4030551475195949E-004   1.0000000000000000E-002   1.2000000000000000E-002   1.0018842539192874        0.0000000000000000        1.0018842539192874        1.0000000000000000        6.9400066739805622E-310
  0.44500482168109173        1.2633303844751389E-005  -2.0496528194424712E-004   1.0000000000000000E-002   1.2000000000000000E-002   1.0018863675480556        0.0000000000000000        1.0018863675480556        1.0000000000000000        6.9400066739805622E-310
  0.45500397123888958        1.0404901036156744E-005  -1.6881505703203459E-004   1.0000000000000000E-002   1.2000000000000000E-002   1.0018881418286374        0.0000000000000000        1.0018881418286374        1.0000000000000000        6.9400066739805622E-310
  0.46500310511873266        8.1355122751215357E-006  -1.3199755814063963E-004   1.0000000000000000E-002   1.2000000000000000E-002   1.0018895697457650        0.0000000000000000        1.0018895697457650        1.0000000000000000        6.9400066739805622E-310
  0.47500222673989340        5.8340779542447612E-006  -9.4658417451931598E-005   1.0000000000000000E-002   1.2000000000000000E-002   1.0018906456534136        0.0000000000000000        1.0018906456534136        1.0000000000000000        6.9400066739805622E-310
  0.48500133957007990        3.5096640424803759E-006  -5.6945113438011674E-005   1.0000000000000000E-002   1.2000000000000000E-002   1.0018913652975061        0.0000000000000000        1.0018913652975061        1.0000000000000000        6.9400066739805622E-310
  0.49500044711174768        1.1714261665038226E-006  -1.9006738685156677E-005   1.0000000000000000E-002   1.2000000000000000E-002   1.0018917258323037        0.0000000000000000        1.0018917258323037        1.0000000000000000        6.9400066739805622E-310
  0.50499955288825105       -1.1714260699516978E-006   1.9006747461247642E-005   1.0000000000000000E-002   1.2000000000000000E-002   1.0018917258322617        0.0000000000000000        1.0018917258322617        1.0000000000000000        6.9400066739805622E-310
  0.51499866042991982       -3.5096637666338628E-006   5.6945102889116583E-005   1.0000000000000000E-002   1.2000000000000000E-002   1.0018913652974735        0.0000000000000000        1.0018913652974735        1.0000000000000000        6.9400066739805622E-310
  0.52499777326010599       -5.8340781973889272E-006   9.4658422161941758E-005   1.0000000000000000E-002   1.2000000000000000E-002   1.0018906456534074        0.0000000000000000        1.0018906456534074        1.0000000000000000        6.9400066739805622E-310
  0.53499689488126700       -8.1355125308124018E-006   1.3199756731641088E-004   1.0000000000000000E-002   1.2000000000000000E-002   1.0018895697456922        0.0000000000000000        1.0018895697456922        1.0000000000000000        6.9400066739805622E-310
  0.54499602876111131       -1.0404901184812254E-005   1.6881505755073078E-004   1.0000000000000000E-002   1.2000000000000000E-002   1.0018881418285341        0.0000000000000000        1.0018881418285341        1.0000000000000000        6.9400066739805622E-310
  0.55499517831890999       -1.2633303887096248E-005   2.0496527436808520E-004   1.0000000000000000E-002   1.2000000000000000E-002   1.0018863675479734        0.0000000000000000        1.0018863675479734        1.0000000000000000        6.9400066739805622E-310
  0.56499434691196804       -1.4811940880536740E-005   2.4030545681963389E-004   1.0000000000000000E-002   1.2000000000000000E-002   1.0018842539195005        0.0000000000000000        1.0018842539195005        1.0000000000000000        6.9400066739805622E-310
  0.57499353782237106       -1.6932227192579735E-005   2.7469599954699220E-004   1.0000000000000000E-002   1.2000000000000000E-002   1.0018818092993829        0.0000000000000000        1.0018818092993829        1.0000000000000000        6.9400066739805622E-310
  0.58499275424402131       -1.8985807220834089E-005   3.0800092706151361E-004   1.0000000000000000E-002   1.2000000000000000E-002   1.0018790433524307        0.0000000000000000        1.0018790433524307        1.0000000000000000        6.9400066739805622E-310
  0.59499199927000790       -2.0964585080885807E-005   3.4008872026181081E-004   1.0000000000000000E-002   1.2000000000000000E-002   1.0018759670135080        0.0000000000000000        1.0018759670135080        1.0000000000000000        6.9400066739805622E-310
  0.60499127588039503       -2.2860760230554464E-005   3.7083268553939064E-004   1.0000000000000000E-002   1.2000000000000000E-002   1.0018725924433913        0.0000000000000000        1.0018725924433913        1.0000000000000000        6.9400066739805622E-310
  0.61499058693045705       -2.4666853584432714E-005   4.0011137687034903E-004   1.0000000000000000E-002   1.2000000000000000E-002   1.0018689329809363        0.0000000000000000        1.0018689329809363        1.0000000000000000        6.9400066739805622E-310
  0.62498993513939693       -2.6375742365367462E-005   4.2780922875262917E-004   1.0000000000000000E-002   1.2000000000000000E-002   1.0018650030900358        0.0000000000000000        1.0018650030900358        1.0000000000000000        6.9400066739805622E-310
  0.63498932307961919       -2.7980682179508696E-005   4.5381681542000507E-004   1.0000000000000000E-002   1.2000000000000000E-002   1.0018608183025828        0.0000000000000000        1.0018608183025828        1.0000000000000000        6.9400066739805622E-310
  0.64498875316655802       -2.9475338757587575E-005   4.7803173631422169E-004   1.0000000000000000E-002   1.2000000000000000E-002   1.0018563951558308        0.0000000000000000        1.0018563951558308        1.0000000000000000        6.9400066739805622E-310
  0.65498822764917908       -3.0853809098773126E-005   5.0035824995919853E-004   1.0000000000000000E-002   1.2000000000000000E-002   1.0018517511273579        0.0000000000000000        1.0018517511273579        1.0000000000000000        6.9400066739805622E-310
  0.66498774860107490       -3.2110648708298283E-005   5.2070839602436081E-004   1.0000000000000000E-002   1.2000000000000000E-002   1.0018469045664056        0.0000000000000000        1.0018469045664056        1.0000000000000000        6.9400066739805622E-310
  0.67498731791230493       -3.3240888213883438E-005   5.3900190904165868E-004   1.0000000000000000E-002   1.2000000000000000E-002   1.0018418746203162        0.0000000000000000        1.0018418746203162        1.0000000000000000        6.9400066739805622E-310
  0.68498693728193194       -3.4240058160674889E-005   5.5516684711243158E-004   1.0000000000000000E-002   1.2000000000000000E-002   1.0018366811585036        0.0000000000000000        1.0018366811585036        1.0000000000000000        6.9400066739805622E-310
  0.69498660821134661       -3.5104204116211883E-005   5.6913943045344695E-004   1.0000000000000000E-002   1.2000000000000000E-002   1.0018313446939937        0.0000000000000000        1.0018313446939937        1.0000000000000000        6.9400066739805622E-310
  0.70498633199833793       -3.5829901205934970E-005   5.8086467627571636E-004   1.0000000000000000E-002   1.2000000000000000E-002   1.0018258863029681        0.0000000000000000        1.0018258863029681        1.0000000000000000        6.9400066739805622E-310
  0.71498610973198462       -3.6414271572977201E-005   5.9029664052445696E-004   1.0000000000000000E-002   1.2000000000000000E-002   1.0018203275399524        0.0000000000000000        1.0018203275399524        1.0000000000000000        6.9400066739805622E-310
  0.72498594228839197       -3.6854992983255473E-005   5.9739812021852856E-004   1.0000000000000000E-002   1.2000000000000000E-002   1.0018146903533973        0.0000000000000000        1.0018146903533973        1.0000000000000000        6.9400066739805622E-310
  0.73498583032722875       -3.7150309381748466E-005   6.0214135339631270E-004   1.0000000000000000E-002   1.2000000000000000E-002   1.0018089969993962        0.0000000000000000        1.0018089969993962        1.0000000000000000        6.9400066739805622E-310
  0.74498577428914758       -3.7299037643583918E-005   6.0450797917965815E-004   1.0000000000000000E-002   1.2000000000000000E-002   1.0018032699520873        0.0000000000000000        1.0018032699520873        1.0000000000000000        6.9400066739805622E-310
  0.75498577439408465       -3.7300572176094833E-005   6.0448863786621843E-004   1.0000000000000000E-002   1.2000000000000000E-002   1.0017975318164223        0.0000000000000000        1.0017975318164223        1.0000000000000000        6.9400066739805622E-310
  0.76498583064037617       -3.7154889157531366E-005   6.0208384730309206E-004   1.0000000000000000E-002   1.2000000000000000E-002   1.0017918052384847        0.0000000000000000        1.0017918052384847        1.0000000000000000        6.9400066739805622E-310
  0.77498594280481603       -3.6862546559313040E-005   5.9730323605045044E-004   1.0000000000000000E-002   1.2000000000000000E-002   1.0017861128153269        0.0000000000000000        1.0017861128153269        1.0000000000000000        6.9400066739805622E-310
  0.78498611044354116       -3.6424678737827683E-005   5.9016587348725835E-004   1.0000000000000000E-002   1.2000000000000000E-002   1.0017804770070853        0.0000000000000000        1.0017804770070853        1.0000000000000000        6.9400066739805622E-310
  0.79498633289380072       -3.5842998096803869E-005   5.8070021170220087E-004   1.0000000000000000E-002   1.2000000000000000E-002   1.0017749200474411        0.0000000000000000        1.0017749200474411        1.0000000000000000        6.9400066739805622E-310
  0.80498660927660270       -3.5119784035577896E-005   5.6894364960502486E-004   1.0000000000000000E-002   1.2000000000000000E-002   1.0017694638568735        0.0000000000000000        1.0017694638568735        1.0000000000000000        6.9400066739805622E-310
  0.81498693850017379       -3.4257876211518707E-005   5.5494302634517823E-004   1.0000000000000000E-002   1.2000000000000000E-002   1.0017641299553262        0.0000000000000000        1.0017641299553262        1.0000000000000000        6.9400066739805622E-310
  0.82498731926432278       -3.3260662688177482E-005   5.3875351576238018E-004   1.0000000000000000E-002   1.2000000000000000E-002   1.0017589393779196        0.0000000000000000        1.0017589393779196        1.0000000000000000        6.9400066739805622E-310
  0.83498775006554882       -3.2132067897253808E-005   5.2043930104606062E-004   1.0000000000000000E-002   1.2000000000000000E-002   1.0017539125927784        0.0000000000000000        1.0017539125927784        1.0000000000000000        6.9400066739805622E-310
  0.84498822920301064       -3.0876535486630766E-005   5.0007275542363061E-004   1.0000000000000000E-002   1.2000000000000000E-002   1.0017490694193150        0.0000000000000000        1.0017490694193150        1.0000000000000000        6.9400066739805622E-310
  0.85498875478524439       -2.9499013357415614E-005   4.7773427629937970E-004   1.0000000000000000E-002   1.2000000000000000E-002   1.0017444289515716        0.0000000000000000        1.0017444289515716        1.0000000000000000        6.9400066739805622E-310
  0.86498932473762535       -2.8004931885291303E-005   4.5351225266809791E-004   1.0000000000000000E-002   1.2000000000000000E-002   1.0017400094821296        0.0000000000000000        1.0017400094821296        1.0000000000000000        6.9400066739805622E-310
  0.87498993681058501       -2.6400185094367538E-005   4.2750214811348997E-004   1.0000000000000000E-002   1.2000000000000000E-002   1.0017358284307822        0.0000000000000000        1.0017358284307822        1.0000000000000000        6.9400066739805622E-310
  0.88499058858846713       -2.4691103468945690E-005   3.9980673276307499E-004   1.0000000000000000E-002   1.2000000000000000E-002   1.0017319022763804        0.0000000000000000        1.0017319022763804        1.0000000000000000        6.9400066739805622E-310
  0.89499127749907958       -2.2884434656497521E-005   3.7053527202957071E-004   1.0000000000000000E-002   1.2000000000000000E-002   1.0017282464913764        0.0000000000000000        1.0017282464913764        1.0000000000000000        6.9400066739805622E-310
  0.90499200082383868       -2.0987311314127886E-005   3.3980323211402208E-004   1.0000000000000000E-002   1.2000000000000000E-002   1.0017248754817507        0.0000000000000000        1.0017248754817507        1.0000000000000000        6.9400066739805622E-310
  0.91499275570849437       -1.9007226287112745E-005   3.0773184163024325E-004   1.0000000000000000E-002   1.2000000000000000E-002   1.0017218025302597        0.0000000000000000        1.0017218025302597        1.0000000000000000        6.9400066739805622E-310
  0.92499353917439009       -1.6952001817972889E-005   2.7444756799965830E-004   1.0000000000000000E-002   1.2000000000000000E-002   1.0017190397443634        0.0000000000000000        1.0017190397443634        1.0000000000000000        6.9400066739805622E-310
  0.93499434813020876       -1.4829758956634113E-005   2.4008164533118048E-004   1.0000000000000000E-002   1.2000000000000000E-002   1.0017165980088014        0.0000000000000000        1.0017165980088014        1.0000000000000000        6.9400066739805622E-310
  0.94499517938416300       -1.2648884068855313E-005   2.0476955691783871E-004   1.0000000000000000E-002   1.2000000000000000E-002   1.0017144869429473        0.0000000000000000        1.0017144869429473        1.0000000000000000        6.9400066739805622E-310
  0.95499602965657693       -1.0417998170527921E-005   1.6865053809222985E-004   1.0000000000000000E-002   1.2000000000000000E-002   1.0017127148628138        0.0000000000000000        1.0017127148628138        1.0000000000000000        6.9400066739805622E-310
  0.96499689559282498       -8.1459196308997934E-006   1.3186679518994993E-004   1.0000000000000000E-002   1.2000000000000000E-002   1.0017112887493067        0.0000000000000000        1.0017112887493067        1.0000000000000000        6.9400066739805622E-310
  0.97499777377653085       -5.8416310629858908E-006   9.4563534727143406E-005   1.0000000000000000E-002   1.2000000000000000E-002   1.0017102142199110        0.0000000000000000        1.0017102142199110        1.0000000000000000        6.9400066739805622E-310
  0.98499866074306719       -3.5142441966126441E-006   5.6887602876365406E-005   1.0000000000000000E-002   1.2000000000000000E-002   1.0017094955067158        0.0000000000000000        1.0017094955067158        1.0000000000000000        6.9400066739805622E-310
  0.99499955299318599       -1.1729608270304988E-006   1.8987470550513308E-005   1.0000000000000000E-002   1.2000000000000000E-002   1.0017091354409553        0.0000000000000000        1.0017091354409553        1.0000000000000000        6.9400066739805622E-310
   1.0050004470068161        1.1729552968078084E-006  -1.8865332557460590E-005   1.0000000000000000E-002   1.2000000000000000E-002   1.0017091354411314        0.0000000000000000        1.0017091354411314        1.0000000000000000        6.9400066739805622E-310
   1.0150013392569308        3.5142275130012802E-006  -5.6521531511144474E-005   1.0000000000000000E-002   1.2000000000000000E-002   1.0017094955068191        0.0000000000000000        1.0017094955068191        1.0000000000000000        6.9400066739805622E-310
   1.0250022262234688        5.8416037397201688E-006  -9.3955102354215114E-005   1.0000000000000000E-002   1.2000000000000000E-002   1.0017102142197063        0.0000000000000000        1.0017102142197063        1.0000000000000000        6.9400066739805622E-310
   1.0350031044071779        8.1458810156447552E-006  -1.3101845875596041E-004   1.0000000000000000E-002   1.2000000000000000E-002   1.0017112887493309        0.0000000000000000        1.0017112887493309        1.0000000000000000        6.9400066739805622E-310
   1.0450039703434220        1.0417949024886863E-005  -1.6756549108887242E-004   1.0000000000000000E-002   1.2000000000000000E-002   1.0017127148628961        0.0000000000000000        1.0017127148628961        1.0000000000000000        6.9400066739805622E-310
  -5.0004470068140128E-003  -1.1731074322597885E-006  -3.5767633061438002E+077   1.0000000000000000E-002   1.2000000000000000E-002   1.0017091354409553        0.0000000000000000        1.0017091354409553        1.0000000000000000        6.9400066739805622E-310
  -1.5001339256932811E-002  -3.5146834312580991E-006   0.0000000000000000        1.0000000000000000E-002   1.2000000000000000E-002   1.0017094955067158        0.0000000000000000        1.0017094955067158        1.0000000000000000        6.9400066739805622E-310
  -2.5002226223469148E-002  -5.8423611516793920E-006  -3.5767633061438002E+077   1.0000000000000000E-002   1.2000000000000000E-002   1.0017102142199110        0.0000000000000000        1.0017102142199110        1.0000000000000000        6.9400066739805622E-310
  -3.5003104407175023E-002  -8.1469377131220521E-006   6.9400068546417920E-310   1.0000000000000000E-002   1.2000000000000000E-002   1.0017112887493067        0.0000000000000000        1.0017112887493067        1.0000000000000000        6.9400066739805622E-310
  -4.5003970343423072E-002  -1.0419300180572234E-005   6.9400066883177543E-310   1.0000000000000000E-002   1.2000000000000000E-002   1.0017127148628138        0.0000000000000000        1.0017127148628138        1.0000000000000000        6.9400066739805622E-310
