 # x, v, a, m, h, rho, u, P, c, ke
   1.7519999999999800     
   4.9995610848652386E-003   1.2962592543161828E-006   1.8648511221464048E-005   1.0000000000000000E-002   1.2000000000000000E-002   1.0018900517337894        0.0000000000000000        1.0018900517337894        1.0000000000000000        6.9400066739805622E-310
   1.4998684986493784E-002   3.8836592071461544E-006   5.5871978034360836E-005   1.0000000000000000E-002   1.2000000000000000E-002   1.0018896979941623        0.0000000000000000        1.0018896979941623        1.0000000000000000        6.9400066739805622E-310
   2.4997814076983833E-002   6.4557241452632736E-006   9.2875063670838642E-005   1.0000000000000000E-002   1.2000000000000000E-002   1.0018889919107554        0.0000000000000000        1.0018889919107554        1.0000000000000000        6.9400066739805622E-310
   3.4996951792834685E-002   9.0022974591103434E-006   1.2951181853360083E-004   1.0000000000000000E-002   1.2000000000000000E-002   1.0018879362698363        0.0000000000000000        1.0018879362698363        1.0000000000000000        6.9400066739805622E-310
   4.4996101536527680E-002   1.1513324377457329E-005   1.6563777074107833E-004   1.0000000000000000E-002   1.2000000000000000E-002   1.0018865352367960        0.0000000000000000        1.0018865352367960        1.0000000000000000        6.9400066739805622E-310
   5.4995266663112004E-002   1.3978889787192598E-005   2.0111036125847193E-004   1.0000000000000000E-002   1.2000000000000000E-002   1.0018847943400635        0.0000000000000000        1.0018847943400635        1.0000000000000000        6.9400066739805622E-310
   6.4994450466964102E-002   1.6389259006282640E-005   2.3578969338267086E-004   1.0000000000000000E-002   1.2000000000000000E-002   1.0018827204493326        0.0000000000000000        1.0018827204493326        1.0000000000000000        6.9400066739805622E-310
   7.4993656168798190E-002   1.8734915454859159E-005   2.6953898524872955E-004   1.0000000000000000E-002   1.2000000000000000E-002   1.0018803217480867        0.0000000000000000        1.0018803217480867        1.0000000000000000        6.9400066739805622E-310
   8.4992886902963735E-002   2.1006598165134058E-005   3.0222508553556793E-004   1.0000000000000000E-002   1.2000000000000000E-002   1.0018776077015277        0.0000000000000000        1.0018776077015277        1.0000000000000000        6.9400066739805622E-310
   9.4992145705080647E-002   2.3195338922959041E-005   3.3371901456469288E-004   1.0000000000000000E-002   1.2000000000000000E-002   1.0018745890194294        0.0000000000000000        1.0018745890194294        1.0000000000000000        6.9400066739805622E-310
  0.10499143550006136        2.5292497705978669E-005   3.6389652938062511E-004   1.0000000000000000E-002   1.2000000000000000E-002   1.0018712776138081        0.0000000000000000        1.0018712776138081        1.0000000000000000        6.9400066739805622E-310
  0.11499075909057210        2.7289795994896759E-005   3.9263861300664615E-004   1.0000000000000000E-002   1.2000000000000000E-002   1.0018676865515415        0.0000000000000000        1.0018676865515415        1.0000000000000000        6.9400066739805622E-310
  0.12499011914598185        2.9179350270385426E-005   4.1983178451854286E-004   1.0000000000000000E-002   1.2000000000000000E-002   1.0018638300031799        0.0000000000000000        1.0018638300031799        1.0000000000000000        6.9400066739805622E-310
  0.13498951819182134        3.0953703167286001E-005   4.4536873121003850E-004   1.0000000000000000E-002   1.2000000000000000E-002   1.0018597231873065        0.0000000000000000        1.0018597231873065        1.0000000000000000        6.9400066739805622E-310
  0.14498895859981700        3.2605852514359389E-005   4.6914871820202819E-004   1.0000000000000000E-002   1.2000000000000000E-002   1.0018553823099323        0.0000000000000000        1.0018553823099323        1.0000000000000000        6.9400066739805622E-310
  0.15498844257853645        3.4129279018784434E-005   4.9107784170487889E-004   1.0000000000000000E-002   1.2000000000000000E-002   1.0018508245007705        0.0000000000000000        1.0018508245007705        1.0000000000000000        6.9400066739805622E-310
  0.16498797216466546        3.5517971855045915E-005   5.1106952665858074E-004   1.0000000000000000E-002   1.2000000000000000E-002   1.0018460677459240        0.0000000000000000        1.0018460677459240        1.0000000000000000        6.9400066739805622E-310
  0.17498754921496709        3.6766453074004617E-005   5.2904486394211858E-004   1.0000000000000000E-002   1.2000000000000000E-002   1.0018411308166069        0.0000000000000000        1.0018411308166069        1.0000000000000000        6.9400066739805622E-310
  0.18498717539895301        3.7869798389225770E-005   5.4493284894174820E-004   1.0000000000000000E-002   1.2000000000000000E-002   1.0018360331951845        0.0000000000000000        1.0018360331951845        1.0000000000000000        6.9400066739805622E-310
  0.19498685219228656        3.8823657021432449E-005   5.5867073720783367E-004   1.0000000000000000E-002   1.2000000000000000E-002   1.0018307949983363        0.0000000000000000        1.0018307949983363        1.0000000000000000        6.9400066739805622E-310
  0.20498658087095586        3.9624268263699075E-005   5.7020422488207601E-004   1.0000000000000000E-002   1.2000000000000000E-002   1.0018254368977380        0.0000000000000000        1.0018254368977380        1.0000000000000000        6.9400066739805622E-310
  0.21498636250622646        4.0268477116408361E-005   5.7948777364735804E-004   1.0000000000000000E-002   1.2000000000000000E-002   1.0018199800383119        0.0000000000000000        1.0018199800383119        1.0000000000000000        6.9400066739805622E-310
  0.22498619796041366        4.0753746085110658E-005   5.8648460574151073E-004   1.0000000000000000E-002   1.2000000000000000E-002   1.0018144459549900        0.0000000000000000        1.0018144459549900        1.0000000000000000        6.9400066739805622E-310
  0.23498608788346143        4.1078165000921308E-005   5.9116707501516430E-004   1.0000000000000000E-002   1.2000000000000000E-002   1.0018088564877521        0.0000000000000000        1.0018088564877521        1.0000000000000000        6.9400066739805622E-310
  0.24498603271037581        4.1240458775788753E-005   5.9351660916728832E-004   1.0000000000000000E-002   1.2000000000000000E-002   1.0018032336951717        0.0000000000000000        1.0018032336951717        1.0000000000000000        6.9400066739805622E-310
  0.25498603265949621        4.1239992631409133E-005   5.9352385334943136E-004   1.0000000000000000E-002   1.2000000000000000E-002   1.0017975997675890        0.0000000000000000        1.0017975997675890        1.0000000000000000        6.9400066739805622E-310
  0.26498608773162585        4.1076773857652490E-005   5.9118867859631052E-004   1.0000000000000000E-002   1.2000000000000000E-002   1.0017919769395578        0.0000000000000000        1.0017919769395578        1.0000000000000000        6.9400066739805622E-310
  0.27498619771001609        4.0751451928052113E-005   5.8652024883443232E-004   1.0000000000000000E-002   1.2000000000000000E-002   1.0017863874019437        0.0000000000000000        1.0017863874019437        1.0000000000000000        6.9400066739805622E-310
  0.28498636216121787        4.0265316257231207E-005   5.7953685559386514E-004   1.0000000000000000E-002   1.2000000000000000E-002   1.0017808532145220        0.0000000000000000        1.0017808532145220        1.0000000000000000        6.9400066739805622E-310
  0.29498658043677561        3.9620290294440575E-005   5.7026601378673547E-004   1.0000000000000000E-002   1.2000000000000000E-002   1.0017753962188860        0.0000000000000000        1.0017753962188860        1.0000000000000000        6.9400066739805622E-310
  0.30498685167578393        3.8818924712854378E-005   5.5874420527590729E-004   1.0000000000000000E-002   1.2000000000000000E-002   1.0017700379521688        0.0000000000000000        1.0017700379521688        1.0000000000000000        6.9400066739805622E-310
  0.31498717480827049        3.7864386569282107E-005   5.4501690092934041E-004   1.0000000000000000E-002   1.2000000000000000E-002   1.0017647995618786        0.0000000000000000        1.0017647995618786        1.0000000000000000        6.9400066739805622E-310
  0.32498754855942114        3.6760446979477242E-005   5.2913814709043550E-004   1.0000000000000000E-002   1.2000000000000000E-002   1.0017597017225572        0.0000000000000000        1.0017597017225572        1.0000000000000000        6.9400066739805622E-310
  0.33498797145459508        3.5511466226880832E-005   5.1117056017968565E-004   1.0000000000000000E-002   1.2000000000000000E-002   1.0017547645545155        0.0000000000000000        1.0017547645545155        1.0000000000000000        6.9400066739805622E-310
  0.34498844182513960        3.4122376347697008E-005   4.9118504284528797E-004   1.0000000000000000E-002   1.2000000000000000E-002   1.0017500075438472        0.0000000000000000        1.0017500075438472        1.0000000000000000        6.9400066739805622E-310
  0.35498895781497602        3.2598661901529980E-005   4.6926037339378723E-004   1.0000000000000000E-002   1.2000000000000000E-002   1.0017454494658800        0.0000000000000000        1.0017454494658800        1.0000000000000000        6.9400066739805622E-310
  0.36498951738791124        3.0946337788648233E-005   4.4548313616488144E-004   1.0000000000000000E-002   1.2000000000000000E-002   1.0017411083107985        0.0000000000000000        1.0017411083107985        1.0000000000000000        6.9400066739805622E-310
  0.37499011833568324        2.9171926291244360E-005   4.1994707764558825E-004   1.0000000000000000E-002   1.2000000000000000E-002   1.0017370012126858        0.0000000000000000        1.0017370012126858        1.0000000000000000        6.9400066739805622E-310
  0.38499075828666363        2.7282430667864832E-005   3.9275298276741921E-004   1.0000000000000000E-002   1.2000000000000000E-002   1.0017331443822590        0.0000000000000000        1.0017331443822590        1.0000000000000000        6.9400066739805622E-310
  0.39499143471521919        2.5285306888722875E-005   3.6400822042015335E-004   1.0000000000000000E-002   1.2000000000000000E-002   1.0017295530422754        0.0000000000000000        1.0017295530422754        1.0000000000000000        6.9400066739805622E-310
  0.40499214495168451        2.3188436402386727E-005   3.3382621636057763E-004   1.0000000000000000E-002   1.2000000000000000E-002   1.0017262413676851        0.0000000000000000        1.0017262413676851        1.0000000000000000        6.9400066739805622E-310
  0.41499288619289509        2.1000092523650260E-005   3.0232610946612226E-004   1.0000000000000000E-002   1.2000000000000000E-002   1.0017232224298109        0.0000000000000000        1.0017232224298109        1.0000000000000000        6.9400066739805622E-310
  0.42499365551325480        1.8728909345955043E-005   2.6963223890064114E-004   1.0000000000000000E-002   1.2000000000000000E-002   1.0017205081446947        0.0000000000000000        1.0017205081446947        1.0000000000000000        6.9400066739805622E-310
  0.43499444987628155        1.6383847177247535E-005   2.3587376063183285E-004   1.0000000000000000E-002   1.2000000000000000E-002   1.0017181092256227        0.0000000000000000        1.0017181092256227        1.0000000000000000        6.9400066739805622E-310
  0.44499526614660845        1.3974157568616119E-005   2.0118385044920473E-004   1.0000000000000000E-002   1.2000000000000000E-002   1.0017160351412742        0.0000000000000000        1.0017160351412742        1.0000000000000000        6.9400066739805622E-310
  0.45499610110234817        1.1509346476886177E-005   1.6569954228540240E-004   1.0000000000000000E-002   1.2000000000000000E-002   1.0017142940784205        0.0000000000000000        1.0017142940784205        1.0000000000000000        6.9400066739805622E-310
  0.46499695144782549        8.9991365632474197E-006   1.2956092787064222E-004   1.0000000000000000E-002   1.2000000000000000E-002   1.0017128929091161        0.0000000000000000        1.0017128929091161        1.0000000000000000        6.9400066739805622E-310
  0.47499781382658862        6.4534299985122869E-006   9.2910677246038631E-005   1.0000000000000000E-002   1.2000000000000000E-002   1.0017118371641067        0.0000000000000000        1.0017118371641067        1.0000000000000000        6.9400066739805622E-310
  0.48499868483465908        3.8822681141443101E-006   5.5893597224354608E-005   1.0000000000000000E-002   1.2000000000000000E-002   1.0017111310103997        0.0000000000000000        1.0017111310103997        1.0000000000000000        6.9400066739805622E-310
  0.49499956103398768        1.2957931283292944E-006   1.8655734781880540E-005   1.0000000000000000E-002   1.2000000000000000E-002   1.0017107772353244        0.0000000000000000        1.0017107772353244        1.0000000000000000        6.9400066739805622E-310
  0.50500043896601388       -1.2957930998379271E-006  -1.8655757619612245E-005   1.0000000000000000E-002   1.2000000000000000E-002   1.0017107772354352        0.0000000000000000        1.0017107772354352        1.0000000000000000        6.9400066739805622E-310
  0.51500131516533976       -3.8822683283590924E-006  -5.5893561683895143E-005   1.0000000000000000E-002   1.2000000000000000E-002   1.0017111310104414        0.0000000000000000        1.0017111310104414        1.0000000000000000        6.9400066739805622E-310
  0.52500218617341210       -6.4534298212652691E-006  -9.2910691837921888E-005   1.0000000000000000E-002   1.2000000000000000E-002   1.0017118371640563        0.0000000000000000        1.0017118371640563        1.0000000000000000        6.9400066739805622E-310
  0.53500304855217462       -8.9991365340750544E-006  -1.2956092582250278E-004   1.0000000000000000E-002   1.2000000000000000E-002   1.0017128929091303        0.0000000000000000        1.0017128929091303        1.0000000000000000        6.9400066739805622E-310
  0.54500389889765211       -1.1509346523195803E-005  -1.6569954398715225E-004   1.0000000000000000E-002   1.2000000000000000E-002   1.0017142940784196        0.0000000000000000        1.0017142940784196        1.0000000000000000        6.9400066739805622E-310
  0.55500473385339177       -1.3974157351202758E-005  -2.0118385069434197E-004   1.0000000000000000E-002   1.2000000000000000E-002   1.0017160351412937        0.0000000000000000        1.0017160351412937        1.0000000000000000        6.9400066739805622E-310
  0.56500555012371811       -1.6383847362495653E-005  -2.3587374229983027E-004   1.0000000000000000E-002   1.2000000000000000E-002   1.0017181092255529        0.0000000000000000        1.0017181092255529        1.0000000000000000        6.9400066739805622E-310
  0.57500634448674703       -1.8728909411068929E-005  -2.6963226527332296E-004   1.0000000000000000E-002   1.2000000000000000E-002   1.0017205081446676        0.0000000000000000        1.0017205081446676        1.0000000000000000        6.9400066739805622E-310
  0.58500711380710513       -2.1000092458038789E-005  -3.0232609732117055E-004   1.0000000000000000E-002   1.2000000000000000E-002   1.0017232224298467        0.0000000000000000        1.0017232224298467        1.0000000000000000        6.9400066739805622E-310
  0.59500785504831655       -2.3188436392628135E-005  -3.3382623403266365E-004   1.0000000000000000E-002   1.2000000000000000E-002   1.0017262413677408        0.0000000000000000        1.0017262413677408        1.0000000000000000        6.9400066739805622E-310
  0.60500856528477998       -2.5285307099665467E-005  -3.6400820668802680E-004   1.0000000000000000E-002   1.2000000000000000E-002   1.0017295530423580        0.0000000000000000        1.0017295530423580        1.0000000000000000        6.9400066739805622E-310
  0.61500924171333560       -2.7282430404122692E-005  -3.9275298116248081E-004   1.0000000000000000E-002   1.2000000000000000E-002   1.0017331443822590        0.0000000000000000        1.0017331443822590        1.0000000000000000        6.9400066739805622E-310
  0.62500988166431615       -2.9171926416525388E-005  -4.1994708118675561E-004   1.0000000000000000E-002   1.2000000000000000E-002   1.0017370012127074        0.0000000000000000        1.0017370012127074        1.0000000000000000        6.9400066739805622E-310
  0.63501048261208726       -3.0946337847364205E-005  -4.4548310473491171E-004   1.0000000000000000E-002   1.2000000000000000E-002   1.0017411083106889        0.0000000000000000        1.0017411083106889        1.0000000000000000        6.9400066739805622E-310
  0.64501104218502570       -3.2598661824561370E-005  -4.6926040080830234E-004   1.0000000000000000E-002   1.2000000000000000E-002   1.0017454494657514        0.0000000000000000        1.0017454494657514        1.0000000000000000        6.9400066739805622E-310
  0.65501155817486179       -3.4122376297462031E-005  -4.9118505847545180E-004   1.0000000000000000E-002   1.2000000000000000E-002   1.0017500075439147        0.0000000000000000        1.0017500075439147        1.0000000000000000        6.9400066739805622E-310
  0.66501202854540509       -3.5511466079652235E-005  -5.1117056093996638E-004   1.0000000000000000E-002   1.2000000000000000E-002   1.0017547645546514        0.0000000000000000        1.0017547645546514        1.0000000000000000        6.9400066739805622E-310
  0.67501245144057731       -3.6760447184257411E-005  -5.2913811980914716E-004   1.0000000000000000E-002   1.2000000000000000E-002   1.0017597017225826        0.0000000000000000        1.0017597017225826        1.0000000000000000        6.9400066739805622E-310
  0.68501282519172912       -3.7864386648289810E-005  -5.4501689970720690E-004   1.0000000000000000E-002   1.2000000000000000E-002   1.0017647995617696        0.0000000000000000        1.0017647995617696        1.0000000000000000        6.9400066739805622E-310
  0.69501314832421712       -3.8818924699391934E-005  -5.5874423343826862E-004   1.0000000000000000E-002   1.2000000000000000E-002   1.0017700379521872        0.0000000000000000        1.0017700379521872        1.0000000000000000        6.9400066739805622E-310
  0.70501341956322350       -3.9620290348334273E-005  -5.7026599992848759E-004   1.0000000000000000E-002   1.2000000000000000E-002   1.0017753962189633        0.0000000000000000        1.0017753962189633        1.0000000000000000        6.9400066739805622E-310
  0.71501363783878147       -4.0265316090749781E-005  -5.7953685565781399E-004   1.0000000000000000E-002   1.2000000000000000E-002   1.0017808532145374        0.0000000000000000        1.0017808532145374        1.0000000000000000        6.9400066739805622E-310
  0.72501380228998280       -4.0751452049649995E-005  -5.8652024283034621E-004   1.0000000000000000E-002   1.2000000000000000E-002   1.0017863874019333        0.0000000000000000        1.0017863874019333        1.0000000000000000        6.9400066739805622E-310
  0.73501391226837376       -4.1076773749910204E-005  -5.9118868745944297E-004   1.0000000000000000E-002   1.2000000000000000E-002   1.0017919769395611        0.0000000000000000        1.0017919769395611        1.0000000000000000        6.9400066739805622E-310
  0.74501396734050251       -4.1239992757907256E-005  -5.9352383628041849E-004   1.0000000000000000E-002   1.2000000000000000E-002   1.0017975997675528        0.0000000000000000        1.0017975997675528        1.0000000000000000        6.9400066739805622E-310
  0.75501396728962455       -4.1240458666189005E-005  -5.9351662197393296E-004   1.0000000000000000E-002   1.2000000000000000E-002   1.0018032336951166        0.0000000000000000        1.0018032336951166        1.0000000000000000        6.9400066739805622E-310
  0.76501391211653846       -4.1078165153756727E-005  -5.9116706901463090E-004   1.0000000000000000E-002   1.2000000000000000E-002   1.0018088564877285        0.0000000000000000        1.0018088564877285        1.0000000000000000        6.9400066739805622E-310
  0.77501380203958714       -4.0753746018928613E-005  -5.8648461702937027E-004   1.0000000000000000E-002   1.2000000000000000E-002   1.0018144459549896        0.0000000000000000        1.0018144459549896        1.0000000000000000        6.9400066739805622E-310
  0.78501363749377340       -4.0268477092482946E-005  -5.7948776305671856E-004   1.0000000000000000E-002   1.2000000000000000E-002   1.0018199800383147        0.0000000000000000        1.0018199800383147        1.0000000000000000        6.9400066739805622E-310
  0.79501341912904488       -3.9624268246068274E-005  -5.7020423621345628E-004   1.0000000000000000E-002   1.2000000000000000E-002   1.0018254368977444        0.0000000000000000        1.0018254368977444        1.0000000000000000        6.9400066739805622E-310
  0.80501314780771316       -3.8823656987682191E-005  -5.5867072486481817E-004   1.0000000000000000E-002   1.2000000000000000E-002   1.0018307949983396        0.0000000000000000        1.0018307949983396        1.0000000000000000        6.9400066739805622E-310
  0.81501282460104763       -3.7869798449031426E-005  -5.4493285539791714E-004   1.0000000000000000E-002   1.2000000000000000E-002   1.0018360331951606        0.0000000000000000        1.0018360331951606        1.0000000000000000        6.9400066739805622E-310
  0.82501245078503316       -3.6766453027629977E-005  -5.2904485893190412E-004   1.0000000000000000E-002   1.2000000000000000E-002   1.0018411308165895        0.0000000000000000        1.0018411308165895        1.0000000000000000        6.9400066739805622E-310
  0.83501202783533557       -3.5517971843090925E-005  -5.1106953983914849E-004   1.0000000000000000E-002   1.2000000000000000E-002   1.0018460677459422        0.0000000000000000        1.0018460677459422        1.0000000000000000        6.9400066739805622E-310
  0.84501155742146339       -3.4129278875658282E-005  -4.9107782719470805E-004   1.0000000000000000E-002   1.2000000000000000E-002   1.0018508245007871        0.0000000000000000        1.0018508245007871        1.0000000000000000        6.9400066739805622E-310
  0.85501104140018358       -3.2605852568076572E-005  -4.6914872034875543E-004   1.0000000000000000E-002   1.2000000000000000E-002   1.0018553823098868        0.0000000000000000        1.0018553823098868        1.0000000000000000        6.9400066739805622E-310
  0.86501048180817963       -3.0953703278347017E-005  -4.4536874226164258E-004   1.0000000000000000E-002   1.2000000000000000E-002   1.0018597231873270        0.0000000000000000        1.0018597231873270        1.0000000000000000        6.9400066739805622E-310
  0.87500988085401821       -2.9179350345113997E-005  -4.1983177452831200E-004   1.0000000000000000E-002   1.2000000000000000E-002   1.0018638300032034        0.0000000000000000        1.0018638300032034        1.0000000000000000        6.9400066739805622E-310
  0.88500924090942834       -2.7289795882636687E-005  -3.9263861586302795E-004   1.0000000000000000E-002   1.2000000000000000E-002   1.0018676865515326        0.0000000000000000        1.0018676865515326        1.0000000000000000        6.9400066739805622E-310
  0.89500856449993904       -2.5292497686773715E-005  -3.6389654160196017E-004   1.0000000000000000E-002   1.2000000000000000E-002   1.0018712776138643        0.0000000000000000        1.0018712776138643        1.0000000000000000        6.9400066739805622E-310
  0.90500785429491870       -2.3195338956353105E-005  -3.3371901365697454E-004   1.0000000000000000E-002   1.2000000000000000E-002   1.0018745890195411        0.0000000000000000        1.0018745890195411        1.0000000000000000        6.9400066739805622E-310
  0.91500711309703409       -2.1006598119608951E-005  -3.0222505144017475E-004   1.0000000000000000E-002   1.2000000000000000E-002   1.0018776077014786        0.0000000000000000        1.0018776077014786        1.0000000000000000        6.9400066739805622E-310
  0.92500634383120228       -1.8734915448402563E-005  -2.6953900562443067E-004   1.0000000000000000E-002   1.2000000000000000E-002   1.0018803217479750        0.0000000000000000        1.0018803217479750        1.0000000000000000        6.9400066739805622E-310
  0.93500554953303627       -1.6389259027592464E-005  -2.3578970328230753E-004   1.0000000000000000E-002   1.2000000000000000E-002   1.0018827204493626        0.0000000000000000        1.0018827204493626        1.0000000000000000        6.9400066739805622E-310
  0.94500473333688761       -1.3978889862746964E-005  -2.0111035387682108E-004   1.0000000000000000E-002   1.2000000000000000E-002   1.0018847943400964        0.0000000000000000        1.0018847943400964        1.0000000000000000        6.9400066739805622E-310
  0.95500389846347200       -1.1513324319221172E-005  -1.6563776893452342E-004   1.0000000000000000E-002   1.2000000000000000E-002   1.0018865352367898        0.0000000000000000        1.0018865352367898        1.0000000000000000        6.9400066739805622E-310
  0.96500304820716509       -9.0022976212452820E-006  -1.2951181327736094E-004   1.0000000000000000E-002   1.2000000000000000E-002   1.0018879362698070        0.0000000000000000        1.0018879362698070        1.0000000000000000        6.9400066739805622E-310
  0.97500218592301635       -6.4557239947458103E-006  -9.2875061770136824E-005   1.0000000000000000E-002   1.2000000000000000E-002   1.0018889919106846        0.0000000000000000        1.0018889919106846        1.0000000000000000        6.9400066739805622E-310
  0.98500131501350774       -3.8836592523143515E-006  -5.5872014566027417E-005   1.0000000000000000E-002   1.2000000000000000E-002   1.0018896979942469        0.0000000000000000        1.0018896979942469        1.0000000000000000        6.9400066739805622E-310
  0.99500043891513312       -1.2962591522399721E-006  -1.8648483305128138E-005   1.0000000000000000E-002   1.2000000000000000E-002   1.0018900517339226        0.0000000000000000        1.0018900517339226        1.0000000000000000        6.9400066739805622E-310
   1.0049995610848652        1.2962647662473610E-006   1.8778509017991496E-005   1.0000000000000000E-002   1.2000000000000000E-002   1.0018900517337894        0.0000000000000000        1.0018900517337894        1.0000000000000000        6.9400066739805622E-310
   1.0149986849864938        3.8836757234779230E-006   5.6261454632888785E-005   1.0000000000000000E-002   1.2000000000000000E-002   1.0018896979941623        0.0000000000000000        1.0018896979941623        1.0000000000000000        6.9400066739805622E-310
   1.0249978140769838        6.4557516015799602E-006   9.3522490332453856E-005   1.0000000000000000E-002   1.2000000000000000E-002   1.0018889919107554        0.0000000000000000        1.0018889919107554        1.0000000000000000        6.9400066739805622E-310
   1.0349969517928348        9.0023357429440475E-006   1.3041461822194123E-004   1.0000000000000000E-002   1.2000000000000000E-002   1.0018879362698363        0.0000000000000000        1.0018879362698363        1.0000000000000000        6.9400066739805622E-310
   1.0449961015365277        1.1513373345443262E-005   1.6679238418415565E-004   1.0000000000000000E-002   1.2000000000000000E-002   1.0018865352367960        0.0000000000000000        1.0018865352367960        1.0000000000000000        6.9400066739805622E-310
  -4.9995610848668770E-003  -1.2964151491129912E-006  -3.5767633061438002E+077   1.0000000000000000E-002   1.2000000000000000E-002   1.0018900517339226        0.0000000000000000        1.0018900517339226        1.0000000000000000        6.9400066739805622E-310
  -1.4998684986492261E-002  -3.8841266249978394E-006   0.0000000000000000        1.0000000000000000E-002   1.2000000000000000E-002   1.0018896979942469        0.0000000000000000        1.0018896979942469        1.0000000000000000        6.9400066739805622E-310
  -2.4997814076983649E-002  -6.4565008991245070E-006  -3.5767633061438002E+077   1.0000000000000000E-002   1.2000000000000000E-002   1.0018889919106846        0.0000000000000000        1.0018889919106846        1.0000000000000000        6.9400066739805622E-310
  -3.4996951792834907E-002  -9.0033809914580223E-006   6.9400068546417920E-310   1.0000000000000000E-002   1.2000000000000000E-002   1.0018879362698070        0.0000000000000000        1.0018879362698070        1.0000000000000000        6.9400066739805622E-310
  -4.4996101536527999E-002  -1.1514709849567627E-005   6.9400066883177543E-310   1.0000000000000000E-002   1.2000000000000000E-002   1.0018865352367898        0.0000000000000000        1.0018865352367898        1.0000000000000000        6.9400066739805622E-310
