 # x, v, a, m, h, rho, u, P, c, ke
   2.0519999999999796     
   5.0003490311763318E-003   2.1654660066204893E-006  -1.4827202414302576E-005   1.0000000000000000E-002   1.2000000000000000E-002   1.0017291400364614        0.0000000000000000        1.0017291400364614        1.0000000000000000        6.9400066739805622E-310
   1.5001045716425401E-002   6.4878517330768194E-006  -4.4423185883601946E-005   1.0000000000000000E-002   1.2000000000000000E-002   1.0017294212185737        0.0000000000000000        1.0017294212185737        1.0000000000000000        6.9400066739805622E-310
   2.5001738275791264E-002   1.0784631321674724E-005  -7.3844053594562808E-005   1.0000000000000000E-002   1.2000000000000000E-002   1.0017299824749188        0.0000000000000000        1.0017299824749188        1.0000000000000000        6.9400066739805622E-310
   3.5002423976758915E-002   1.5038847191481521E-005  -1.0297376638046529E-004   1.0000000000000000E-002   1.2000000000000000E-002   1.0017308215934559        0.0000000000000000        1.0017308215934559        1.0000000000000000        6.9400066739805622E-310
   4.5003100113859391E-002   1.9233708506131216E-005  -1.3169760203535219E-004   1.0000000000000000E-002   1.2000000000000000E-002   1.0017319352674252        0.0000000000000000        1.0017319352674252        1.0000000000000000        6.9400066739805622E-310
   5.5003764019320778E-002   2.3352659625059400E-005  -1.5990223967854433E-004   1.0000000000000000E-002   1.2000000000000000E-002   1.0017333191081583        0.0000000000000000        1.0017333191081583        1.0000000000000000        6.9400066739805622E-310
   6.5004413073599138E-002   2.7379444170898338E-005  -1.8747650784334269E-004   1.0000000000000000E-002   1.2000000000000000E-002   1.0017349676619296        0.0000000000000000        1.0017349676619296        1.0000000000000000        6.9400066739805622E-310
   7.5005044715700256E-002   3.1298169618369776E-005  -2.1431163905027972E-004   1.0000000000000000E-002   1.2000000000000000E-002   1.0017368744315509        0.0000000000000000        1.0017368744315509        1.0000000000000000        6.9400066739805622E-310
   8.5005656453285672E-002   3.5093370259076265E-005  -2.4030186129042619E-004   1.0000000000000000E-002   1.2000000000000000E-002   1.0017390319019099        0.0000000000000000        1.0017390319019099        1.0000000000000000        6.9400066739805622E-310
   9.5006245872494288E-002   3.8750067445676221E-005  -2.6534465051497591E-004   1.0000000000000000E-002   1.2000000000000000E-002   1.0017414315695941        0.0000000000000000        1.0017414315695941        1.0000000000000000        6.9400066739805622E-310
  0.10500681064746639        4.2253829470337471E-005  -2.8934122837931397E-004   1.0000000000000000E-002   1.2000000000000000E-002   1.0017440639759907        0.0000000000000000        1.0017440639759907        1.0000000000000000        6.9400066739805622E-310
  0.11500734854951827        4.5590828611314812E-005  -3.1219696678075337E-004   1.0000000000000000E-002   1.2000000000000000E-002   1.0017469187447403        0.0000000000000000        1.0017469187447403        1.0000000000000000        6.9400066739805622E-310
  0.12500785745592977        4.8747894807027566E-005  -3.3382164620920918E-004   1.0000000000000000E-002   1.2000000000000000E-002   1.0017499846222853        0.0000000000000000        1.0017499846222853        1.0000000000000000        6.9400066739805622E-310
  0.13500833535832496        5.1712568481025893E-005  -3.5412993036132434E-004   1.0000000000000000E-002   1.2000000000000000E-002   1.0017532495219128        0.0000000000000000        1.0017532495219128        1.0000000000000000        6.9400066739805622E-310
  0.14500878037059725        5.4473149693006205E-005  -3.7304169093044237E-004   1.0000000000000000E-002   1.2000000000000000E-002   1.0017567005715864        0.0000000000000000        1.0017567005715864        1.0000000000000000        6.9400066739805622E-310
  0.15500919073635097        5.7018743731421096E-005  -3.9048227269233848E-004   1.0000000000000000E-002   1.2000000000000000E-002   1.0017603241645603        0.0000000000000000        1.0017603241645603        1.0000000000000000        6.9400066739805622E-310
  0.16500956483583476        5.9339304503403370E-005  -4.0638279212590334E-004   1.0000000000000000E-002   1.2000000000000000E-002   1.0017641060126956        0.0000000000000000        1.0017641060126956        1.0000000000000000        6.9400066739805622E-310
  0.17500990119233892        6.1425674317069402E-005  -4.2068042911402870E-004   1.0000000000000000E-002   1.2000000000000000E-002   1.0017680312025992        0.0000000000000000        1.0017680312025992        1.0000000000000000        6.9400066739805622E-310
  0.18501019847802841        6.3269619601726961E-005  -4.3331866682105868E-004   1.0000000000000000E-002   1.2000000000000000E-002   1.0017720842542333        0.0000000000000000        1.0017720842542333        1.0000000000000000        6.9400066739805622E-310
  0.19501045551919277        6.4863863402725311E-005  -4.4424759967487404E-004   1.0000000000000000E-002   1.2000000000000000E-002   1.0017762491821602        0.0000000000000000        1.0017762491821602        1.0000000000000000        6.9400066739805622E-310
  0.20501067130087786        6.6202114820446947E-005  -4.5342396799519236E-004   1.0000000000000000E-002   1.2000000000000000E-002   1.0017805095584034        0.0000000000000000        1.0017805095584034        1.0000000000000000        6.9400066739805622E-310
  0.21501084497090497        6.7279093364541634E-005  -4.6081145000620438E-004   1.0000000000000000E-002   1.2000000000000000E-002   1.0017848485769030        0.0000000000000000        1.0017848485769030        1.0000000000000000        6.9400066739805622E-310
  0.22501097584324078        6.8090549011910932E-005  -4.6638072987192913E-004   1.0000000000000000E-002   1.2000000000000000E-002   1.0017892491196605        0.0000000000000000        1.0017892491196605        1.0000000000000000        6.9400066739805622E-310
  0.23501106340072159        6.8633280136899197E-005  -4.7010978189909736E-004   1.0000000000000000E-002   1.2000000000000000E-002   1.0017936938245173        0.0000000000000000        1.0017936938245173        1.0000000000000000        6.9400066739805622E-310
  0.24501110729709538        6.8905145653525325E-005  -4.7198375049539720E-004   1.0000000000000000E-002   1.2000000000000000E-002   1.0017981651538004        0.0000000000000000        1.0017981651538004        1.0000000000000000        6.9400066739805622E-310
  0.25501110735840071        6.8905073684420455E-005  -4.7199504062245268E-004   1.0000000000000000E-002   1.2000000000000000E-002   1.0018026454627775        0.0000000000000000        1.0018026454627775        1.0000000000000000        6.9400066739805622E-310
  0.26501106358367243        6.8633065188650056E-005  -4.7014352018948102E-004   1.0000000000000000E-002   1.2000000000000000E-002   1.0018071170695637        0.0000000000000000        1.0018071170695637        1.0000000000000000        6.9400066739805622E-310
  0.27501097614495035        6.8090194706384012E-005  -4.6643636088106177E-004   1.0000000000000000E-002   1.2000000000000000E-002   1.0018115623251669        0.0000000000000000        1.0018115623251669        1.0000000000000000        6.9400066739805622E-310
  0.28501084538661375        6.7278605092305663E-005  -4.6088807816691002E-004   1.0000000000000000E-002   1.2000000000000000E-002   1.0018159636830175        0.0000000000000000        1.0018159636830175        1.0000000000000000        6.9400066739805622E-310
  0.29501067182403051        6.6201500659697062E-005  -4.5352040291035678E-004   1.0000000000000000E-002   1.2000000000000000E-002   1.0018203037681268        0.0000000000000000        1.0018203037681268        1.0000000000000000        6.9400066739805622E-310
  0.30501045614153866        6.4863132631864942E-005  -4.4436230732092241E-004   1.0000000000000000E-002   1.2000000000000000E-002   1.0018245654456763        0.0000000000000000        1.0018245654456763        1.0000000000000000        6.9400066739805622E-310
  0.31501019918975492        6.3268783701920950E-005  -4.3344988462479250E-004   1.0000000000000000E-002   1.2000000000000000E-002   1.0018287318892400        0.0000000000000000        1.0018287318892400        1.0000000000000000        6.9400066739805622E-310
  0.32500990198221930        6.1424746672925624E-005  -4.2082602471715802E-004   1.0000000000000000E-002   1.2000000000000000E-002   1.0018327866468784        0.0000000000000000        1.0018327866468784        1.0000000000000000        6.9400066739805622E-310
  0.33500956569141327        5.9338299839078466E-005  -4.0654048793786757E-004   1.0000000000000000E-002   1.2000000000000000E-002   1.0018367137060200        0.0000000000000000        1.0018367137060200        1.0000000000000000        6.9400066739805622E-310
  0.34500919164413718        5.7017677903972642E-005  -3.9064963596846525E-004   1.0000000000000000E-002   1.2000000000000000E-002   1.0018404975575104        0.0000000000000000        1.0018404975575104        1.0000000000000000        6.9400066739805622E-310
  0.35500878131627189        5.4472039179097069E-005  -3.7321601941808780E-004   1.0000000000000000E-002   1.2000000000000000E-002   1.0018441232562956        0.0000000000000000        1.0018441232562956        1.0000000000000000        6.9400066739805622E-310
  0.36500833632697471        5.1711430924297547E-005  -3.5430850497153443E-004   1.0000000000000000E-002   1.2000000000000000E-002   1.0018475764808881        0.0000000000000000        1.0018475764808881        1.0000000000000000        6.9400066739805622E-310
  0.37500785843227646        4.8746748241958861E-005  -3.3400161023600106E-004   1.0000000000000000E-002   1.2000000000000000E-002   1.0018508435902089        0.0000000000000000        1.0018508435902089        1.0000000000000000        6.9400066739805622E-310
  0.38500734951816623        4.5589691026201674E-005  -3.1237552019369730E-004   1.0000000000000000E-002   1.2000000000000000E-002   1.0018539116773386        0.0000000000000000        1.0018539116773386        1.0000000000000000        6.9400066739805622E-310
  0.39500681159314011        4.2252719069340727E-005  -2.8951556379475107E-004   1.0000000000000000E-002   1.2000000000000000E-002   1.0018567686209516        0.0000000000000000        1.0018567686209516        1.0000000000000000        6.9400066739805622E-310
  0.40500624678027863        3.8749001331717408E-005  -2.6551198428137468E-004   1.0000000000000000E-002   1.2000000000000000E-002   1.0018594031330592        0.0000000000000000        1.0018594031330592        1.0000000000000000        6.9400066739805622E-310
  0.41500565730886529        3.5092365597319659E-005  -2.4045957711660293E-004   1.0000000000000000E-002   1.2000000000000000E-002   1.0018618048040440        0.0000000000000000        1.0018618048040440        1.0000000000000000        6.9400066739805622E-310
  0.42500504550558227        3.1297242164667681E-005  -2.1445725397928328E-004   1.0000000000000000E-002   1.2000000000000000E-002   1.0018639641438281        0.0000000000000000        1.0018639641438281        1.0000000000000000        6.9400066739805622E-310
  0.43500441378532578        2.7378608308728375E-005  -1.8760770499604007E-004   1.0000000000000000E-002   1.2000000000000000E-002   1.0018658726194425        0.0000000000000000        1.0018658726194425        1.0000000000000000        6.9400066739805622E-310
  0.44500376464166780        2.3351928739185926E-005  -1.6001694826162094E-004   1.0000000000000000E-002   1.2000000000000000E-002   1.0018675226887686        0.0000000000000000        1.0018675226887686        1.0000000000000000        6.9400066739805622E-310
  0.45500310063701366        1.9233094123221777E-005  -1.3179405525853838E-004   1.0000000000000000E-002   1.2000000000000000E-002   1.0018689078308891        0.0000000000000000        1.0018689078308891        1.0000000000000000        6.9400066739805622E-310
  0.46500242439246869        1.5038359013880784E-005  -1.0305042084102212E-004   1.0000000000000000E-002   1.2000000000000000E-002   1.0018700225716728        0.0000000000000000        1.0018700225716728        1.0000000000000000        6.9400066739805622E-310
  0.47500173857749750        1.0784277106241167E-005  -7.3899631697571522E-005   1.0000000000000000E-002   1.2000000000000000E-002   1.0018708625051862        0.0000000000000000        1.0018708625051862        1.0000000000000000        6.9400066739805622E-310
  0.48500104589937493        6.4876369049268984E-006  -4.4456927730252005E-005   1.0000000000000000E-002   1.2000000000000000E-002   1.0018714243120386        0.0000000000000000        1.0018714243120386        1.0000000000000000        6.9400066739805622E-310
  0.49500034909248164        2.1653940296776716E-006  -1.4838513151538280E-005   1.0000000000000000E-002   1.2000000000000000E-002   1.0018717057717881        0.0000000000000000        1.0018717057717881        1.0000000000000000        6.9400066739805622E-310
  0.50499965090751753       -2.1653940753062162E-006   1.4838526413818443E-005   1.0000000000000000E-002   1.2000000000000000E-002   1.0018717057717197        0.0000000000000000        1.0018717057717197        1.0000000000000000        6.9400066739805622E-310
  0.51499895410062602       -6.4876366720369404E-006   4.4456897671629747E-005   1.0000000000000000E-002   1.2000000000000000E-002   1.0018714243120577        0.0000000000000000        1.0018714243120577        1.0000000000000000        6.9400066739805622E-310
  0.52499826142250117       -1.0784277346563066E-005   7.3899655782305729E-005   1.0000000000000000E-002   1.2000000000000000E-002   1.0018708625052313        0.0000000000000000        1.0018708625052313        1.0000000000000000        6.9400066739805622E-310
  0.53499757560753114       -1.5038358955984718E-005   1.0305041686020644E-004   1.0000000000000000E-002   1.2000000000000000E-002   1.0018700225716199        0.0000000000000000        1.0018700225716199        1.0000000000000000        6.9400066739805622E-310
  0.54499689936298634       -1.9233093928805557E-005   1.3179404940810713E-004   1.0000000000000000E-002   1.2000000000000000E-002   1.0018689078308918        0.0000000000000000        1.0018689078308918        1.0000000000000000        6.9400066739805622E-310
  0.55499623535833187       -2.3351928941630907E-005   1.6001695207545907E-004   1.0000000000000000E-002   1.2000000000000000E-002   1.0018675226887739        0.0000000000000000        1.0018675226887739        1.0000000000000000        6.9400066739805622E-310
  0.56499558621467416       -2.7378608303168075E-005   1.8760769589576398E-004   1.0000000000000000E-002   1.2000000000000000E-002   1.0018658726194729        0.0000000000000000        1.0018658726194729        1.0000000000000000        6.9400066739805622E-310
  0.57499495449441684       -3.1297242107044518E-005   2.1445725278290695E-004   1.0000000000000000E-002   1.2000000000000000E-002   1.0018639641439053        0.0000000000000000        1.0018639641439053        1.0000000000000000        6.9400066739805622E-310
  0.58499434269113304       -3.5092365559998093E-005   2.4045958033624970E-004   1.0000000000000000E-002   1.2000000000000000E-002   1.0018618048041084        0.0000000000000000        1.0018618048041084        1.0000000000000000        6.9400066739805622E-310
  0.59499375321971915       -3.8749001425265970E-005   2.6551199642188550E-004   1.0000000000000000E-002   1.2000000000000000E-002   1.0018594031330599        0.0000000000000000        1.0018594031330599        1.0000000000000000        6.9400066739805622E-310
  0.60499318840685812       -4.2252719022010932E-005   2.8951557425127561E-004   1.0000000000000000E-002   1.2000000000000000E-002   1.0018567686208446        0.0000000000000000        1.0018567686208446        1.0000000000000000        6.9400066739805622E-310
  0.61499265048183394       -4.5589691146114332E-005   3.1237549833829092E-004   1.0000000000000000E-002   1.2000000000000000E-002   1.0018539116772862        0.0000000000000000        1.0018539116772862        1.0000000000000000        6.9400066739805622E-310
  0.62499214156772276       -4.8746748189965126E-005   3.3400162114727294E-004   1.0000000000000000E-002   1.2000000000000000E-002   1.0018508435902040        0.0000000000000000        1.0018508435902040        1.0000000000000000        6.9400066739805622E-310
  0.63499166367302540       -5.1711430985652454E-005   3.5430850237538891E-004   1.0000000000000000E-002   1.2000000000000000E-002   1.0018475764808465        0.0000000000000000        1.0018475764808465        1.0000000000000000        6.9400066739805622E-310
  0.64499121868372822       -5.4472039266211657E-005   3.7321602046880287E-004   1.0000000000000000E-002   1.2000000000000000E-002   1.0018441232562609        0.0000000000000000        1.0018441232562609        1.0000000000000000        6.9400066739805622E-310
  0.65499080835586376       -5.7017677583199747E-005   3.9064961383505903E-004   1.0000000000000000E-002   1.2000000000000000E-002   1.0018404975575712        0.0000000000000000        1.0018404975575712        1.0000000000000000        6.9400066739805622E-310
  0.66499043430858551       -5.9338300050140407E-005   4.0654050718114121E-004   1.0000000000000000E-002   1.2000000000000000E-002   1.0018367137060951        0.0000000000000000        1.0018367137060951        1.0000000000000000        6.9400066739805622E-310
  0.67499009801777998       -6.1424746606282332E-005   4.2082602586202000E-004   1.0000000000000000E-002   1.2000000000000000E-002   1.0018327866468586        0.0000000000000000        1.0018327866468586        1.0000000000000000        6.9400066739805622E-310
  0.68498980081024441       -6.3268783745215420E-005   4.3344988499605108E-004   1.0000000000000000E-002   1.2000000000000000E-002   1.0018287318892152        0.0000000000000000        1.0018287318892152        1.0000000000000000        6.9400066739805622E-310
  0.69498954385846112       -6.4863132553133243E-005   4.4436230601618831E-004   1.0000000000000000E-002   1.2000000000000000E-002   1.0018245654456572        0.0000000000000000        1.0018245654456572        1.0000000000000000        6.9400066739805622E-310
  0.70498932817596904       -6.6201500536700709E-005   4.5352041919954900E-004   1.0000000000000000E-002   1.2000000000000000E-002   1.0018203037680362        0.0000000000000000        1.0018203037680362        1.0000000000000000        6.9400066739805622E-310
  0.71498915461338797       -6.7278605299885507E-005   4.6088805703092817E-004   1.0000000000000000E-002   1.2000000000000000E-002   1.0018159636829507        0.0000000000000000        1.0018159636829507        1.0000000000000000        6.9400066739805622E-310
  0.72498902385505060       -6.8090194631279511E-005   4.6643636511234376E-004   1.0000000000000000E-002   1.2000000000000000E-002   1.0018115623251751        0.0000000000000000        1.0018115623251751        1.0000000000000000        6.9400066739805622E-310
  0.73498893641632901       -6.8633065197773265E-005   4.7014351566687651E-004   1.0000000000000000E-002   1.2000000000000000E-002   1.0018071170695781        0.0000000000000000        1.0018071170695781        1.0000000000000000        6.9400066739805622E-310
  0.74498889264159984       -6.8905073589277296E-005   4.7199505562112165E-004   1.0000000000000000E-002   1.2000000000000000E-002   1.0018026454627424        0.0000000000000000        1.0018026454627424        1.0000000000000000        6.9400066739805622E-310
  0.75498889270290703       -6.8905145957102367E-005   4.7198371185430688E-004   1.0000000000000000E-002   1.2000000000000000E-002   1.0017981651538705        0.0000000000000000        1.0017981651538705        1.0000000000000000        6.9400066739805622E-310
  0.76498893659927758       -6.8633279948149682E-005   4.7010980320827400E-004   1.0000000000000000E-002   1.2000000000000000E-002   1.0017936938246690        0.0000000000000000        1.0017936938246690        1.0000000000000000        6.9400066739805622E-310
  0.77498902415675819       -6.8090549008002248E-005   4.6638074942517704E-004   1.0000000000000000E-002   1.2000000000000000E-002   1.0017892491196247        0.0000000000000000        1.0017892491196247        1.0000000000000000        6.9400066739805622E-310
  0.78498915502909505       -6.7279093244659001E-005   4.6081145340259866E-004   1.0000000000000000E-002   1.2000000000000000E-002   1.0017848485767655        0.0000000000000000        1.0017848485767655        1.0000000000000000        6.9400066739805622E-310
  0.79498932869912420       -6.6202115057993339E-005   4.5342393657499258E-004   1.0000000000000000E-002   1.2000000000000000E-002   1.0017805095583903        0.0000000000000000        1.0017805095583903        1.0000000000000000        6.9400066739805622E-310
  0.80498954448080740       -6.4863863293907761E-005   4.4424761867034590E-004   1.0000000000000000E-002   1.2000000000000000E-002   1.0017762491822058        0.0000000000000000        1.0017762491822058        1.0000000000000000        6.9400066739805622E-310
  0.81498980152197242       -6.3269619503215593E-005   4.3331867276830138E-004   1.0000000000000000E-002   1.2000000000000000E-002   1.0017720842541589        0.0000000000000000        1.0017720842541589        1.0000000000000000        6.9400066739805622E-310
  0.82499009880766305       -6.1425674326420957E-005   4.2068041212139917E-004   1.0000000000000000E-002   1.2000000000000000E-002   1.0017680312025876        0.0000000000000000        1.0017680312025876        1.0000000000000000        6.9400066739805622E-310
  0.83499043516416627       -5.9339304510491294E-005   4.0638279268989663E-004   1.0000000000000000E-002   1.2000000000000000E-002   1.0017641060127482        0.0000000000000000        1.0017641060127482        1.0000000000000000        6.9400066739805622E-310
  0.84499080926365000       -5.7018743721904437E-005   3.9048225677085213E-004   1.0000000000000000E-002   1.2000000000000000E-002   1.0017603241646817        0.0000000000000000        1.0017603241646817        1.0000000000000000        6.9400066739805622E-310
  0.85499121962940117       -5.4473149762512265E-005   3.7304172522745205E-004   1.0000000000000000E-002   1.2000000000000000E-002   1.0017567005716312        0.0000000000000000        1.0017567005716312        1.0000000000000000        6.9400066739805622E-310
  0.86499166464167487       -5.1712568563953773E-005   3.5412994248762431E-004   1.0000000000000000E-002   1.2000000000000000E-002   1.0017532495217443        0.0000000000000000        1.0017532495217443        1.0000000000000000        6.9400066739805622E-310
  0.87499214254407243       -4.8747894775838796E-005   3.3382162137129967E-004   1.0000000000000000E-002   1.2000000000000000E-002   1.0017499846221780        0.0000000000000000        1.0017499846221780        1.0000000000000000        6.9400066739805622E-310
  0.88499265145048389       -4.5590828514821293E-005   3.1219694439954537E-004   1.0000000000000000E-002   1.2000000000000000E-002   1.0017469187448400        0.0000000000000000        1.0017469187448400        1.0000000000000000        6.9400066739805622E-310
  0.89499318935253358       -4.2253829437832175E-005   2.8934124205104439E-004   1.0000000000000000E-002   1.2000000000000000E-002   1.0017440639761330        0.0000000000000000        1.0017440639761330        1.0000000000000000        6.9400066739805622E-310
  0.90499375412750471       -3.8750067493028202E-005   2.6534467530403560E-004   1.0000000000000000E-002   1.2000000000000000E-002   1.0017414315695587        0.0000000000000000        1.0017414315695587        1.0000000000000000        6.9400066739805622E-310
  0.91499434354671527       -3.5093370240503455E-005   2.4030184479340022E-004   1.0000000000000000E-002   1.2000000000000000E-002   1.0017390319018451        0.0000000000000000        1.0017390319018451        1.0000000000000000        6.9400066739805622E-310
  0.92499495528430009       -3.1298169711332306E-005   2.1431164913909839E-004   1.0000000000000000E-002   1.2000000000000000E-002   1.0017368744315136        0.0000000000000000        1.0017368744315136        1.0000000000000000        6.9400066739805622E-310
  0.93499558692640250       -2.7379444109008568E-005   1.8747649224160057E-004   1.0000000000000000E-002   1.2000000000000000E-002   1.0017349676619118        0.0000000000000000        1.0017349676619118        1.0000000000000000        6.9400066739805622E-310
  0.94499623598068005       -2.3352659629423744E-005   1.5990223574835483E-004   1.0000000000000000E-002   1.2000000000000000E-002   1.0017333191082312        0.0000000000000000        1.0017333191082312        1.0000000000000000        6.9400066739805622E-310
  0.95499689988614067       -1.9233708572558010E-005   1.3169760655884488E-004   1.0000000000000000E-002   1.2000000000000000E-002   1.0017319352674978        0.0000000000000000        1.0017319352674978        1.0000000000000000        6.9400066739805622E-310
  0.96499757602324032       -1.5038847117127239E-005   1.0297378238366406E-004   1.0000000000000000E-002   1.2000000000000000E-002   1.0017308215934297        0.0000000000000000        1.0017308215934297        1.0000000000000000        6.9400066739805622E-310
  0.97499826172420956       -1.0784631346186302E-005   7.3844032074887878E-005   1.0000000000000000E-002   1.2000000000000000E-002   1.0017299824749228        0.0000000000000000        1.0017299824749228        1.0000000000000000        6.9400066739805622E-310
  0.98499895428357365       -6.4878516482306184E-006   4.4423213613420387E-005   1.0000000000000000E-002   1.2000000000000000E-002   1.0017294212185524        0.0000000000000000        1.0017294212185524        1.0000000000000000        6.9400066739805622E-310
  0.99499965096882481       -2.1654660981195675E-006   1.4827185182753055E-005   1.0000000000000000E-002   1.2000000000000000E-002   1.0017291400363788        0.0000000000000000        1.0017291400363788        1.0000000000000000        6.9400066739805622E-310
   1.0050003490311763        2.1654617229068387E-006  -1.4604551485497552E-005   1.0000000000000000E-002   1.2000000000000000E-002   1.0017291400364614        0.0000000000000000        1.0017291400364614        1.0000000000000000        6.9400066739805622E-310
   1.0150010457164254        6.4878388969382673E-006  -4.3756098147440525E-005   1.0000000000000000E-002   1.2000000000000000E-002   1.0017294212185737        0.0000000000000000        1.0017294212185737        1.0000000000000000        6.9400066739805622E-310
   1.0250017382757912        1.0784609978986042E-005  -7.2735178656913035E-005   1.0000000000000000E-002   1.2000000000000000E-002   1.0017299824749188        0.0000000000000000        1.0017299824749188        1.0000000000000000        6.9400066739805622E-310
   1.0350024239767590        1.5038817438074316E-005  -1.0142746364216748E-004   1.0000000000000000E-002   1.2000000000000000E-002   1.0017308215934559        0.0000000000000000        1.0017308215934559        1.0000000000000000        6.9400066739805622E-310
   1.0450031001138593        1.9233670447585037E-005  -1.2971998380351124E-004   1.0000000000000000E-002   1.2000000000000000E-002   1.0017319352674252        0.0000000000000000        1.0017319352674252        1.0000000000000000        6.9400066739805622E-310
  -5.0003490311751886E-003  -2.1657332822013602E-006  -3.5767633061438002E+077   1.0000000000000000E-002   1.2000000000000000E-002   1.0017291400363788        0.0000000000000000        1.0017291400363788        1.0000000000000000        6.9400066739805622E-310
  -1.5001045716426353E-002  -6.4886521501066047E-006   0.0000000000000000        1.0000000000000000E-002   1.2000000000000000E-002   1.0017294212185524        0.0000000000000000        1.0017294212185524        1.0000000000000000        6.9400066739805622E-310
  -2.5001738275790442E-002  -1.0785961997754967E-005  -3.5767633061438002E+077   1.0000000000000000E-002   1.2000000000000000E-002   1.0017299824749228        0.0000000000000000        1.0017299824749228        1.0000000000000000        6.9400066739805622E-310
  -3.5002423976759678E-002  -1.5040702678017247E-005   6.9400068546417920E-310   1.0000000000000000E-002   1.2000000000000000E-002   1.0017308215934297        0.0000000000000000        1.0017308215934297        1.0000000000000000        6.9400066739805622E-310
  -4.5003100113859329E-002  -1.9236081716514557E-005   6.9400066883177543E-310   1.0000000000000000E-002   1.2000000000000000E-002   1.0017319352674978        0.0000000000000000        1.0017319352674978        1.0000000000000000        6.9400066739805622E-310
