 # x, v, a, m, h, rho, u, P, c, ke
  0.25200000000000067     
   5.0004806299313960E-003  -2.2570503355680972E-007  -2.0423521094770081E-005   1.0000000000000000E-002   1.2000000000000000E-002   1.0017022705355163        0.0000000000000000        1.0017022705355163        1.0000000000000000        6.9400066739805622E-310
   1.5001439992901714E-002  -6.7622476817812239E-007  -6.1189950842255314E-005   1.0000000000000000E-002   1.2000000000000000E-002   1.0017026578284038        0.0000000000000000        1.0017026578284038        1.0000000000000000        6.9400066739805622E-310
   2.5002393672682224E-002  -1.1240775859861101E-006  -1.0171489149346513E-004   1.0000000000000000E-002   1.2000000000000000E-002   1.0017034308863864        0.0000000000000000        1.0017034308863864        1.0000000000000000        6.9400066739805622E-310
   3.5003337905407335E-002  -1.5674971203452902E-006  -1.4183840017256699E-004   1.0000000000000000E-002   1.2000000000000000E-002   1.0017045866599303        0.0000000000000000        1.0017045866599303        1.0000000000000000        6.9400066739805622E-310
   4.5004268964500299E-002  -2.0047345422170083E-006  -1.8140213024064877E-004   1.0000000000000000E-002   1.2000000000000000E-002   1.0017061205897519        0.0000000000000000        1.0017061205897519        1.0000000000000000        6.9400066739805622E-310
   5.5005183175381549E-002  -2.4340652958263866E-006  -2.2024994232872075E-004   1.0000000000000000E-002   1.2000000000000000E-002   1.0017080266248228        0.0000000000000000        1.0017080266248228        1.0000000000000000        6.9400066739805622E-310
   6.5006076929972262E-002  -2.8537959123632082E-006  -2.5822851922097101E-004   1.0000000000000000E-002   1.2000000000000000E-002   1.0017102972461798        0.0000000000000000        1.0017102972461798        1.0000000000000000        6.9400066739805622E-310
   7.5006946700935481E-002  -3.2622708020017731E-006  -2.9518796997063390E-004   1.0000000000000000E-002   1.2000000000000000E-002   1.0017129234965163        0.0000000000000000        1.0017129234965163        1.0000000000000000        6.9400066739805622E-310
   8.5007789055598887E-002  -3.6578787315274036E-006  -3.3098242754991958E-004   1.0000000000000000E-002   1.2000000000000000E-002   1.0017158950154583        0.0000000000000000        1.0017158950154583        1.0000000000000000        6.9400066739805622E-310
   9.5008600669503770E-002  -4.0390590400952282E-006  -3.6547063456104922E-004   1.0000000000000000E-002   1.2000000000000000E-002   1.0017192000804465        0.0000000000000000        1.0017192000804465        1.0000000000000000        6.9400066739805622E-310
  0.10500937833952524       -4.4043078644707166E-006  -3.9851648016497876E-004   1.0000000000000000E-002   1.2000000000000000E-002   1.0017228256529360        0.0000000000000000        1.0017228256529360        1.0000000000000000        6.9400066739805622E-310
  0.11501011899651470       -4.7521840570409736E-006  -4.2998954915596244E-004   1.0000000000000000E-002   1.2000000000000000E-002   1.0017267574297508        0.0000000000000000        1.0017267574297508        1.0000000000000000        6.9400066739805622E-310
  0.12501081971741251       -5.0813149872651300E-006  -4.5976562365179774E-004   1.0000000000000000E-002   1.2000000000000000E-002   1.0017309798994161        0.0000000000000000        1.0017309798994161        1.0000000000000000        6.9400066739805622E-310
  0.13501147773678537       -5.3904017946873313E-006  -4.8772719364098549E-004   1.0000000000000000E-002   1.2000000000000000E-002   1.0017354764032902        0.0000000000000000        1.0017354764032902        1.0000000000000000        6.9400066739805622E-310
  0.14501209045773986       -5.6782245695731175E-006  -5.1376390832658103E-004   1.0000000000000000E-002   1.2000000000000000E-002   1.0017402292012623        0.0000000000000000        1.0017402292012623        1.0000000000000000        6.9400066739805622E-310
  0.15501265546217102       -5.9436472013437816E-006  -5.3777301254243071E-004   1.0000000000000000E-002   1.2000000000000000E-002   1.0017452195416541        0.0000000000000000        1.0017452195416541        1.0000000000000000        6.9400066739805622E-310
  0.16501317052030542       -6.1856217930625774E-006  -5.5965976027660957E-004   1.0000000000000000E-002   1.2000000000000000E-002   1.0017504277351708        0.0000000000000000        1.0017504277351708        1.0000000000000000        6.9400066739805622E-310
  0.17501363359949942       -6.4031928554302504E-006  -5.7933776669027992E-004   1.0000000000000000E-002   1.2000000000000000E-002   1.0017558332324836        0.0000000000000000        1.0017558332324836        1.0000000000000000        6.9400066739805622E-310
  0.18501404287226139       -6.5955011658109651E-006  -5.9672937429411377E-004   1.0000000000000000E-002   1.2000000000000000E-002   1.0017614147052245        0.0000000000000000        1.0017614147052245        1.0000000000000000        6.9400066739805622E-310
  0.19501439672346263       -6.7617869323200699E-006  -6.1176595362688602E-004   1.0000000000000000E-002   1.2000000000000000E-002   1.0017671501301573        0.0000000000000000        1.0017671501301573        1.0000000000000000        6.9400066739805622E-310
  0.20501469375670950       -6.9013930595298064E-006  -6.2438815755161414E-004   1.0000000000000000E-002   1.2000000000000000E-002   1.0017730168759853        0.0000000000000000        1.0017730168759853        1.0000000000000000        6.9400066739805622E-310
  0.21501493279985379       -7.0137676467537020E-006  -6.3454617931313351E-004   1.0000000000000000E-002   1.2000000000000000E-002   1.0017789917926054        0.0000000000000000        1.0017789917926054        1.0000000000000000        6.9400066739805622E-310
  0.22501511290961615       -7.0984661250329222E-006  -6.4219992906799916E-004   1.0000000000000000E-002   1.2000000000000000E-002   1.0017850513024433        0.0000000000000000        1.0017850513024433        1.0000000000000000        6.9400066739805622E-310
  0.23501523337530733       -7.1551531240697992E-006  -6.4731920018434863E-004   1.0000000000000000E-002   1.2000000000000000E-002   1.0017911714934096        0.0000000000000000        1.0017911714934096        1.0000000000000000        6.9400066739805622E-310
  0.24501529372163158       -7.1836037834006313E-006  -6.4988380250152744E-004   1.0000000000000000E-002   1.2000000000000000E-002   1.0017973282133144        0.0000000000000000        1.0017973282133144        1.0000000000000000        6.9400066739805622E-310
  0.25501529371055870       -7.1837046343080532E-006  -6.4988359914419647E-004   1.0000000000000000E-002   1.2000000000000000E-002   1.0018034971650847        0.0000000000000000        1.0018034971650847        1.0000000000000000        6.9400066739805622E-310
  0.26501523334226401       -7.1554540344148702E-006  -6.4731860942845998E-004   1.0000000000000000E-002   1.2000000000000000E-002   1.0018096540026717        0.0000000000000000        1.0018096540026717        1.0000000000000000        6.9400066739805622E-310
  0.27501511285512314       -7.0989624132637619E-006  -6.4219894962480595E-004   1.0000000000000000E-002   1.2000000000000000E-002   1.0018157744271754        0.0000000000000000        1.0018157744271754        1.0000000000000000        6.9400066739805622E-310
  0.28501493272477080       -7.0144513805644667E-006  -6.3454483323077682E-004   1.0000000000000000E-002   1.2000000000000000E-002   1.0018218342826970        0.0000000000000000        1.0018218342826970        1.0000000000000000        6.9400066739805622E-310
  0.29501469366222066       -6.9022536293362096E-006  -6.2438646892370997E-004   1.0000000000000000E-002   1.2000000000000000E-002   1.0018278096517463        0.0000000000000000        1.0018278096517463        1.0000000000000000        6.9400066739805622E-310
  0.30501439661105745       -6.7628105744074579E-006  -6.1176393614914559E-004   1.0000000000000000E-002   1.2000000000000000E-002   1.0018336769495633        0.0000000000000000        1.0018336769495633        1.0000000000000000        6.9400066739805622E-310
  0.31501404274371286       -6.5966717876899305E-006  -5.9672706689362087E-004   1.0000000000000000E-002   1.2000000000000000E-002   1.0018394130173152        0.0000000000000000        1.0018394130173152        1.0000000000000000        6.9400066739805622E-310
  0.32501363345683504       -6.4044921364735013E-006  -5.7933520924802195E-004   1.0000000000000000E-002   1.2000000000000000E-002   1.0018449952136164        0.0000000000000000        1.0018449952136164        1.0000000000000000        6.9400066739805622E-310
  0.33501317036577505       -6.1870290860773799E-006  -5.5965699153759374E-004   1.0000000000000000E-002   1.2000000000000000E-002   1.0018504015038268        0.0000000000000000        1.0018504015038268        1.0000000000000000        6.9400066739805622E-310
  0.34501265529821146       -5.9451403608724828E-006  -5.3777007043187552E-004   1.0000000000000000E-002   1.2000000000000000E-002   1.0018556105470415        0.0000000000000000        1.0018556105470415        1.0000000000000000        6.9400066739805622E-310
  0.35501209028693709       -5.6797800011731166E-006  -5.1376084467680272E-004   1.0000000000000000E-002   1.2000000000000000E-002   1.0018606017805287        0.0000000000000000        1.0018606017805287        1.0000000000000000        6.9400066739805622E-310
  0.36501147756183322       -5.3919950666209555E-006  -4.8772405981978295E-004   1.0000000000000000E-002   1.2000000000000000E-002   1.0018653555009505        0.0000000000000000        1.0018653555009505        1.0000000000000000        6.9400066739805622E-310
  0.37501081954106968       -5.0829209395376524E-006  -4.5976246087242600E-004   1.0000000000000000E-002   1.2000000000000000E-002   1.0018698529420538        0.0000000000000000        1.0018698529420538        1.0000000000000000        6.9400066739805622E-310
  0.38501011882156244       -4.7537773589154473E-006  -4.2998641289937467E-004   1.0000000000000000E-002   1.2000000000000000E-002   1.0018740763489393        0.0000000000000000        1.0018740763489393        1.0000000000000000        6.9400066739805622E-310
  0.39500937816872245       -4.4058633404278745E-006  -3.9851341467134205E-004   1.0000000000000000E-002   1.2000000000000000E-002   1.0018780090481822        0.0000000000000000        1.0018780090481822        1.0000000000000000        6.9400066739805622E-310
  0.40500860050554460       -4.0405521584879005E-006  -3.6546769924594713E-004   1.0000000000000000E-002   1.2000000000000000E-002   1.0018816355137918        0.0000000000000000        1.0018816355137918        1.0000000000000000        6.9400066739805622E-310
  0.41500778890106838       -3.6592860554296966E-006  -3.3097965259720752E-004   1.0000000000000000E-002   1.2000000000000000E-002   1.0018849414284798        0.0000000000000000        1.0018849414284798        1.0000000000000000        6.9400066739805622E-310
  0.42500694655827137       -3.2635700499365851E-006  -2.9518541640172202E-004   1.0000000000000000E-002   1.2000000000000000E-002   1.0018879137403074        0.0000000000000000        1.0018879137403074        1.0000000000000000        6.9400066739805622E-310
  0.43500607680142378       -2.8549665728618764E-006  -2.5822621037985272E-004   1.0000000000000000E-002   1.2000000000000000E-002   1.0018905407142173        0.0000000000000000        1.0018905407142173        1.0000000000000000        6.9400066739805622E-310
  0.44500518306297648       -2.4350889298828647E-006  -2.2024792426034168E-004   1.0000000000000000E-002   1.2000000000000000E-002   1.0018928119783830        0.0000000000000000        1.0018928119783830        1.0000000000000000        6.9400066739805622E-310
  0.45500426887001161       -2.0055949971627094E-006  -1.8140044246006681E-004   1.0000000000000000E-002   1.2000000000000000E-002   1.0018947185654445        0.0000000000000000        1.0018947185654445        1.0000000000000000        6.9400066739805622E-310
  0.46500333783032455       -1.5681809390291365E-006  -1.4183705789250212E-004   1.0000000000000000E-002   1.2000000000000000E-002   1.0018962529477162        0.0000000000000000        1.0018962529477162        1.0000000000000000        6.9400066739805622E-310
  0.47500239361818897       -1.1245738979887791E-006  -1.0171390692104154E-004   1.0000000000000000E-002   1.2000000000000000E-002   1.0018974090669395        0.0000000000000000        1.0018974090669395        1.0000000000000000        6.9400066739805622E-310
  0.48500143995985828       -6.7652570059950425E-007  -6.1189359251478947E-005   1.0000000000000000E-002   1.2000000000000000E-002   1.0018981823584285        0.0000000000000000        1.0018981823584285        1.0000000000000000        6.9400066739805622E-310
  0.49500048061885871       -2.2580582397602616E-007  -2.0423321682727646E-005   1.0000000000000000E-002   1.2000000000000000E-002   1.0018985697690188        0.0000000000000000        1.0018985697690188        1.0000000000000000        6.9400066739805622E-310
  0.50499951938114107        2.2580581829952483E-007   2.0423325701734996E-005   1.0000000000000000E-002   1.2000000000000000E-002   1.0018985697689982        0.0000000000000000        1.0018985697689982        1.0000000000000000        6.9400066739805622E-310
  0.51499856004014199        6.7652569818438980E-007   6.1189354602753099E-005   1.0000000000000000E-002   1.2000000000000000E-002   1.0018981823584145        0.0000000000000000        1.0018981823584145        1.0000000000000000        6.9400066739805622E-310
  0.52499760638181103        1.1245739356290943E-006   1.0171391470414903E-004   1.0000000000000000E-002   1.2000000000000000E-002   1.0018974090669099        0.0000000000000000        1.0018974090669099        1.0000000000000000        6.9400066739805622E-310
  0.53499666216967634        1.5681808554597006E-006   1.4183704755232895E-004   1.0000000000000000E-002   1.2000000000000000E-002   1.0018962529476962        0.0000000000000000        1.0018962529476962        1.0000000000000000        6.9400066739805622E-310
  0.54499573112998889        2.0055950536220890E-006   1.8140043892422852E-004   1.0000000000000000E-002   1.2000000000000000E-002   1.0018947185654903        0.0000000000000000        1.0018947185654903        1.0000000000000000        6.9400066739805622E-310
  0.55499481693702335        2.4350888720677818E-006   2.2024793244845853E-004   1.0000000000000000E-002   1.2000000000000000E-002   1.0018928119784067        0.0000000000000000        1.0018928119784067        1.0000000000000000        6.9400066739805622E-310
  0.56499392319857622        2.8549665866289841E-006   2.5822621198035023E-004   1.0000000000000000E-002   1.2000000000000000E-002   1.0018905407141960        0.0000000000000000        1.0018905407141960        1.0000000000000000        6.9400066739805622E-310
  0.57499305344172902        3.2635701185046247E-006   2.9518540896233958E-004   1.0000000000000000E-002   1.2000000000000000E-002   1.0018879137403158        0.0000000000000000        1.0018879137403158        1.0000000000000000        6.9400066739805622E-310
  0.58499221109893140        3.6592860030684005E-006   3.3097965861550449E-004   1.0000000000000000E-002   1.2000000000000000E-002   1.0018849414284912        0.0000000000000000        1.0018849414284912        1.0000000000000000        6.9400066739805622E-310
  0.59499139949445556        4.0405522614721906E-006   3.6546769447109995E-004   1.0000000000000000E-002   1.2000000000000000E-002   1.0018816355137994        0.0000000000000000        1.0018816355137994        1.0000000000000000        6.9400066739805622E-310
  0.60499062183127716        4.4058632934286598E-006   3.9851342247754218E-004   1.0000000000000000E-002   1.2000000000000000E-002   1.0018780090481756        0.0000000000000000        1.0018780090481756        1.0000000000000000        6.9400066739805622E-310
  0.61498988117843789        4.7537772923276200E-006   4.2998640324576343E-004   1.0000000000000000E-002   1.2000000000000000E-002   1.0018740763489398        0.0000000000000000        1.0018740763489398        1.0000000000000000        6.9400066739805622E-310
  0.62498918045892993        5.0829209159863621E-006   4.5976246806578303E-004   1.0000000000000000E-002   1.2000000000000000E-002   1.0018698529420687        0.0000000000000000        1.0018698529420687        1.0000000000000000        6.9400066739805622E-310
  0.63498852243816672        5.3919950720374017E-006   4.8772405960928467E-004   1.0000000000000000E-002   1.2000000000000000E-002   1.0018653555009285        0.0000000000000000        1.0018653555009285        1.0000000000000000        6.9400066739805622E-310
  0.64498790971306308        5.6797801000560469E-006   5.1376084017462631E-004   1.0000000000000000E-002   1.2000000000000000E-002   1.0018606017805332        0.0000000000000000        1.0018606017805332        1.0000000000000000        6.9400066739805622E-310
  0.65498734470178832        5.9451403838621530E-006   5.3777007698929680E-004   1.0000000000000000E-002   1.2000000000000000E-002   1.0018556105470340        0.0000000000000000        1.0018556105470340        1.0000000000000000        6.9400066739805622E-310
  0.66498682963422528        6.1870290118499159E-006   5.5965698576532219E-004   1.0000000000000000E-002   1.2000000000000000E-002   1.0018504015038152        0.0000000000000000        1.0018504015038152        1.0000000000000000        6.9400066739805622E-310
  0.67498636654316502        6.4044921141606968E-006   5.7933521084141404E-004   1.0000000000000000E-002   1.2000000000000000E-002   1.0018449952136261        0.0000000000000000        1.0018449952136261        1.0000000000000000        6.9400066739805622E-310
  0.68498595725628719        6.5966718563166051E-006   5.9672706962388133E-004   1.0000000000000000E-002   1.2000000000000000E-002   1.0018394130173036        0.0000000000000000        1.0018394130173036        1.0000000000000000        6.9400066739805622E-310
  0.69498560338894289        6.7628105266036729E-006   6.1176393253870032E-004   1.0000000000000000E-002   1.2000000000000000E-002   1.0018336769495564        0.0000000000000000        1.0018336769495564        1.0000000000000000        6.9400066739805622E-310
  0.70498530633777956        6.9022536305768545E-006   6.2438646729390257E-004   1.0000000000000000E-002   1.2000000000000000E-002   1.0018278096517634        0.0000000000000000        1.0018278096517634        1.0000000000000000        6.9400066739805622E-310
  0.71498506727522915        7.0144514075957267E-006   6.3454483575409171E-004   1.0000000000000000E-002   1.2000000000000000E-002   1.0018218342827085        0.0000000000000000        1.0018218342827085        1.0000000000000000        6.9400066739805622E-310
  0.72498488714487686        7.0989623880198761E-006   6.4219894862294069E-004   1.0000000000000000E-002   1.2000000000000000E-002   1.0018157744271805        0.0000000000000000        1.0018157744271805        1.0000000000000000        6.9400066739805622E-310
  0.73498476665773582        7.1554540275767055E-006   6.4731861433831028E-004   1.0000000000000000E-002   1.2000000000000000E-002   1.0018096540026618        0.0000000000000000        1.0018096540026618        1.0000000000000000        6.9400066739805622E-310
  0.74498470628944147        7.1837046776568608E-006   6.4988359914330829E-004   1.0000000000000000E-002   1.2000000000000000E-002   1.0018034971650487        0.0000000000000000        1.0018034971650487        1.0000000000000000        6.9400066739805622E-310
  0.75498470627836911        7.1836036965154763E-006   6.4988379134867102E-004   1.0000000000000000E-002   1.2000000000000000E-002   1.0017973282133315        0.0000000000000000        1.0017973282133315        1.0000000000000000        6.9400066739805622E-310
  0.76498476662469239        7.1551531571973798E-006   6.4731921256555580E-004   1.0000000000000000E-002   1.2000000000000000E-002   1.0017911714934202        0.0000000000000000        1.0017911714934202        1.0000000000000000        6.9400066739805622E-310
  0.77498488709038427        7.0984661569849913E-006   6.4219992551439731E-004   1.0000000000000000E-002   1.2000000000000000E-002   1.0017850513024114        0.0000000000000000        1.0017850513024114        1.0000000000000000        6.9400066739805622E-310
  0.78498506720014671        7.0137676488426437E-006   6.3454617675162694E-004   1.0000000000000000E-002   1.2000000000000000E-002   1.0017789917926074        0.0000000000000000        1.0017789917926074        1.0000000000000000        6.9400066739805622E-310
  0.79498530624329078        6.9013929846542987E-006   6.2438816250054430E-004   1.0000000000000000E-002   1.2000000000000000E-002   1.0017730168759711        0.0000000000000000        1.0017730168759711        1.0000000000000000        6.9400066739805622E-310
  0.80498560327653823        6.7617869885056126E-006   6.1176594418110852E-004   1.0000000000000000E-002   1.2000000000000000E-002   1.0017671501301666        0.0000000000000000        1.0017671501301666        1.0000000000000000        6.9400066739805622E-310
  0.81498595712773869        6.5955011477434084E-006   5.9672938029642353E-004   1.0000000000000000E-002   1.2000000000000000E-002   1.0017614147052483        0.0000000000000000        1.0017614147052483        1.0000000000000000        6.9400066739805622E-310
  0.82498636640050094        6.4031928698612854E-006   5.7933776125107528E-004   1.0000000000000000E-002   1.2000000000000000E-002   1.0017558332325043        0.0000000000000000        1.0017558332325043        1.0000000000000000        6.9400066739805622E-310
  0.83498682947969427        6.1856218310033549E-006   5.5965976552307950E-004   1.0000000000000000E-002   1.2000000000000000E-002   1.0017504277351932        0.0000000000000000        1.0017504277351932        1.0000000000000000        6.9400066739805622E-310
  0.84498734453782887        5.9436471917268770E-006   5.3777301010882184E-004   1.0000000000000000E-002   1.2000000000000000E-002   1.0017452195416625        0.0000000000000000        1.0017452195416625        1.0000000000000000        6.9400066739805622E-310
  0.85498790954225967        5.6782245034850853E-006   5.1376391469304394E-004   1.0000000000000000E-002   1.2000000000000000E-002   1.0017402292012545        0.0000000000000000        1.0017402292012545        1.0000000000000000        6.9400066739805622E-310
  0.86498852226321465        5.3904018145553166E-006   4.8772719187617497E-004   1.0000000000000000E-002   1.2000000000000000E-002   1.0017354764032613        0.0000000000000000        1.0017354764032613        1.0000000000000000        6.9400066739805622E-310
  0.87498918028258765        5.0813149780756992E-006   4.5976562061778026E-004   1.0000000000000000E-002   1.2000000000000000E-002   1.0017309798994083        0.0000000000000000        1.0017309798994083        1.0000000000000000        6.9400066739805622E-310
  0.88498988100348552        4.7521840551257051E-006   4.2998954250084154E-004   1.0000000000000000E-002   1.2000000000000000E-002   1.0017267574297852        0.0000000000000000        1.0017267574297852        1.0000000000000000        6.9400066739805622E-310
  0.89499062166047416        4.4043078885443086E-006   3.9851648959210451E-004   1.0000000000000000E-002   1.2000000000000000E-002   1.0017228256529602        0.0000000000000000        1.0017228256529602        1.0000000000000000        6.9400066739805622E-310
  0.90499139933049588        4.0390589865838667E-006   3.6547063860670193E-004   1.0000000000000000E-002   1.2000000000000000E-002   1.0017192000804080        0.0000000000000000        1.0017192000804080        1.0000000000000000        6.9400066739805622E-310
  0.91499221094440142        3.6578787992929468E-006   3.3098241944529150E-004   1.0000000000000000E-002   1.2000000000000000E-002   1.0017158950154397        0.0000000000000000        1.0017158950154397        1.0000000000000000        6.9400066739805622E-310
  0.92499305329906456        3.2622708076750528E-006   2.9518797012340059E-004   1.0000000000000000E-002   1.2000000000000000E-002   1.0017129234965338        0.0000000000000000        1.0017129234965338        1.0000000000000000        6.9400066739805622E-310
  0.93499392307002760        2.8537959242918559E-006   2.5822852187129541E-004   1.0000000000000000E-002   1.2000000000000000E-002   1.0017102972461820        0.0000000000000000        1.0017102972461820        1.0000000000000000        6.9400066739805622E-310
  0.94499481682461850        2.4340652877453959E-006   2.2024993758940070E-004   1.0000000000000000E-002   1.2000000000000000E-002   1.0017080266248359        0.0000000000000000        1.0017080266248359        1.0000000000000000        6.9400066739805622E-310
  0.95499573103549928        2.0047344701030169E-006   1.8140213626161028E-004   1.0000000000000000E-002   1.2000000000000000E-002   1.0017061205897615        0.0000000000000000        1.0017061205897615        1.0000000000000000        6.9400066739805622E-310
  0.96499666209459245        1.5674972084124022E-006   1.4183840231485334E-004   1.0000000000000000E-002   1.2000000000000000E-002   1.0017045866598990        0.0000000000000000        1.0017045866598990        1.0000000000000000        6.9400066739805622E-310
  0.97499760632731813        1.1240776064955476E-006   1.0171488022958641E-004   1.0000000000000000E-002   1.2000000000000000E-002   1.0017034308863995        0.0000000000000000        1.0017034308863995        1.0000000000000000        6.9400066739805622E-310
  0.98499856000709773        6.7622475918260316E-007   6.1189960219643069E-005   1.0000000000000000E-002   1.2000000000000000E-002   1.0017026578284247        0.0000000000000000        1.0017026578284247        1.0000000000000000        6.9400066739805622E-310
  0.99499951937006847        2.2570498365858515E-007   2.0423517784529110E-005   1.0000000000000000E-002   1.2000000000000000E-002   1.0017022705355054        0.0000000000000000        1.0017022705355054        1.0000000000000000        6.9400066739805622E-310
   1.0050004806299313       -2.2571103792394656E-007  -2.0444024475096967E-005   1.0000000000000000E-002   1.2000000000000000E-002   1.0017022705355163        0.0000000000000000        1.0017022705355163        1.0000000000000000        6.9400066739805622E-310
   1.0150014399929017       -6.7624275700135342E-007  -6.1251374868120934E-005   1.0000000000000000E-002   1.2000000000000000E-002   1.0017026578284038        0.0000000000000000        1.0017026578284038        1.0000000000000000        6.9400066739805622E-310
   1.0250023936726822       -1.1241074892808839E-006  -1.0181699702638269E-004   1.0000000000000000E-002   1.2000000000000000E-002   1.0017034308863864        0.0000000000000000        1.0017034308863864        1.0000000000000000        6.9400066739805622E-310
   1.0350033379054073       -1.5675388193021109E-006  -1.4198078492988486E-004   1.0000000000000000E-002   1.2000000000000000E-002   1.0017045866599303        0.0000000000000000        1.0017045866599303        1.0000000000000000        6.9400066739805622E-310
   1.0450042689645003       -2.0047878722613888E-006  -1.8158423514780253E-004   1.0000000000000000E-002   1.2000000000000000E-002   1.0017061205897519        0.0000000000000000        1.0017061205897519        1.0000000000000000        6.9400066739805622E-310
  -5.0004806299315252E-003   2.2572958719166268E-007  -3.5767633061438002E+077   1.0000000000000000E-002   1.2000000000000000E-002   1.0017022705355054        0.0000000000000000        1.0017022705355054        1.0000000000000000        6.9400066739805622E-310
  -1.5001439992902266E-002   6.7629846749032719E-007   0.0000000000000000        1.0000000000000000E-002   1.2000000000000000E-002   1.0017026578284247        0.0000000000000000        1.0017026578284247        1.0000000000000000        6.9400066739805622E-310
  -2.5002393672681866E-002   1.1242001331457067E-006  -3.5767633061438002E+077   1.0000000000000000E-002   1.2000000000000000E-002   1.0017034308863995        0.0000000000000000        1.0017034308863995        1.0000000000000000        6.9400066739805622E-310
  -3.5003337905407550E-002   1.5676680754747679E-006   6.9400068546417920E-310   1.0000000000000000E-002   1.2000000000000000E-002   1.0017045866598990        0.0000000000000000        1.0017045866598990        1.0000000000000000        6.9400066739805622E-310
  -4.5004268964500715E-002   2.0049529900550167E-006   6.9400066883177543E-310   1.0000000000000000E-002   1.2000000000000000E-002   1.0017061205897615        0.0000000000000000        1.0017061205897615        1.0000000000000000        6.9400066739805622E-310
