 # x, v, a, m, h, rho, u, P, c, ke
   4.2504000000000977     
   5.0002588578676073E-003  -2.6500235174413047E-006  -1.1007734109114153E-005   1.0000000000000000E-002   1.2000000000000000E-002   1.0017475523332051        0.0000000000000000        1.0017475523332051        1.0000000000000000        6.9400066739805622E-310
   1.5000775551246641E-002  -7.9396077182114520E-006  -3.2979562649693150E-005   1.0000000000000000E-002   1.2000000000000000E-002   1.0017477610876855        0.0000000000000000        1.0017477610876855        1.0000000000000000        6.9400066739805622E-310
   2.5001289181615365E-002  -1.3197844334553438E-005  -5.4820913002018301E-005   1.0000000000000000E-002   1.2000000000000000E-002   1.0017481777705550        0.0000000000000000        1.0017481777705550        1.0000000000000000        6.9400066739805622E-310
   3.5001797720434942E-002  -1.8403972186594056E-005  -7.6445250144274723E-005   1.0000000000000000E-002   1.2000000000000000E-002   1.0017488007330926        0.0000000000000000        1.0017488007330926        1.0000000000000000        6.9400066739805622E-310
   4.5002299159326381E-002  -2.3537436554032946E-005  -9.7767072822385614E-005   1.0000000000000000E-002   1.2000000000000000E-002   1.0017496275103472        0.0000000000000000        1.0017496275103472        1.0000000000000000        6.9400066739805622E-310
   5.5002791518005703E-002  -2.8577970628016357E-005  -1.1870193213248115E-004   1.0000000000000000E-002   1.2000000000000000E-002   1.0017506548310229        0.0000000000000000        1.0017506548310229        1.0000000000000000        6.9400066739805622E-310
   6.5003272852133490E-002  -3.3505673228191977E-005  -1.3916709286032614E-004   1.0000000000000000E-002   1.2000000000000000E-002   1.0017518786305262        0.0000000000000000        1.0017518786305262        1.0000000000000000        6.9400066739805622E-310
   7.5003741260995307E-002  -3.8301091151197353E-005  -1.5908157008759360E-004   1.0000000000000000E-002   1.2000000000000000E-002   1.0017532940674851        0.0000000000000000        1.0017532940674851        1.0000000000000000        6.9400066739805622E-310
   8.5004194895024171E-002  -4.2945292708339639E-005  -1.7836652292224642E-004   1.0000000000000000E-002   1.2000000000000000E-002   1.0017548955421276        0.0000000000000000        1.0017548955421276        1.0000000000000000        6.9400066739805622E-310
   9.5004631963126709E-002  -4.7419944440394456E-005  -1.9694584052931674E-004   1.0000000000000000E-002   1.2000000000000000E-002   1.0017566767194348        0.0000000000000000        1.0017566767194348        1.0000000000000000        6.9400066739805622E-310
  0.10500505073974699       -5.1707383353984073E-005  -2.1474603797511094E-004   1.0000000000000000E-002   1.2000000000000000E-002   1.0017586305544943        0.0000000000000000        1.0017586305544943        1.0000000000000000        6.9400066739805622E-310
  0.11500544957169588       -5.5790685691097407E-005  -2.3169677576362346E-004   1.0000000000000000E-002   1.2000000000000000E-002   1.0017607493198790        0.0000000000000000        1.0017607493198790        1.0000000000000000        6.9400066739805622E-310
  0.12500582688468148       -5.9653735263651673E-005  -2.4773110287679145E-004   1.0000000000000000E-002   1.2000000000000000E-002   1.0017630246366365        0.0000000000000000        1.0017630246366365        1.0000000000000000        6.9400066739805622E-310
  0.13500618118952956       -6.3281285358425006E-005  -2.6278578300598099E-004   1.0000000000000000E-002   1.2000000000000000E-002   1.0017654475079409        0.0000000000000000        1.0017654475079409        1.0000000000000000        6.9400066739805622E-310
  0.14500651108805346       -6.6659020228037412E-005  -2.7680133294882836E-004   1.0000000000000000E-002   1.2000000000000000E-002   1.0017680083545408        0.0000000000000000        1.0017680083545408        1.0000000000000000        6.9400066739805622E-310
  0.15500681527858123       -6.9773612066537628E-005  -2.8972250999093063E-004   1.0000000000000000E-002   1.2000000000000000E-002   1.0017706970526083        0.0000000000000000        1.0017706970526083        1.0000000000000000        6.9400066739805622E-310
  0.16500709256108614       -7.2612770796974047E-005  -3.0149849326210898E-004   1.0000000000000000E-002   1.2000000000000000E-002   1.0017735029748571        0.0000000000000000        1.0017735029748571        1.0000000000000000        6.9400066739805622E-310
  0.17500734184190317       -7.5165295997154321E-005  -3.1208279621441903E-004   1.0000000000000000E-002   1.2000000000000000E-002   1.0017764150320634        0.0000000000000000        1.0017764150320634        1.0000000000000000        6.9400066739805622E-310
  0.18500756213804970       -7.7421119066634728E-005  -3.2143380240690078E-004   1.0000000000000000E-002   1.2000000000000000E-002   1.0017794217166918        0.0000000000000000        1.0017794217166918        1.0000000000000000        6.9400066739805622E-310
  0.19500775258108990       -7.9371343063118057E-005  -3.2951487524890410E-004   1.0000000000000000E-002   1.2000000000000000E-002   1.0017825111496588        0.0000000000000000        1.0017825111496588        1.0000000000000000        6.9400066739805622E-310
  0.20500791242053321       -8.1008278395843495E-005  -3.3629417239655623E-004   1.0000000000000000E-002   1.2000000000000000E-002   1.0017856711266566        0.0000000000000000        1.0017856711266566        1.0000000000000000        6.9400066739805622E-310
  0.21500804102679585       -8.2325471509714650E-005  -3.4174516474205774E-004   1.0000000000000000E-002   1.2000000000000000E-002   1.0017888891661368        0.0000000000000000        1.0017888891661368        1.0000000000000000        6.9400066739805622E-310
  0.22500813789366134       -8.3317732783144252E-005  -3.4584662080305861E-004   1.0000000000000000E-002   1.2000000000000000E-002   1.0017921525596234        0.0000000000000000        1.0017921525596234        1.0000000000000000        6.9400066739805622E-310
  0.23500820264025299       -8.3981154379446734E-005  -3.4858260691272847E-004   1.0000000000000000E-002   1.2000000000000000E-002   1.0017954484219755        0.0000000000000000        1.0017954484219755        1.0000000000000000        6.9400066739805622E-310
  0.24500823501251076       -8.4313127249720259E-005  -3.4994246166952792E-004   1.0000000000000000E-002   1.2000000000000000E-002   1.0017987637415644        0.0000000000000000        1.0017987637415644        1.0000000000000000        6.9400066739805622E-310
  0.25500823488418500       -8.4312350379828248E-005  -3.4992115592302753E-004   1.0000000000000000E-002   1.2000000000000000E-002   1.0018020854320191        0.0000000000000000        1.0018020854320191        1.0000000000000000        6.9400066739805622E-310
  0.26500820225729854       -8.3978835718401154E-005  -3.4851899474119818E-004   1.0000000000000000E-002   1.2000000000000000E-002   1.0018054003842931        0.0000000000000000        1.0018054003842931        1.0000000000000000        6.9400066739805622E-310
  0.27500813726211942       -8.3313909063090219E-005  -3.4574173808987751E-004   1.0000000000000000E-002   1.2000000000000000E-002   1.0018086955177934        0.0000000000000000        1.0018086955177934        1.0000000000000000        6.9400066739805622E-310
  0.28500804015662717       -8.2320202914598682E-005  -3.4160069490418721E-004   1.0000000000000000E-002   1.2000000000000000E-002   1.0018119578326801        0.0000000000000000        1.0018119578326801        1.0000000000000000        6.9400066739805622E-310
  0.29500791132545723       -8.1001647923053933E-005  -3.3611231783314821E-004   1.0000000000000000E-002   1.2000000000000000E-002   1.0018151744606227        0.0000000000000000        1.0018151744606227        1.0000000000000000        6.9400066739805622E-310
  0.30500775127837648       -7.9363455662571740E-005  -3.2929849379836895E-004   1.0000000000000000E-002   1.2000000000000000E-002   1.0018183327149961        0.0000000000000000        1.0018183327149961        1.0000000000000000        6.9400066739805622E-310
  0.31500756064824881       -7.7412099070840138E-005  -3.2118641952028071E-004   1.0000000000000000E-002   1.2000000000000000E-002   1.0018214201418958        0.0000000000000000        1.0018214201418958        1.0000000000000000        6.9400066739805622E-310
  0.32500734018850730       -7.5155285538235019E-005  -3.1180824716603439E-004   1.0000000000000000E-002   1.2000000000000000E-002   1.0018244245688726        0.0000000000000000        1.0018244245688726        1.0000000000000000        6.9400066739805622E-310
  0.33500709077016810       -7.2601927370654666E-005  -3.0120106648823253E-004   1.0000000000000000E-002   1.2000000000000000E-002   1.0018273341519279        0.0000000000000000        1.0018273341519279        1.0000000000000000        6.9400066739805622E-310
  0.34500681337838757       -6.9762106732851114E-005  -2.8940697485513311E-004   1.0000000000000000E-002   1.2000000000000000E-002   1.0018301374227450        0.0000000000000000        1.0018301374227450        1.0000000000000000        6.9400066739805622E-310
  0.35500650910854892       -6.6647035369735082E-005  -2.7647260976593202E-004   1.0000000000000000E-002   1.2000000000000000E-002   1.0018328233340237        0.0000000000000000        1.0018328233340237        1.0000000000000000        6.9400066739805622E-310
  0.36500617916193179       -6.3269008829950477E-005  -2.6244904823169435E-004   1.0000000000000000E-002   1.2000000000000000E-002   1.0018353813021004        0.0000000000000000        1.0018353813021004        1.0000000000000000        6.9400066739805622E-310
  0.37500582484097000       -5.9641361294797072E-005  -2.4739173965393491E-004   1.0000000000000000E-002   1.2000000000000000E-002   1.0018378012488749        0.0000000000000000        1.0018378012488749        1.0000000000000000        6.9400066739805622E-310
  0.38500544754409788       -5.5778409478287365E-005  -2.3136004801838084E-004   1.0000000000000000E-002   1.2000000000000000E-002   1.0018400736411410        0.0000000000000000        1.0018400736411410        1.0000000000000000        6.9400066739805622E-310
  0.39500504876024090       -5.1695398320625858E-005  -2.1441729600724102E-004   1.0000000000000000E-002   1.2000000000000000E-002   1.0018421895279503        0.0000000000000000        1.0018421895279503        1.0000000000000000        6.9400066739805622E-310
  0.40500463006293241       -4.7408439630829866E-005  -1.9663031181504920E-004   1.0000000000000000E-002   1.2000000000000000E-002   1.0018441405761582        0.0000000000000000        1.0018441405761582        1.0000000000000000        6.9400066739805622E-310
  0.41500419310410580       -4.2934449178057961E-005  -1.7806911536233372E-004   1.0000000000000000E-002   1.2000000000000000E-002   1.0018459191021498        0.0000000000000000        1.0018459191021498        1.0000000000000000        6.9400066739805622E-310
  0.42500373960759713       -3.8291080382644107E-005  -1.5880698884362943E-004   1.0000000000000000E-002   1.2000000000000000E-002   1.0018475181025932        0.0000000000000000        1.0018475181025932        1.0000000000000000        6.9400066739805622E-310
  0.43500327136233141       -3.3496653123765532E-005  -1.3891968880397343E-004   1.0000000000000000E-002   1.2000000000000000E-002   1.0018489312816439        0.0000000000000000        1.0018489312816439        1.0000000000000000        6.9400066739805622E-310
  0.44500279021529543       -2.8570083027050508E-005  -1.1848561709637551E-004   1.0000000000000000E-002   1.2000000000000000E-002   1.0018501530752972        0.0000000000000000        1.0018501530752972        1.0000000000000000        6.9400066739805622E-310
  0.45500229806424941       -2.3530806491756810E-005  -9.7585187577742261E-005   1.0000000000000000E-002   1.2000000000000000E-002   1.0018511786735020        0.0000000000000000        1.0018511786735020        1.0000000000000000        6.9400066739805622E-310
  0.46500179685026621       -1.8398703537914015E-005  -7.6300777782201124E-005   1.0000000000000000E-002   1.2000000000000000E-002   1.0018520040390686        0.0000000000000000        1.0018520040390686        1.0000000000000000        6.9400066739805622E-310
  0.47500128855007284       -1.3194020407371129E-005  -5.4716010032151985E-005   1.0000000000000000E-002   1.2000000000000000E-002   1.0018526259229090        0.0000000000000000        1.0018526259229090        1.0000000000000000        6.9400066739805622E-310
  0.48500077516829465       -7.9372893627976750E-006  -3.2915991474702366E-005   1.0000000000000000E-002   1.2000000000000000E-002   1.0018530418770171        0.0000000000000000        1.0018530418770171        1.0000000000000000        6.9400066739805622E-310
  0.49500025872954162       -2.6492465351995638E-006  -1.0986399915147160E-005   1.0000000000000000E-002   1.2000000000000000E-002   1.0018532502642474        0.0000000000000000        1.0018532502642474        1.0000000000000000        6.9400066739805622E-310
  0.50499974127046032        2.6492465513040399E-006   1.0986396107526275E-005   1.0000000000000000E-002   1.2000000000000000E-002   1.0018532502642559        0.0000000000000000        1.0018532502642559        1.0000000000000000        6.9400066739805622E-310
  0.51499922483170735        7.9372891539492285E-006   3.2915974137459614E-005   1.0000000000000000E-002   1.2000000000000000E-002   1.0018530418771372        0.0000000000000000        1.0018530418771372        1.0000000000000000        6.9400066739805622E-310
  0.52499871144992638        1.3194020407876318E-005   5.4716044764369087E-005   1.0000000000000000E-002   1.2000000000000000E-002   1.0018526259229452        0.0000000000000000        1.0018526259229452        1.0000000000000000        6.9400066739805622E-310
  0.53499820314973523        1.8398703571970028E-005   7.6300742390067455E-005   1.0000000000000000E-002   1.2000000000000000E-002   1.0018520040390997        0.0000000000000000        1.0018520040390997        1.0000000000000000        6.9400066739805622E-310
  0.54499770193574948        2.3530806601497288E-005   9.7585199013927593E-005   1.0000000000000000E-002   1.2000000000000000E-002   1.0018511786736539        0.0000000000000000        1.0018511786736539        1.0000000000000000        6.9400066739805622E-310
  0.55499720978470235        2.8570083062236210E-005   1.1848565965699720E-004   1.0000000000000000E-002   1.2000000000000000E-002   1.0018501530751960        0.0000000000000000        1.0018501530751960        1.0000000000000000        6.9400066739805622E-310
  0.56499672863766970        3.3496653161688146E-005   1.3891967370138758E-004   1.0000000000000000E-002   1.2000000000000000E-002   1.0018489312814218        0.0000000000000000        1.0018489312814218        1.0000000000000000        6.9400066739805622E-310
  0.57499626039240559        3.8291080508726662E-005   1.5880695423931002E-004   1.0000000000000000E-002   1.2000000000000000E-002   1.0018475181025970        0.0000000000000000        1.0018475181025970        1.0000000000000000        6.9400066739805622E-310
  0.58499580689589503        4.2934449204301502E-005   1.7806912237627870E-004   1.0000000000000000E-002   1.2000000000000000E-002   1.0018459191022753        0.0000000000000000        1.0018459191022753        1.0000000000000000        6.9400066739805622E-310
  0.59499536993706748        4.7408439686453768E-005   1.9663032428685057E-004   1.0000000000000000E-002   1.2000000000000000E-002   1.0018441405761880        0.0000000000000000        1.0018441405761880        1.0000000000000000        6.9400066739805622E-310
  0.60499495123975955        5.1695398232227345E-005   2.1441729186832958E-004   1.0000000000000000E-002   1.2000000000000000E-002   1.0018421895279646        0.0000000000000000        1.0018421895279646        1.0000000000000000        6.9400066739805622E-310
  0.61499455245590151        5.5778409153929148E-005   2.3136007101509648E-004   1.0000000000000000E-002   1.2000000000000000E-002   1.0018400736410502        0.0000000000000000        1.0018400736410502        1.0000000000000000        6.9400066739805622E-310
  0.62499417515903277        5.9641361425164374E-005   2.4739167819287644E-004   1.0000000000000000E-002   1.2000000000000000E-002   1.0018378012489688        0.0000000000000000        1.0018378012489688        1.0000000000000000        6.9400066739805622E-310
  0.63499382083806544        6.3269008942710457E-005   2.6244910737371896E-004   1.0000000000000000E-002   1.2000000000000000E-002   1.0018353813022034        0.0000000000000000        1.0018353813022034        1.0000000000000000        6.9400066739805622E-310
  0.64499349089145153        6.6647035189431976E-005   2.7647258421215071E-004   1.0000000000000000E-002   1.2000000000000000E-002   1.0018328233339635        0.0000000000000000        1.0018328233339635        1.0000000000000000        6.9400066739805622E-310
  0.65499318662161132        6.9762107019892311E-005   2.8940698637036633E-004   1.0000000000000000E-002   1.2000000000000000E-002   1.0018301374227674        0.0000000000000000        1.0018301374227674        1.0000000000000000        6.9400066739805622E-310
  0.66499290922983156        7.2601927491996161E-005   3.0120106838804617E-004   1.0000000000000000E-002   1.2000000000000000E-002   1.0018273341518753        0.0000000000000000        1.0018273341518753        1.0000000000000000        6.9400066739805622E-310
  0.67499265981149281        7.5155285307588638E-005   3.1180824014498398E-004   1.0000000000000000E-002   1.2000000000000000E-002   1.0018244245688415        0.0000000000000000        1.0018244245688415        1.0000000000000000        6.9400066739805622E-310
  0.68499243935175158        7.7412098836140373E-005   3.2118641192457886E-004   1.0000000000000000E-002   1.2000000000000000E-002   1.0018214201419382        0.0000000000000000        1.0018214201419382        1.0000000000000000        6.9400066739805622E-310
  0.69499224872162235        7.9363455892450681E-005   3.2929853833962852E-004   1.0000000000000000E-002   1.2000000000000000E-002   1.0018183327148733        0.0000000000000000        1.0018183327148733        1.0000000000000000        6.9400066739805622E-310
  0.70499208867454577        8.1001647778316697E-005   3.3611227825147694E-004   1.0000000000000000E-002   1.2000000000000000E-002   1.0018151744604680        0.0000000000000000        1.0018151744604680        1.0000000000000000        6.9400066739805622E-310
  0.71499195984337538        8.2320203178780263E-005   3.4160066331079264E-004   1.0000000000000000E-002   1.2000000000000000E-002   1.0018119578328624        0.0000000000000000        1.0018119578328624        1.0000000000000000        6.9400066739805622E-310
  0.72499186273787930        8.3313908793326122E-005   3.4574177557544772E-004   1.0000000000000000E-002   1.2000000000000000E-002   1.0018086955179324        0.0000000000000000        1.0018086955179324        1.0000000000000000        6.9400066739805622E-310
  0.73499179774270118        8.3978835866345785E-005   3.4851898776100398E-004   1.0000000000000000E-002   1.2000000000000000E-002   1.0018054003842993        0.0000000000000000        1.0018054003842993        1.0000000000000000        6.9400066739805622E-310
  0.74499176511581378        8.4312350497176545E-005   3.4992117518317656E-004   1.0000000000000000E-002   1.2000000000000000E-002   1.0018020854319813        0.0000000000000000        1.0018020854319813        1.0000000000000000        6.9400066739805622E-310
  0.75499176498748954        8.4313127056461588E-005   3.4994246164998799E-004   1.0000000000000000E-002   1.2000000000000000E-002   1.0017987637414283        0.0000000000000000        1.0017987637414283        1.0000000000000000        6.9400066739805622E-310
  0.76499179735974887        8.3981154485161975E-005   3.4858257602810028E-004   1.0000000000000000E-002   1.2000000000000000E-002   1.0017954484219760        0.0000000000000000        1.0017954484219760        1.0000000000000000        6.9400066739805622E-310
  0.77499186210633897        8.3317732759526086E-005   3.4584662570580349E-004   1.0000000000000000E-002   1.2000000000000000E-002   1.0017921525597513        0.0000000000000000        1.0017921525597513        1.0000000000000000        6.9400066739805622E-310
  0.78499195897320284        8.2325471483203318E-005   3.4174520930019270E-004   1.0000000000000000E-002   1.2000000000000000E-002   1.0017888891660318        0.0000000000000000        1.0017888891660318        1.0000000000000000        6.9400066739805622E-310
  0.79499208757946960        8.1008278344792264E-005   3.3629412884650378E-004   1.0000000000000000E-002   1.2000000000000000E-002   1.0017856711265565        0.0000000000000000        1.0017856711265565        1.0000000000000000        6.9400066739805622E-310
  0.80499224741891107        7.9371343015754333E-005   3.2951487359156317E-004   1.0000000000000000E-002   1.2000000000000000E-002   1.0017825111497602        0.0000000000000000        1.0017825111497602        1.0000000000000000        6.9400066739805622E-310
  0.81499243786195086        7.7421119284066202E-005   3.2143379298776864E-004   1.0000000000000000E-002   1.2000000000000000E-002   1.0017794217168450        0.0000000000000000        1.0017794217168450        1.0000000000000000        6.9400066739805622E-310
  0.82499265815809453        7.5165296186064623E-005   3.1208282757333450E-004   1.0000000000000000E-002   1.2000000000000000E-002   1.0017764150321133        0.0000000000000000        1.0017764150321133        1.0000000000000000        6.9400066739805622E-310
  0.83499290743891375        7.2612770777843354E-005   3.0149844826699024E-004   1.0000000000000000E-002   1.2000000000000000E-002   1.0017735029749653        0.0000000000000000        1.0017735029749653        1.0000000000000000        6.9400066739805622E-310
  0.84499318472141427        6.9773611897354615E-005   2.8972255847747874E-004   1.0000000000000000E-002   1.2000000000000000E-002   1.0017706970527136        0.0000000000000000        1.0017706970527136        1.0000000000000000        6.9400066739805622E-310
  0.85499348891194371        6.6659020110545390E-005   2.7680135708596509E-004   1.0000000000000000E-002   1.2000000000000000E-002   1.0017680083542990        0.0000000000000000        1.0017680083542990        1.0000000000000000        6.9400066739805622E-310
  0.86499381881047144        6.3281285264298639E-005   2.6278574968863211E-004   1.0000000000000000E-002   1.2000000000000000E-002   1.0017654475077593        0.0000000000000000        1.0017654475077593        1.0000000000000000        6.9400066739805622E-310
  0.87499417311531935        5.9653735222381267E-005   2.4773109960118944E-004   1.0000000000000000E-002   1.2000000000000000E-002   1.0017630246366098        0.0000000000000000        1.0017630246366098        1.0000000000000000        6.9400066739805622E-310
  0.88499455042830555        5.5790685742453753E-005   2.3169675442868964E-004   1.0000000000000000E-002   1.2000000000000000E-002   1.0017607493199572        0.0000000000000000        1.0017607493199572        1.0000000000000000        6.9400066739805622E-310
  0.89499494926025225        5.1707383549380859E-005   2.1474605129423452E-004   1.0000000000000000E-002   1.2000000000000000E-002   1.0017586305546167        0.0000000000000000        1.0017586305546167        1.0000000000000000        6.9400066739805622E-310
  0.90499536803687197        4.7419944434348199E-005   1.9694586305973871E-004   1.0000000000000000E-002   1.2000000000000000E-002   1.0017566767193957        0.0000000000000000        1.0017566767193957        1.0000000000000000        6.9400066739805622E-310
  0.91499580510497591        4.2945292548190245E-005   1.7836652493663507E-004   1.0000000000000000E-002   1.2000000000000000E-002   1.0017548955419779        0.0000000000000000        1.0017548955419779        1.0000000000000000        6.9400066739805622E-310
  0.92499625873900670        3.8301091177363035E-005   1.5908154069155245E-004   1.0000000000000000E-002   1.2000000000000000E-002   1.0017532940674581        0.0000000000000000        1.0017532940674581        1.0000000000000000        6.9400066739805622E-310
  0.93499672714786708        3.3505673231541816E-005   1.3916710091521622E-004   1.0000000000000000E-002   1.2000000000000000E-002   1.0017518786305997        0.0000000000000000        1.0017518786305997        1.0000000000000000        6.9400066739805622E-310
  0.94499720848199453        2.8577970487445297E-005   1.1870193830088027E-004   1.0000000000000000E-002   1.2000000000000000E-002   1.0017506548310198        0.0000000000000000        1.0017506548310198        1.0000000000000000        6.9400066739805622E-310
  0.95499770084067459        2.3537436672818044E-005   9.7767051227215518E-005   1.0000000000000000E-002   1.2000000000000000E-002   1.0017496275104316        0.0000000000000000        1.0017496275104316        1.0000000000000000        6.9400066739805622E-310
  0.96499820227956334        1.8403972307296339E-005   7.6445282260806380E-005   1.0000000000000000E-002   1.2000000000000000E-002   1.0017488007331155        0.0000000000000000        1.0017488007331155        1.0000000000000000        6.9400066739805622E-310
  0.97499871081838529        1.3197844151300574E-005   5.4820882516182223E-005   1.0000000000000000E-002   1.2000000000000000E-002   1.0017481777705741        0.0000000000000000        1.0017481777705741        1.0000000000000000        6.9400066739805622E-310
  0.98499922444875121        7.9396076931583774E-006   3.2979604481120361E-005   1.0000000000000000E-002   1.2000000000000000E-002   1.0017477610876644        0.0000000000000000        1.0017477610876644        1.0000000000000000        6.9400066739805622E-310
  0.99499974114213330        2.6500236090203064E-006   1.1007710783772495E-005   1.0000000000000000E-002   1.2000000000000000E-002   1.0017475523330792        0.0000000000000000        1.0017475523330792        1.0000000000000000        6.9400066739805622E-310
   1.0050002588578677       -2.6500268424008124E-006  -1.1276747230226647E-005   1.0000000000000000E-002   1.2000000000000000E-002   1.0017475523332051        0.0000000000000000        1.0017475523332051        1.0000000000000000        6.9400066739805622E-310
   1.0150007755512467       -7.9396176678845379E-006  -3.3785548374076768E-005   1.0000000000000000E-002   1.2000000000000000E-002   1.0017477610876855        0.0000000000000000        1.0017477610876855        1.0000000000000000        6.9400066739805622E-310
   1.0250012891816154       -1.3197860879792218E-005  -5.6160690864004437E-005   1.0000000000000000E-002   1.2000000000000000E-002   1.0017481777705550        0.0000000000000000        1.0017481777705550        1.0000000000000000        6.9400066739805622E-310
   1.0350017977204349       -1.8403995253443820E-005  -7.8313515431638336E-005   1.0000000000000000E-002   1.2000000000000000E-002   1.0017488007330926        0.0000000000000000        1.0017488007330926        1.0000000000000000        6.9400066739805622E-310
   1.0450022991593264       -2.3537466054928542E-005  -1.0015642975869099E-004   1.0000000000000000E-002   1.2000000000000000E-002   1.0017496275103472        0.0000000000000000        1.0017496275103472        1.0000000000000000        6.9400066739805622E-310
  -5.0002588578667018E-003   2.6503464299710776E-006  -3.5767633061438002E+077   1.0000000000000000E-002   1.2000000000000000E-002   1.0017475523330792        0.0000000000000000        1.0017475523330792        1.0000000000000000        6.9400066739805622E-310
  -1.5000775551248791E-002   7.9405748706410129E-006   0.0000000000000000        1.0000000000000000E-002   1.2000000000000000E-002   1.0017477610876644        0.0000000000000000        1.0017477610876644        1.0000000000000000        6.9400066739805622E-310
  -2.5001289181614705E-002   1.3199451876643297E-005  -3.5767633061438002E+077   1.0000000000000000E-002   1.2000000000000000E-002   1.0017481777705741        0.0000000000000000        1.0017481777705741        1.0000000000000000        6.9400066739805622E-310
  -3.5001797720436656E-002   1.8406214231172749E-005   6.9400068546417920E-310   1.0000000000000000E-002   1.2000000000000000E-002   1.0017488007331155        0.0000000000000000        1.0017488007331155        1.0000000000000000        6.9400066739805622E-310
  -4.5002299159325410E-002   2.3540303909992131E-005   6.9400066883177543E-310   1.0000000000000000E-002   1.2000000000000000E-002   1.0017496275104316        0.0000000000000000        1.0017496275104316        1.0000000000000000        6.9400066739805622E-310
