 # x, v, a, m, h, rho, u, P, c, ke
   4.5504000000000646     
   4.9995260760195299E-003  -5.6797393410115299E-007   2.0142303021053465E-005   1.0000000000000000E-002   1.2000000000000000E-002   1.0018972022983663        0.0000000000000000        1.0018972022983663        1.0000000000000000        6.9400066739805622E-310
   1.4998580098677475E-002  -1.7016915140520276E-006   6.0347381038106107E-005   1.0000000000000000E-002   1.2000000000000000E-002   1.0018968202195222        0.0000000000000000        1.0018968202195222        1.0000000000000000        6.9400066739805622E-310
   2.4997639725811947E-002  -2.8287247556931553E-006   1.0031417208455906E-004   1.0000000000000000E-002   1.2000000000000000E-002   1.0018960575711697        0.0000000000000000        1.0018960575711697        1.0000000000000000        6.9400066739805622E-310
   3.4996708669153026E-002  -3.9446468534184435E-006   1.3988476742632372E-004   1.0000000000000000E-002   1.2000000000000000E-002   1.0018949173665532        0.0000000000000000        1.0018949173665532        1.0000000000000000        6.9400066739805622E-310
   4.4995790603638494E-002  -5.0450736812843887E-006   1.7890295213263130E-004   1.0000000000000000E-002   1.2000000000000000E-002   1.0018934041106715        0.0000000000000000        1.0018934041106715        1.0000000000000000        6.9400066739805622E-310
   5.4994889152911543E-002  -6.1256803469920375E-006   2.1721459464352222E-004   1.0000000000000000E-002   1.2000000000000000E-002   1.0018915237823129        0.0000000000000000        1.0018915237823129        1.0000000000000000        6.9400066739805622E-310
   6.4994007875005033E-002  -7.1822205262544916E-006   2.5466845991140019E-004   1.0000000000000000E-002   1.2000000000000000E-002   1.0018892838104356        0.0000000000000000        1.0018892838104356        1.0000000000000000        6.9400066739805622E-310
   7.4993150248298265E-002  -8.2105391443845912E-006   2.9111670430381764E-004   1.0000000000000000E-002   1.2000000000000000E-002   1.0018866930441699        0.0000000000000000        1.0018866930441699        1.0000000000000000        6.9400066739805622E-310
   8.4992319657790749E-002  -9.2065919240347419E-006   3.2641528028598543E-004   1.0000000000000000E-002   1.2000000000000000E-002   1.0018837617186749        0.0000000000000000        1.0018837617186749        1.0000000000000000        6.9400066739805622E-310
   9.4991519381720055E-002  -1.0166459525781324E-005   3.6042490665799676E-004   1.0000000000000000E-002   1.2000000000000000E-002   1.0018805014143606        0.0000000000000000        1.0018805014143606        1.0000000000000000        6.9400066739805622E-310
  0.10499075257863309       -1.1086362008178093E-005   3.9301129646229782E-004   1.0000000000000000E-002   1.2000000000000000E-002   1.0018769250105064        0.0000000000000000        1.0018769250105064        1.0000000000000000        6.9400066739805622E-310
  0.11499002227491073       -1.1962676405381882E-005   4.2404586398880895E-004   1.0000000000000000E-002   1.2000000000000000E-002   1.0018730466344030        0.0000000000000000        1.0018730466344030        1.0000000000000000        6.9400066739805622E-310
  0.12498933135283041       -1.2791947957469605E-005   4.5340603271881719E-004   1.0000000000000000E-002   1.2000000000000000E-002   1.0018688816056172        0.0000000000000000        1.0018688816056172        1.0000000000000000        6.9400066739805622E-310
  0.13498868253917859       -1.3570905640290436E-005   4.8097596019225364E-004   1.0000000000000000E-002   1.2000000000000000E-002   1.0018644463754192        0.0000000000000000        1.0018644463754192        1.0000000000000000        6.9400066739805622E-310
  0.14498807839449498       -1.4296473524202090E-005   5.0664683971213265E-004   1.0000000000000000E-002   1.2000000000000000E-002   1.0018597584612883        0.0000000000000000        1.0018597584612883        1.0000000000000000        6.9400066739805622E-310
  0.15498752130296575       -1.4965783890800215E-005   5.3031738843856147E-004   1.0000000000000000E-002   1.2000000000000000E-002   1.0018548363777520        0.0000000000000000        1.0018548363777520        1.0000000000000000        6.9400066739805622E-310
  0.16498701346301620       -1.5576189571381533E-005   5.5189424355717165E-004   1.0000000000000000E-002   1.2000000000000000E-002   1.0018496995629043        0.0000000000000000        1.0018496995629043        1.0000000000000000        6.9400066739805622E-310
  0.17498655687864123       -1.6125271562469800E-005   5.7129221289553556E-004   1.0000000000000000E-002   1.2000000000000000E-002   1.0018443683019473        0.0000000000000000        1.0018443683019473        1.0000000000000000        6.9400066739805622E-310
  0.18498615335148880       -1.6610851718268320E-005   5.8843487996718125E-004   1.0000000000000000E-002   1.2000000000000000E-002   1.0018388636466773        0.0000000000000000        1.0018388636466773        1.0000000000000000        6.9400066739805622E-310
  0.19498580447376404       -1.7031000826468783E-005   6.0325468015776096E-004   1.0000000000000000E-002   1.2000000000000000E-002   1.0018332073317009        0.0000000000000000        1.0018332073317009        1.0000000000000000        6.9400066739805622E-310
  0.20498551162195278       -1.7384044354191169E-005   6.1569311651421543E-004   1.0000000000000000E-002   1.2000000000000000E-002   1.0018274216892973        0.0000000000000000        1.0018274216892973        1.0000000000000000        6.9400066739805622E-310
  0.21498527595138539       -1.7668572312352306E-005   6.2570121182492500E-004   1.0000000000000000E-002   1.2000000000000000E-002   1.0018215295611157        0.0000000000000000        1.0018215295611157        1.0000000000000000        6.9400066739805622E-310
  0.22498509839168648       -1.7883442521460313E-005   6.3323963616035428E-004   1.0000000000000000E-002   1.2000000000000000E-002   1.0018155542071485        0.0000000000000000        1.0018155542071485        1.0000000000000000        6.9400066739805622E-310
  0.23498497964312187       -1.8027787690945315E-005   6.3827865477694701E-004   1.0000000000000000E-002   1.2000000000000000E-002   1.0018095192143277        0.0000000000000000        1.0018095192143277        1.0000000000000000        6.9400066739805622E-310
  0.24498492017383316       -1.8101017168751394E-005   6.4079846908970950E-004   1.0000000000000000E-002   1.2000000000000000E-002   1.0018034484038072        0.0000000000000000        1.0018034484038072        1.0000000000000000        6.9400066739805622E-310
  0.25498492021799518       -1.8102821075465130E-005   6.4078937285305670E-004   1.0000000000000000E-002   1.2000000000000000E-002   1.0017973657358616        0.0000000000000000        1.0017973657358616        1.0000000000000000        6.9400066739805622E-310
  0.26498497977491636       -1.8033170972567194E-005   6.3825139674111853E-004   1.0000000000000000E-002   1.2000000000000000E-002   1.0017912952157475        0.0000000000000000        1.0017912952157475        1.0000000000000000        6.9400066739805622E-310
  0.27498509860903592       -1.7892320143422830E-005   6.3319462728550491E-004   1.0000000000000000E-002   1.2000000000000000E-002   1.0017852607997830        0.0000000000000000        1.0017852607997830        1.0000000000000000        6.9400066739805622E-310
  0.28498527625085757       -1.7680804428582591E-005   6.2563926199921127E-004   1.0000000000000000E-002   1.2000000000000000E-002   1.0017792862996302        0.0000000000000000        1.0017792862996302        1.0000000000000000        6.9400066739805622E-310
  0.29498551199882633       -1.7399438243580992E-005   6.1561515451735715E-004   1.0000000000000000E-002   1.2000000000000000E-002   1.0017733952885164        0.0000000000000000        1.0017733952885164        1.0000000000000000        6.9400066739805622E-310
  0.30498580492209720       -1.7049313509545079E-005   6.0316188851139430E-004   1.0000000000000000E-002   1.2000000000000000E-002   1.0017676110092799        0.0000000000000000        1.0017676110092799        1.0000000000000000        6.9400066739805622E-310
  0.31498615386420709       -1.6631794573944154E-005   5.8832881965553696E-004   1.0000000000000000E-002   1.2000000000000000E-002   1.0017619562818199        0.0000000000000000        1.0017619562818199        1.0000000000000000        6.9400066739805622E-310
  0.32498655744766142       -1.6148513702754717E-005   5.7117449992372116E-004   1.0000000000000000E-002   1.2000000000000000E-002   1.0017564534131853        0.0000000000000000        1.0017564534131853        1.0000000000000000        6.9400066739805622E-310
  0.33498701407936626       -1.5601364922093972E-005   5.5176670120271609E-004   1.0000000000000000E-002   1.2000000000000000E-002   1.0017511241102393        0.0000000000000000        1.0017511241102393        1.0000000000000000        6.9400066739805622E-310
  0.34498752195692317       -1.4992495675203661E-005   5.3018209105903935E-004   1.0000000000000000E-002   1.2000000000000000E-002   1.0017459893937510        0.0000000000000000        1.0017459893937510        1.0000000000000000        6.9400066739805622E-310
  0.35498807907574709       -1.4324299913749995E-005   5.0650590434742071E-004   1.0000000000000000E-002   1.2000000000000000E-002   1.0017410695156037        0.0000000000000000        1.0017410695156037        1.0000000000000000        6.9400066739805622E-310
  0.36498868323698391       -1.3599408275379626E-005   4.8083155265654653E-004   1.0000000000000000E-002   1.2000000000000000E-002   1.0017363838794824        0.0000000000000000        1.0017363838794824        1.0000000000000000        6.9400066739805622E-310
  0.37498933205617985       -1.2820677173822514E-005   4.5326052452221433E-004   1.0000000000000000E-002   1.2000000000000000E-002   1.0017319509637854        0.0000000000000000        1.0017319509637854        1.0000000000000000        6.9400066739805622E-310
  0.38499002297271478       -1.1991179142456968E-005   4.2390147400883649E-004   1.0000000000000000E-002   1.2000000000000000E-002   1.0017277882494169        0.0000000000000000        1.0017277882494169        1.0000000000000000        6.9400066739805622E-310
  0.39499075325988464       -1.1114188703356644E-005   3.9287035587332042E-004   1.0000000000000000E-002   1.2000000000000000E-002   1.0017239121512638        0.0000000000000000        1.0017239121512638        1.0000000000000000        6.9400066739805622E-310
  0.40499152003567690       -1.0193170895685682E-005   3.6028961388012704E-004   1.0000000000000000E-002   1.2000000000000000E-002   1.0017203379528115        0.0000000000000000        1.0017203379528115        1.0000000000000000        6.9400066739805622E-310
  0.41499232027414024       -9.2317674072209522E-006   3.2628776415322136E-004   1.0000000000000000E-002   1.2000000000000000E-002   1.0017170797467150        0.0000000000000000        1.0017170797467150        1.0000000000000000        6.9400066739805622E-310
  0.42499315081732131       -8.2337815505784397E-006   2.9099894469375442E-004   1.0000000000000000E-002   1.2000000000000000E-002   1.0017141503793112        0.0000000000000000        1.0017141503793112        1.0000000000000000        6.9400066739805622E-310
  0.43499400838772473       -7.2031630194012451E-006   2.5456237273768778E-004   1.0000000000000000E-002   1.2000000000000000E-002   1.0017115614000272        0.0000000000000000        1.0017115614000272        1.0000000000000000        6.9400066739805622E-310
  0.44499488960124128       -6.1439932660155658E-006   2.1712186919398135E-004   1.0000000000000000E-002   1.2000000000000000E-002   1.0017093230154765        0.0000000000000000        1.0017093230154765        1.0000000000000000        6.9400066739805622E-310
  0.45499579098051179       -5.0604671515984110E-006   1.7882497903531913E-004   1.0000000000000000E-002   1.2000000000000000E-002   1.0017074440500435        0.0000000000000000        1.0017074440500435        1.0000000000000000        6.9400066739805622E-310
  0.46499670896862549       -3.9568792970439127E-006   1.3982280479218900E-004   1.0000000000000000E-002   1.2000000000000000E-002   1.0017059319113395        0.0000000000000000        1.0017059319113395        1.0000000000000000        6.9400066739805622E-310
  0.47499763994316213       -2.8376025481314787E-006   1.0026914054339642E-004   1.0000000000000000E-002   1.2000000000000000E-002   1.0017047925606917        0.0000000000000000        1.0017047925606917        1.0000000000000000        6.9400066739805622E-310
  0.48499858023046982       -1.7070746167111144E-006   6.0320156432425165E-005   1.0000000000000000E-002   1.2000000000000000E-002   1.0017040304891436        0.0000000000000000        1.0017040304891436        1.0000000000000000        6.9400066739805622E-310
  0.49499952612018117       -5.6977811015131877E-007   2.0133192301763359E-005   1.0000000000000000E-002   1.2000000000000000E-002   1.0017036487006117        0.0000000000000000        1.0017036487006117        1.0000000000000000        6.9400066739805622E-310
  0.50500047387981883        5.6977791070768073E-007  -2.0133187854654011E-005   1.0000000000000000E-002   1.2000000000000000E-002   1.0017036487006050        0.0000000000000000        1.0017036487006050        1.0000000000000000        6.9400066739805622E-310
  0.51500141976952996        1.7070747700337645E-006  -6.0320126011426112E-005   1.0000000000000000E-002   1.2000000000000000E-002   1.0017040304889664        0.0000000000000000        1.0017040304889664        1.0000000000000000        6.9400066739805622E-310
  0.52500236005684187        2.8376026859987929E-006  -1.0026920015526741E-004   1.0000000000000000E-002   1.2000000000000000E-002   1.0017047925606424        0.0000000000000000        1.0017047925606424        1.0000000000000000        6.9400066739805622E-310
  0.53500329103137556        3.9568791722915009E-006  -1.3982280843016781E-004   1.0000000000000000E-002   1.2000000000000000E-002   1.0017059319115817        0.0000000000000000        1.0017059319115817        1.0000000000000000        6.9400066739805622E-310
  0.54500420901948665        5.0604671361163581E-006  -1.7882494138721228E-004   1.0000000000000000E-002   1.2000000000000000E-002   1.0017074440501246        0.0000000000000000        1.0017074440501246        1.0000000000000000        6.9400066739805622E-310
  0.55500511039875811        6.1439932867018790E-006  -2.1712185416689067E-004   1.0000000000000000E-002   1.2000000000000000E-002   1.0017093230153296        0.0000000000000000        1.0017093230153296        1.0000000000000000        6.9400066739805622E-310
  0.56500599161227705        7.2031630461509420E-006  -2.5456239746013409E-004   1.0000000000000000E-002   1.2000000000000000E-002   1.0017115613999210        0.0000000000000000        1.0017115613999210        1.0000000000000000        6.9400066739805622E-310
  0.57500684918268041        8.2337814349013354E-006  -2.9099896263140579E-004   1.0000000000000000E-002   1.2000000000000000E-002   1.0017141503793947        0.0000000000000000        1.0017141503793947        1.0000000000000000        6.9400066739805622E-310
  0.58500767972585954        9.2317675890168622E-006  -3.2628774147980266E-004   1.0000000000000000E-002   1.2000000000000000E-002   1.0017170797467772        0.0000000000000000        1.0017170797467772        1.0000000000000000        6.9400066739805622E-310
  0.59500847996432338        1.0193171061517999E-005  -3.6028960207534766E-004   1.0000000000000000E-002   1.2000000000000000E-002   1.0017203379527209        0.0000000000000000        1.0017203379527209        1.0000000000000000        6.9400066739805622E-310
  0.60500924674011725        1.1114188337889115E-005  -3.9287037875634923E-004   1.0000000000000000E-002   1.2000000000000000E-002   1.0017239121512165        0.0000000000000000        1.0017239121512165        1.0000000000000000        6.9400066739805622E-310
  0.61500997702728666        1.1991179400579955E-005  -4.2390148459325871E-004   1.0000000000000000E-002   1.2000000000000000E-002   1.0017277882495337        0.0000000000000000        1.0017277882495337        1.0000000000000000        6.9400066739805622E-310
  0.62501066794381910        1.2820677015600397E-005  -4.5326047524429924E-004   1.0000000000000000E-002   1.2000000000000000E-002   1.0017319509637153        0.0000000000000000        1.0017319509637153        1.0000000000000000        6.9400066739805622E-310
  0.63501131676301925        1.3599408331940434E-005  -4.8083160150547144E-004   1.0000000000000000E-002   1.2000000000000000E-002   1.0017363838794151        0.0000000000000000        1.0017363838794151        1.0000000000000000        6.9400066739805622E-310
  0.64501192092425352        1.4324299845063309E-005  -5.0650589817724523E-004   1.0000000000000000E-002   1.2000000000000000E-002   1.0017410695157367        0.0000000000000000        1.0017410695157367        1.0000000000000000        6.9400066739805622E-310
  0.65501247804307694        1.4992495747854277E-005  -5.3018209102795311E-004   1.0000000000000000E-002   1.2000000000000000E-002   1.0017459893938416        0.0000000000000000        1.0017459893938416        1.0000000000000000        6.9400066739805622E-310
  0.66501298592063263        1.5601364690726757E-005  -5.5176669072043438E-004   1.0000000000000000E-002   1.2000000000000000E-002   1.0017511241102892        0.0000000000000000        1.0017511241102892        1.0000000000000000        6.9400066739805622E-310
  0.67501344255233764        1.6148513961769040E-005  -5.7117448999477460E-004   1.0000000000000000E-002   1.2000000000000000E-002   1.0017564534131502        0.0000000000000000        1.0017564534131502        1.0000000000000000        6.9400066739805622E-310
  0.68501384613579241        1.6631794603195319E-005  -5.8832880930825837E-004   1.0000000000000000E-002   1.2000000000000000E-002   1.0017619562816775        0.0000000000000000        1.0017619562816775        1.0000000000000000        6.9400066739805622E-310
  0.69501419507790518        1.7049313313743123E-005  -6.0316193839504706E-004   1.0000000000000000E-002   1.2000000000000000E-002   1.0017676110093225        0.0000000000000000        1.0017676110093225        1.0000000000000000        6.9400066739805622E-310
  0.70501448800117195        1.7399438294975946E-005  -6.1561509671825831E-004   1.0000000000000000E-002   1.2000000000000000E-002   1.0017733952885322        0.0000000000000000        1.0017733952885322        1.0000000000000000        6.9400066739805622E-310
  0.71501472374914410        1.7680804108750244E-005  -6.2563927242820228E-004   1.0000000000000000E-002   1.2000000000000000E-002   1.0017792862994142        0.0000000000000000        1.0017792862994142        1.0000000000000000        6.9400066739805622E-310
  0.72501490139096758        1.7892320507718951E-005  -6.3319468029376935E-004   1.0000000000000000E-002   1.2000000000000000E-002   1.0017852607998694        0.0000000000000000        1.0017852607998694        1.0000000000000000        6.9400066739805622E-310
  0.73501502022508325        1.8033171011690220E-005  -6.3825136894202217E-004   1.0000000000000000E-002   1.2000000000000000E-002   1.0017912952159462        0.0000000000000000        1.0017912952159462        1.0000000000000000        6.9400066739805622E-310
  0.74501507978200376        1.8102821008846425E-005  -6.4078934540834354E-004   1.0000000000000000E-002   1.2000000000000000E-002   1.0017973657358010        0.0000000000000000        1.0017973657358010        1.0000000000000000        6.9400066739805622E-310
  0.75501507982616822        1.8101017365548654E-005  -6.4079850564358054E-004   1.0000000000000000E-002   1.2000000000000000E-002   1.0018034484037992        0.0000000000000000        1.0018034484037992        1.0000000000000000        6.9400066739805622E-310
  0.76501502035687730        1.8027787715188601E-005  -6.3827864124998968E-004   1.0000000000000000E-002   1.2000000000000000E-002   1.0018095192144225        0.0000000000000000        1.0018095192144225        1.0000000000000000        6.9400066739805622E-310
  0.77501490160831266        1.7883442414874858E-005  -6.3323962799444189E-004   1.0000000000000000E-002   1.2000000000000000E-002   1.0018155542071330        0.0000000000000000        1.0018155542071330        1.0000000000000000        6.9400066739805622E-310
  0.78501472404861428        1.7668572268682489E-005  -6.2570121213134655E-004   1.0000000000000000E-002   1.2000000000000000E-002   1.0018215295610780        0.0000000000000000        1.0018215295610780        1.0000000000000000        6.9400066739805622E-310
  0.79501448837804700        1.7384044012342265E-005  -6.1569310422360246E-004   1.0000000000000000E-002   1.2000000000000000E-002   1.0018274216891978        0.0000000000000000        1.0018274216891978        1.0000000000000000        6.9400066739805622E-310
  0.80501419552623776        1.7031000946536899E-005  -6.0325470009470195E-004   1.0000000000000000E-002   1.2000000000000000E-002   1.0018332073316412        0.0000000000000000        1.0018332073316412        1.0000000000000000        6.9400066739805622E-310
  0.81501384664851217        1.6610851847431246E-005  -5.8843487559645524E-004   1.0000000000000000E-002   1.2000000000000000E-002   1.0018388636466837        0.0000000000000000        1.0018388636466837        1.0000000000000000        6.9400066739805622E-310
  0.82501344312136049        1.6125271709239837E-005  -5.7129223545437924E-004   1.0000000000000000E-002   1.2000000000000000E-002   1.0018443683020386        0.0000000000000000        1.0018443683020386        1.0000000000000000        6.9400066739805622E-310
  0.83501298653698286        1.5576189223046477E-005  -5.5189422156765033E-004   1.0000000000000000E-002   1.2000000000000000E-002   1.0018496995630013        0.0000000000000000        1.0018496995630013        1.0000000000000000        6.9400066739805622E-310
  0.84501247869703400        1.4965783876650639E-005  -5.3031740573938890E-004   1.0000000000000000E-002   1.2000000000000000E-002   1.0018548363778175        0.0000000000000000        1.0018548363778175        1.0000000000000000        6.9400066739805622E-310
  0.85501192160550299        1.4296473486976462E-005  -5.0664683186063542E-004   1.0000000000000000E-002   1.2000000000000000E-002   1.0018597584614115        0.0000000000000000        1.0018597584614115        1.0000000000000000        6.9400066739805622E-310
  0.86501131746081827        1.3570905657991371E-005  -4.8097593054485799E-004   1.0000000000000000E-002   1.2000000000000000E-002   1.0018644463753550        0.0000000000000000        1.0018644463753550        1.0000000000000000        6.9400066739805622E-310
  0.87501066864716914        1.2791948168307933E-005  -4.5340605442856230E-004   1.0000000000000000E-002   1.2000000000000000E-002   1.0018688816055281        0.0000000000000000        1.0018688816055281        1.0000000000000000        6.9400066739805622E-310
  0.88500997772508783        1.1962676743579669E-005  -4.2404583362731785E-004   1.0000000000000000E-002   1.2000000000000000E-002   1.0018730466342780        0.0000000000000000        1.0018730466342780        1.0000000000000000        6.9400066739805622E-310
  0.89500924742136889        1.1086362047721918E-005  -3.9301132548175133E-004   1.0000000000000000E-002   1.2000000000000000E-002   1.0018769250103619        0.0000000000000000        1.0018769250103619        1.0000000000000000        6.9400066739805622E-310
  0.90500848061828187        1.0166459229310355E-005  -3.6042493469601311E-004   1.0000000000000000E-002   1.2000000000000000E-002   1.0018805014144836        0.0000000000000000        1.0018805014144836        1.0000000000000000        6.9400066739805622E-310
  0.91500768034220836        9.2065918776632219E-006  -3.2641525397991700E-004   1.0000000000000000E-002   1.2000000000000000E-002   1.0018837617188034        0.0000000000000000        1.0018837617188034        1.0000000000000000        6.9400066739805622E-310
  0.92500684975170078        8.2105391588391593E-006  -2.9111668377534983E-004   1.0000000000000000E-002   1.2000000000000000E-002   1.0018866930440877        0.0000000000000000        1.0018866930440877        1.0000000000000000        6.9400066739805622E-310
  0.93500599212499613        7.1822203282944393E-006  -2.5466848849475809E-004   1.0000000000000000E-002   1.2000000000000000E-002   1.0018892838103903        0.0000000000000000        1.0018892838103903        1.0000000000000000        6.9400066739805622E-310
  0.94500511084708860        6.1256805638811544E-006  -2.1721460011825400E-004   1.0000000000000000E-002   1.2000000000000000E-002   1.0018915237824300        0.0000000000000000        1.0018915237824300        1.0000000000000000        6.9400066739805622E-310
  0.95500420939635988        5.0450737011832365E-006  -1.7890292982869482E-004   1.0000000000000000E-002   1.2000000000000000E-002   1.0018934041106911        0.0000000000000000        1.0018934041106911        1.0000000000000000        6.9400066739805622E-310
  0.96500329133084706        3.9446470544650280E-006  -1.3988479603543880E-004   1.0000000000000000E-002   1.2000000000000000E-002   1.0018949173666170        0.0000000000000000        1.0018949173666170        1.0000000000000000        6.9400066739805622E-310
  0.97500236027418485        2.8287246451469522E-006  -1.0031411412114721E-004   1.0000000000000000E-002   1.2000000000000000E-002   1.0018960575710991        0.0000000000000000        1.0018960575710991        1.0000000000000000        6.9400066739805622E-310
  0.98500141990132395        1.7016913038585012E-006  -6.0347409276850783E-005   1.0000000000000000E-002   1.2000000000000000E-002   1.0018968202193086        0.0000000000000000        1.0018968202193086        1.0000000000000000        6.9400066739805622E-310
  0.99500047392398205        5.6797405083763024E-007  -2.0142311274007341E-005   1.0000000000000000E-002   1.2000000000000000E-002   1.0018972022983383        0.0000000000000000        1.0018972022983383        1.0000000000000000        6.9400066739805622E-310
   1.0049995260760196       -5.6796803010812521E-007   2.0082191483972167E-005   1.0000000000000000E-002   1.2000000000000000E-002   1.0018972022983663        0.0000000000000000        1.0018972022983663        1.0000000000000000        6.9400066739805622E-310
   1.0149985800986774       -1.7016738308222137E-006   6.0167247533549073E-005   1.0000000000000000E-002   1.2000000000000000E-002   1.0018968202195222        0.0000000000000000        1.0018968202195222        1.0000000000000000        6.9400066739805622E-310
   1.0249976397258120       -2.8286953543978899E-006   1.0001473410969908E-004   1.0000000000000000E-002   1.2000000000000000E-002   1.0018960575711697        0.0000000000000000        1.0018960575711697        1.0000000000000000        6.9400066739805622E-310
   1.0349967086691529       -3.9446058570313587E-006   1.3946718212576314E-004   1.0000000000000000E-002   1.2000000000000000E-002   1.0018949173665532        0.0000000000000000        1.0018949173665532        1.0000000000000000        6.9400066739805622E-310
   1.0449957906036385       -5.0450212503256145E-006   1.7836882499455697E-004   1.0000000000000000E-002   1.2000000000000000E-002   1.0018934041106715        0.0000000000000000        1.0018934041106715        1.0000000000000000        6.9400066739805622E-310
  -4.9995260760179461E-003   5.6804619225793441E-007  -3.5767633061438002E+077   1.0000000000000000E-002   1.2000000000000000E-002   1.0018972022983383        0.0000000000000000        1.0018972022983383        1.0000000000000000        6.9400066739805622E-310
  -1.4998580098676051E-002   1.7019074555182721E-006   0.0000000000000000        1.0000000000000000E-002   1.2000000000000000E-002   1.0018968202193086        0.0000000000000000        1.0018968202193086        1.0000000000000000        6.9400066739805622E-310
  -2.4997639725815146E-002   2.8290839614783075E-006  -3.5767633061438002E+077   1.0000000000000000E-002   1.2000000000000000E-002   1.0018960575710991        0.0000000000000000        1.0018960575710991        1.0000000000000000        6.9400066739805622E-310
  -3.4996708669152943E-002   3.9451481717140582E-006   6.9400068546417920E-310   1.0000000000000000E-002   1.2000000000000000E-002   1.0018949173666170        0.0000000000000000        1.0018949173666170        1.0000000000000000        6.9400066739805622E-310
  -4.4995790603640118E-002   5.0457146460025892E-006   6.9400066883177543E-310   1.0000000000000000E-002   1.2000000000000000E-002   1.0018934041106911        0.0000000000000000        1.0018934041106911        1.0000000000000000        6.9400066739805622E-310
