 # x, v, a, m, h, rho, u, P, c, ke
   2.2511999999999945     
   5.0004138619437737E-003  -1.6090408042703100E-006  -1.7590374682185939E-005   1.0000000000000000E-002   1.2000000000000000E-002   1.0017159029097937        0.0000000000000000        1.0017159029097937        1.0000000000000000        6.9400066739805622E-310
   1.5001239952084152E-002  -4.8207741404585890E-006  -5.2701655447684459E-005   1.0000000000000000E-002   1.2000000000000000E-002   1.0017162364844383        0.0000000000000000        1.0017162364844383        1.0000000000000000        6.9400066739805622E-310
   2.5002061147437967E-002  -8.0134898292740650E-006  -8.7604771482396870E-005   1.0000000000000000E-002   1.2000000000000000E-002   1.0017169023167634        0.0000000000000000        1.0017169023167634        1.0000000000000000        6.9400066739805622E-310
   3.5002874206299328E-002  -1.1174592388130920E-005  -1.2216176221624409E-004   1.0000000000000000E-002   1.2000000000000000E-002   1.0017178977773924        0.0000000000000000        1.0017178977773924        1.0000000000000000        6.9400066739805622E-310
   4.5003675919116248E-002  -1.4291611287945006E-005  -1.5623627545302554E-004   1.0000000000000000E-002   1.2000000000000000E-002   1.0017192189357182        0.0000000000000000        1.0017192189357182        1.0000000000000000        6.9400066739805622E-310
   5.5004463121148664E-002  -1.7352249095528647E-005  -1.8969361753473635E-004   1.0000000000000000E-002   1.2000000000000000E-002   1.0017208605753187        0.0000000000000000        1.0017208605753187        1.0000000000000000        6.9400066739805622E-310
   6.5005232704986690E-002  -2.0344431049692299E-005  -2.2240168662257531E-004   1.0000000000000000E-002   1.2000000000000000E-002   1.0017228162141092        0.0000000000000000        1.0017228162141092        1.0000000000000000        6.9400066739805622E-310
   7.5005981632815230E-002  -2.3256352564678575E-005  -2.5423124720358459E-004   1.0000000000000000E-002   1.2000000000000000E-002   1.0017250781302312        0.0000000000000000        1.0017250781302312        1.0000000000000000        6.9400066739805622E-310
   8.5006706948422356E-002  -2.6076524090004514E-005  -2.8505666382638850E-004   1.0000000000000000E-002   1.2000000000000000E-002   1.0017276373926143        0.0000000000000000        1.0017276373926143        1.0000000000000000        6.9400066739805622E-310
   9.5007405788865532E-002  -2.8793818787467759E-005  -3.1475620274612481E-004   1.0000000000000000E-002   1.2000000000000000E-002   1.0017304838965573        0.0000000000000000        1.0017304838965573        1.0000000000000000        6.9400066739805622E-310
  0.10500807539578011       -3.1397515029508344E-005  -3.4321258007352640E-004   1.0000000000000000E-002   1.2000000000000000E-002   1.0017336064032596        0.0000000000000000        1.0017336064032596        1.0000000000000000        6.9400066739805622E-310
  0.11500871312627253       -3.3877338523214304E-005  -3.7031345449456410E-004   1.0000000000000000E-002   1.2000000000000000E-002   1.0017369925843631        0.0000000000000000        1.0017369925843631        1.0000000000000000        6.9400066739805622E-310
  0.12500931646335392       -3.6223503609755923E-005  -3.9595184083385249E-004   1.0000000000000000E-002   1.2000000000000000E-002   1.0017406290707134        0.0000000000000000        1.0017406290707134        1.0000000000000000        6.9400066739805622E-310
  0.13500988302587744       -3.8426751306592292E-005  -4.2002657848172475E-004   1.0000000000000000E-002   1.2000000000000000E-002   1.0017445015053326        0.0000000000000000        1.0017445015053326        1.0000000000000000        6.9400066739805622E-310
  0.14501041057793279       -4.0478386062110856E-005  -4.4244265397264115E-004   1.0000000000000000E-002   1.2000000000000000E-002   1.0017485946001663        0.0000000000000000        1.0017485946001663        1.0000000000000000        6.9400066739805622E-310
  0.15501089703767051       -4.2370310093121627E-005  -4.6311159364886834E-004   1.0000000000000000E-002   1.2000000000000000E-002   1.0017528921962073        0.0000000000000000        1.0017528921962073        1.0000000000000000        6.9400066739805622E-310
  0.16501134048551921       -4.4095055362241156E-005  -4.8195188921873466E-004   1.0000000000000000E-002   1.2000000000000000E-002   1.0017573773275090        0.0000000000000000        1.0017573773275090        1.0000000000000000        6.9400066739805622E-310
  0.17501173917175419       -4.5645812814751880E-005  -4.9888924767760301E-004   1.0000000000000000E-002   1.2000000000000000E-002   1.0017620322883960        0.0000000000000000        1.0017620322883960        1.0000000000000000        6.9400066739805622E-310
  0.18501209152339682       -4.7016459662637352E-005  -5.1385688580296573E-004   1.0000000000000000E-002   1.2000000000000000E-002   1.0017668387032637        0.0000000000000000        1.0017668387032637        1.0000000000000000        6.9400066739805622E-310
  0.19501239615041630       -4.8201583367958705E-005  -5.2679582256853763E-004   1.0000000000000000E-002   1.2000000000000000E-002   1.0017717775991974        0.0000000000000000        1.0017717775991974        1.0000000000000000        6.9400066739805622E-310
  0.20501265185120560       -4.9196503004603994E-005  -5.3765508002800999E-004   1.0000000000000000E-002   1.2000000000000000E-002   1.0017768294808986        0.0000000000000000        1.0017768294808986        1.0000000000000000        6.9400066739805622E-310
  0.21501285761731581       -4.9997287906750648E-005  -5.4639193088945603E-004   1.0000000000000000E-002   1.2000000000000000E-002   1.0017819744077745        0.0000000000000000        1.0017819744077745        1.0000000000000000        6.9400066739805622E-310
  0.22501301263742132       -5.0600773803709141E-005  -5.5297196421832950E-004   1.0000000000000000E-002   1.2000000000000000E-002   1.0017871920725288        0.0000000000000000        1.0017871920725288        1.0000000000000000        6.9400066739805622E-310
  0.23501311630051550       -5.1004573861648950E-005  -5.5736934166361607E-004   1.0000000000000000E-002   1.2000000000000000E-002   1.0017924618812548        0.0000000000000000        1.0017924618812548        1.0000000000000000        6.9400066739805622E-310
  0.24501316819830848       -5.1207089565761186E-005  -5.5956686953262391E-004   1.0000000000000000E-002   1.2000000000000000E-002   1.0017977630351462        0.0000000000000000        1.0017977630351462        1.0000000000000000        6.9400066739805622E-310
  0.25501316812682084       -5.1207516940933256E-005  -5.5955596946066777E-004   1.0000000000000000E-002   1.2000000000000000E-002   1.0018030746123372        0.0000000000000000        1.0018030746123372        1.0000000000000000        6.9400066739805622E-310
  0.26501311608718153       -5.1005849105824887E-005  -5.5733685688519330E-004   1.0000000000000000E-002   1.2000000000000000E-002   1.0018083756505922        0.0000000000000000        1.0018083756505922        1.0000000000000000        6.9400066739805622E-310
  0.27501301228560127       -5.0602876658145973E-005  -5.5291831189929752E-004   1.0000000000000000E-002   1.2000000000000000E-002   1.0018136452296573        0.0000000000000000        1.0018136452296573        1.0000000000000000        6.9400066739805622E-310
  0.28501285713256153       -5.0000185600547012E-005  -5.4631802505067384E-004   1.0000000000000000E-002   1.2000000000000000E-002   1.0018188625541968        0.0000000000000000        1.0018188625541968        1.0000000000000000        6.9400066739805622E-310
  0.29501265124116377       -4.9200149563088405E-005  -5.3756211590716418E-004   1.0000000000000000E-002   1.2000000000000000E-002   1.0018240070361397        0.0000000000000000        1.0018240070361397        1.0000000000000000        6.9400066739805622E-310
  0.30501239542470565       -4.8205921284384796E-005  -5.2668522398313655E-004   1.0000000000000000E-002   1.2000000000000000E-002   1.0018290583751204        0.0000000000000000        1.0018290583751204        1.0000000000000000        6.9400066739805622E-310
  0.31501209069346131       -4.7021420456233065E-005  -5.1373039634317053E-004   1.0000000000000000E-002   1.2000000000000000E-002   1.0018339966389262        0.0000000000000000        1.0018339966389262        1.0000000000000000        6.9400066739805622E-310
  0.32501173825068141       -4.5651318389094827E-005  -4.9874884668366093E-004   1.0000000000000000E-002   1.2000000000000000E-002   1.0018388023421652        0.0000000000000000        1.0018388023421652        1.0000000000000000        6.9400066739805622E-310
  0.33501133948783618       -4.4101019100403513E-005  -4.8179981353602130E-004   1.0000000000000000E-002   1.2000000000000000E-002   1.0018434565231524        0.0000000000000000        1.0018434565231524        1.0000000000000000        6.9400066739805622E-310
  0.34501089597911266       -4.2376637611897019E-005  -4.6295026556375518E-004   1.0000000000000000E-002   1.2000000000000000E-002   1.0018479408188203        0.0000000000000000        1.0018479408188203        1.0000000000000000        6.9400066739805622E-310
  0.35501040947519175       -4.0484977685391176E-005  -4.4227455212197953E-004   1.0000000000000000E-002   1.2000000000000000E-002   1.0018522375364620        0.0000000000000000        1.0018522375364620        1.0000000000000000        6.9400066739805622E-310
  0.36500988189634731       -3.8433502969989228E-005  -4.1985442631276015E-004   1.0000000000000000E-002   1.2000000000000000E-002   1.0018563297240226        0.0000000000000000        1.0018563297240226        1.0000000000000000        6.9400066739805622E-310
  0.37500931532484644       -3.6230309024683742E-005  -3.9577831416348630E-004   1.0000000000000000E-002   1.2000000000000000E-002   1.0018602012369631        0.0000000000000000        1.0018602012369631        1.0000000000000000        6.9400066739805622E-310
  0.38500871199674269       -3.3884090354290506E-005  -3.7014129635437598E-004   1.0000000000000000E-002   1.2000000000000000E-002   1.0018638368015966        0.0000000000000000        1.0018638368015966        1.0000000000000000        6.9400066739805622E-310
  0.39500807429304080       -3.1404106546279699E-005  -3.4304450157662814E-004   1.0000000000000000E-002   1.2000000000000000E-002   1.0018672220755109        0.0000000000000000        1.0018672220755109        1.0000000000000000        6.9400066739805622E-310
  0.40500740473030772       -2.8800146382762542E-005  -3.1459485751472727E-004   1.0000000000000000E-002   1.2000000000000000E-002   1.0018703437038479        0.0000000000000000        1.0018703437038479        1.0000000000000000        6.9400066739805622E-310
  0.41500670595074007       -2.6082487594113315E-005  -2.8490459599961326E-004   1.0000000000000000E-002   1.2000000000000000E-002   1.0018731893721069        0.0000000000000000        1.0018731893721069        1.0000000000000000        6.9400066739805622E-310
  0.42500598071174306       -2.3261858058960896E-005  -2.5409087286210053E-004   1.0000000000000000E-002   1.2000000000000000E-002   1.0018757478547491        0.0000000000000000        1.0018757478547491        1.0000000000000000        6.9400066739805622E-310
  0.43500523187504880       -2.0349392084049036E-005  -2.2227517959017007E-004   1.0000000000000000E-002   1.2000000000000000E-002   1.0018780090592780        0.0000000000000000        1.0018780090592780        1.0000000000000000        6.9400066739805622E-310
  0.44500446239543451       -1.7356586981621703E-005  -1.8958297573057337E-004   1.0000000000000000E-002   1.2000000000000000E-002   1.0018799640656753        0.0000000000000000        1.0018799640656753        1.0000000000000000        6.9400066739805622E-310
  0.45500367530907360       -1.4295257741323289E-005  -1.5614329933999471E-004   1.0000000000000000E-002   1.2000000000000000E-002   1.0018816051623010        0.0000000000000000        1.0018816051623010        1.0000000000000000        6.9400066739805622E-310
  0.46500287372154897       -1.1177490094009893E-005  -1.2208792492263143E-004   1.0000000000000000E-002   1.2000000000000000E-002   1.0018829258759501        0.0000000000000000        1.0018829258759501        1.0000000000000000        6.9400066739805622E-310
  0.47500206079561863       -8.0155929963918963E-006  -8.7551109373862346E-005   1.0000000000000000E-002   1.2000000000000000E-002   1.0018839209966317        0.0000000000000000        1.0018839209966317        1.0000000000000000        6.9400066739805622E-310
  0.48500123973874970       -4.8220492128465145E-006  -5.2669152787565565E-005   1.0000000000000000E-002   1.2000000000000000E-002   1.0018845865991552        0.0000000000000000        1.0018845865991552        1.0000000000000000        6.9400066739805622E-310
  0.49500041379045617       -1.6094678796288663E-006  -1.7579477554541256E-005   1.0000000000000000E-002   1.2000000000000000E-002   1.0018849200581232        0.0000000000000000        1.0018849200581232        1.0000000000000000        6.9400066739805622E-310
  0.50499958620954399        1.6094677829531560E-006   1.7579489970387385E-005   1.0000000000000000E-002   1.2000000000000000E-002   1.0018849200580611        0.0000000000000000        1.0018849200580611        1.0000000000000000        6.9400066739805622E-310
  0.51499876026125202        4.8220496459741626E-006   5.2669132462490609E-005   1.0000000000000000E-002   1.2000000000000000E-002   1.0018845865991399        0.0000000000000000        1.0018845865991399        1.0000000000000000        6.9400066739805622E-310
  0.52499793920438176        8.0155927198749583E-006   8.7551124122065005E-005   1.0000000000000000E-002   1.2000000000000000E-002   1.0018839209966368        0.0000000000000000        1.0018839209966368        1.0000000000000000        6.9400066739805622E-310
  0.53499712627845264        1.1177490058948848E-005   1.2208790637835421E-004   1.0000000000000000E-002   1.2000000000000000E-002   1.0018829258759687        0.0000000000000000        1.0018829258759687        1.0000000000000000        6.9400066739805622E-310
  0.54499632469092651        1.4295257873149569E-005   1.5614330914015540E-004   1.0000000000000000E-002   1.2000000000000000E-002   1.0018816051623674        0.0000000000000000        1.0018816051623674        1.0000000000000000        6.9400066739805622E-310
  0.55499553760456555        1.7356586823059493E-005   1.8958298195403955E-004   1.0000000000000000E-002   1.2000000000000000E-002   1.0018799640656628        0.0000000000000000        1.0018799640656628        1.0000000000000000        6.9400066739805622E-310
  0.56499476812495175        2.0349392144966647E-005   2.2227516803408065E-004   1.0000000000000000E-002   1.2000000000000000E-002   1.0018780090592916        0.0000000000000000        1.0018780090592916        1.0000000000000000        6.9400066739805622E-310
  0.57499401928825677        2.3261858050244592E-005   2.5409087299710365E-004   1.0000000000000000E-002   1.2000000000000000E-002   1.0018757478548161        0.0000000000000000        1.0018757478548161        1.0000000000000000        6.9400066739805622E-310
  0.58499329404925893        2.6082487567119411E-005   2.8490461124519584E-004   1.0000000000000000E-002   1.2000000000000000E-002   1.0018731893720980        0.0000000000000000        1.0018731893720980        1.0000000000000000        6.9400066739805622E-310
  0.59499259526969239        2.8800146509757558E-005   3.1459485004337040E-004   1.0000000000000000E-002   1.2000000000000000E-002   1.0018703437038106        0.0000000000000000        1.0018703437038106        1.0000000000000000        6.9400066739805622E-310
  0.60499192570695892        3.1404106649930260E-005   3.4304451292577198E-004   1.0000000000000000E-002   1.2000000000000000E-002   1.0018672220754532        0.0000000000000000        1.0018672220754532        1.0000000000000000        6.9400066739805622E-310
  0.61499128800325864        3.3884090236806840E-005   3.7014127641121775E-004   1.0000000000000000E-002   1.2000000000000000E-002   1.0018638368015755        0.0000000000000000        1.0018638368015755        1.0000000000000000        6.9400066739805622E-310
  0.62499068467515373        3.6230308921828558E-005   3.9577832365988996E-004   1.0000000000000000E-002   1.2000000000000000E-002   1.0018602012369926        0.0000000000000000        1.0018602012369926        1.0000000000000000        6.9400066739805622E-310
  0.63499011810365324        3.8433503021024427E-005   4.1985442941516737E-004   1.0000000000000000E-002   1.2000000000000000E-002   1.0018563297239929        0.0000000000000000        1.0018563297239929        1.0000000000000000        6.9400066739805622E-310
  0.64498959052480909        4.0484977617900350E-005   4.4227455249767900E-004   1.0000000000000000E-002   1.2000000000000000E-002   1.0018522375364201        0.0000000000000000        1.0018522375364201        1.0000000000000000        6.9400066739805622E-310
  0.65498910402088883        4.2376637686652305E-005   4.6295024987319522E-004   1.0000000000000000E-002   1.2000000000000000E-002   1.0018479408188428        0.0000000000000000        1.0018479408188428        1.0000000000000000        6.9400066739805622E-310
  0.66498866051216421        4.4101018810454269E-005   4.8179981720597453E-004   1.0000000000000000E-002   1.2000000000000000E-002   1.0018434565232315        0.0000000000000000        1.0018434565232315        1.0000000000000000        6.9400066739805622E-310
  0.67498826174931825        4.5651318674440020E-005   4.9874886689504905E-004   1.0000000000000000E-002   1.2000000000000000E-002   1.0018388023421383        0.0000000000000000        1.0018388023421383        1.0000000000000000        6.9400066739805622E-310
  0.68498790930653963        4.7021420492153083E-005   5.1373039392110798E-004   1.0000000000000000E-002   1.2000000000000000E-002   1.0018339966388181        0.0000000000000000        1.0018339966388181        1.0000000000000000        6.9400066739805622E-310
  0.69498760457529651        4.8205921229879107E-005   5.2668519688214843E-004   1.0000000000000000E-002   1.2000000000000000E-002   1.0018290583751497        0.0000000000000000        1.0018290583751497        1.0000000000000000        6.9400066739805622E-310
  0.70498734875883651        4.9200149448545678E-005   5.3756211958511102E-004   1.0000000000000000E-002   1.2000000000000000E-002   1.0018240070362645        0.0000000000000000        1.0018240070362645        1.0000000000000000        6.9400066739805622E-310
  0.71498714286743803        5.0000185653934929E-005   5.4631802886095926E-004   1.0000000000000000E-002   1.2000000000000000E-002   1.0018188625542976        0.0000000000000000        1.0018188625542976        1.0000000000000000        6.9400066739805622E-310
  0.72498698771439674        5.0602876826530519E-005   5.5291834764670256E-004   1.0000000000000000E-002   1.2000000000000000E-002   1.0018136452295721        0.0000000000000000        1.0018136452295721        1.0000000000000000        6.9400066739805622E-310
  0.73498688391282008        5.1005849042279026E-005   5.5733681800074208E-004   1.0000000000000000E-002   1.2000000000000000E-002   1.0018083756505314        0.0000000000000000        1.0018083756505314        1.0000000000000000        6.9400066739805622E-310
  0.74498683187317838        5.1207516914013031E-005   5.5955599276558132E-004   1.0000000000000000E-002   1.2000000000000000E-002   1.0018030746123383        0.0000000000000000        1.0018030746123383        1.0000000000000000        6.9400066739805622E-310
  0.75498683180169313        5.1207089468571575E-005   5.5956683006286312E-004   1.0000000000000000E-002   1.2000000000000000E-002   1.0017977630352184        0.0000000000000000        1.0017977630352184        1.0000000000000000        6.9400066739805622E-310
  0.76498688369948220        5.1004573871780847E-005   5.5736938442585426E-004   1.0000000000000000E-002   1.2000000000000000E-002   1.0017924618813205        0.0000000000000000        1.0017924618813205        1.0000000000000000        6.9400066739805622E-310
  0.77498698736257876        5.0600773802456068E-005   5.5297194816184003E-004   1.0000000000000000E-002   1.2000000000000000E-002   1.0017871920724650        0.0000000000000000        1.0017871920724650        1.0000000000000000        6.9400066739805622E-310
  0.78498714238268352        4.9997288131643676E-005   5.4639193113104056E-004   1.0000000000000000E-002   1.2000000000000000E-002   1.0017819744077883        0.0000000000000000        1.0017819744077883        1.0000000000000000        6.9400066739805622E-310
  0.79498734814879413        4.9196503040576406E-005   5.3765507172265359E-004   1.0000000000000000E-002   1.2000000000000000E-002   1.0017768294809448        0.0000000000000000        1.0017768294809448        1.0000000000000000        6.9400066739805622E-310
  0.80498760384958190        4.8201583175192464E-005   5.2679585426229636E-004   1.0000000000000000E-002   1.2000000000000000E-002   1.0017717775991424        0.0000000000000000        1.0017717775991424        1.0000000000000000        6.9400066739805622E-310
  0.81498790847660407        4.7016459627024522E-005   5.1385686089311378E-004   1.0000000000000000E-002   1.2000000000000000E-002   1.0017668387031680        0.0000000000000000        1.0017668387031680        1.0000000000000000        6.9400066739805622E-310
  0.82498826082824628        4.5645812731645974E-005   4.9888923703722554E-004   1.0000000000000000E-002   1.2000000000000000E-002   1.0017620322884730        0.0000000000000000        1.0017620322884730        1.0000000000000000        6.9400066739805622E-310
  0.83498865951447965        4.4095055386002151E-005   4.8195192087074901E-004   1.0000000000000000E-002   1.2000000000000000E-002   1.0017573773274822        0.0000000000000000        1.0017573773274822        1.0000000000000000        6.9400066739805622E-310
  0.84498910296233054        4.2370310149131227E-005   4.6311158042566802E-004   1.0000000000000000E-002   1.2000000000000000E-002   1.0017528921961014        0.0000000000000000        1.0017528921961014        1.0000000000000000        6.9400066739805622E-310
  0.85498958942206849        4.0478386054189702E-005   4.4244264218207263E-004   1.0000000000000000E-002   1.2000000000000000E-002   1.0017485946001767        0.0000000000000000        1.0017485946001767        1.0000000000000000        6.9400066739805622E-310
  0.86499011697412331        3.8426751394080610E-005   4.2002657325923565E-004   1.0000000000000000E-002   1.2000000000000000E-002   1.0017445015054123        0.0000000000000000        1.0017445015054123        1.0000000000000000        6.9400066739805622E-310
  0.87499068353664566        3.6223503561025684E-005   3.9595185119090104E-004   1.0000000000000000E-002   1.2000000000000000E-002   1.0017406290707758        0.0000000000000000        1.0017406290707758        1.0000000000000000        6.9400066739805622E-310
  0.88499128687372686        3.3877338466045116E-005   3.7031346397942144E-004   1.0000000000000000E-002   1.2000000000000000E-002   1.0017369925843322        0.0000000000000000        1.0017369925843322        1.0000000000000000        6.9400066739805622E-310
  0.89499192460422028        3.1397515007799920E-005   3.4321256729707983E-004   1.0000000000000000E-002   1.2000000000000000E-002   1.0017336064032465        0.0000000000000000        1.0017336064032465        1.0000000000000000        6.9400066739805622E-310
  0.90499259421113409        2.8793818774121657E-005   3.1475621191390246E-004   1.0000000000000000E-002   1.2000000000000000E-002   1.0017304838965568        0.0000000000000000        1.0017304838965568        1.0000000000000000        6.9400066739805622E-310
  0.91499329305157795        2.6076524268177650E-005   2.8505666439748722E-004   1.0000000000000000E-002   1.2000000000000000E-002   1.0017276373925723        0.0000000000000000        1.0017276373925723        1.0000000000000000        6.9400066739805622E-310
  0.92499401836718520        2.3256352334044843E-005   2.5423125777201960E-004   1.0000000000000000E-002   1.2000000000000000E-002   1.0017250781301428        0.0000000000000000        1.0017250781301428        1.0000000000000000        6.9400066739805622E-310
  0.93499476729501552        2.0344431080638278E-005   2.2240166096576530E-004   1.0000000000000000E-002   1.2000000000000000E-002   1.0017228162140825        0.0000000000000000        1.0017228162140825        1.0000000000000000        6.9400066739805622E-310
  0.94499553687885252        1.7352249065662567E-005   1.8969360335940877E-004   1.0000000000000000E-002   1.2000000000000000E-002   1.0017208605754733        0.0000000000000000        1.0017208605754733        1.0000000000000000        6.9400066739805622E-310
  0.95499632408088253        1.4291611291940811E-005   1.5623630230887642E-004   1.0000000000000000E-002   1.2000000000000000E-002   1.0017192189358197        0.0000000000000000        1.0017192189358197        1.0000000000000000        6.9400066739805622E-310
  0.96499712579369956        1.1174592452505983E-005   1.2216178290280766E-004   1.0000000000000000E-002   1.2000000000000000E-002   1.0017178977772727        0.0000000000000000        1.0017178977772727        1.0000000000000000        6.9400066739805622E-310
  0.97499793885256369        8.0134899366900230E-006   8.7604736466850852E-005   1.0000000000000000E-002   1.2000000000000000E-002   1.0017169023167154        0.0000000000000000        1.0017169023167154        1.0000000000000000        6.9400066739805622E-310
  0.98499876004791564        4.8207742116101435E-006   5.2701674488453421E-005   1.0000000000000000E-002   1.2000000000000000E-002   1.0017162364844618        0.0000000000000000        1.0017162364844618        1.0000000000000000        6.9400066739805622E-310
  0.99499958613805717        1.6090406387312571E-006   1.7590367288100595E-005   1.0000000000000000E-002   1.2000000000000000E-002   1.0017159029097533        0.0000000000000000        1.0017159029097533        1.0000000000000000        6.9400066739805622E-310
   1.0050004138619437       -1.6090460226080719E-006  -1.7752249547697829E-005   1.0000000000000000E-002   1.2000000000000000E-002   1.0017159029097937        0.0000000000000000        1.0017159029097937        1.0000000000000000        6.9400066739805622E-310
   1.0150012399520842       -4.8207897743591632E-006  -5.3186611814304285E-005   1.0000000000000000E-002   1.2000000000000000E-002   1.0017162364844383        0.0000000000000000        1.0017162364844383        1.0000000000000000        6.9400066739805622E-310
   1.0250020611474380       -8.0135158222130657E-006  -8.8410909492075973E-005   1.0000000000000000E-002   1.2000000000000000E-002   1.0017169023167634        0.0000000000000000        1.0017169023167634        1.0000000000000000        6.9400066739805622E-310
   1.0350028742062993       -1.1174628625034531E-005  -1.2328590883203816E-004   1.0000000000000000E-002   1.2000000000000000E-002   1.0017178977773924        0.0000000000000000        1.0017178977773924        1.0000000000000000        6.9400066739805622E-310
   1.0450036759191161       -1.4291657638690115E-005  -1.5767400774091556E-004   1.0000000000000000E-002   1.2000000000000000E-002   1.0017192189357182        0.0000000000000000        1.0017192189357182        1.0000000000000000        6.9400066739805622E-310
  -5.0004138619428318E-003   1.6092348831523382E-006  -3.5767633061438002E+077   1.0000000000000000E-002   1.2000000000000000E-002   1.0017159029097533        0.0000000000000000        1.0017159029097533        1.0000000000000000        6.9400066739805622E-310
  -1.5001239952084355E-002   4.8213561624475300E-006   0.0000000000000000        1.0000000000000000E-002   1.2000000000000000E-002   1.0017162364844618        0.0000000000000000        1.0017162364844618        1.0000000000000000        6.9400066739805622E-310
  -2.5002061147436305E-002   8.0144573084822944E-006  -3.5767633061438002E+077   1.0000000000000000E-002   1.2000000000000000E-002   1.0017169023167154        0.0000000000000000        1.0017169023167154        1.0000000000000000        6.9400066739805622E-310
  -3.5002874206300438E-002   1.1175941426687407E-005   6.9400068546417920E-310   1.0000000000000000E-002   1.2000000000000000E-002   1.0017178977772727        0.0000000000000000        1.0017178977772727        1.0000000000000000        6.9400066739805622E-310
  -4.5003675919117470E-002   1.4293336567321503E-005   6.9400066883177543E-310   1.0000000000000000E-002   1.2000000000000000E-002   1.0017192189358197        0.0000000000000000        1.0017192189358197        1.0000000000000000        6.9400066739805622E-310
