 # x, v, a, m, h, rho, u, P, c, ke
   4.0512000000001196     
   5.0004610655661353E-003   9.1302634514611672E-007  -1.9587397617648605E-005   1.0000000000000000E-002   1.2000000000000000E-002   1.0017062650201669        0.0000000000000000        1.0017062650201669        1.0000000000000000        6.9400066739805622E-310
   1.5001381377463978E-002   2.7354674480793310E-006  -5.8684913214257506E-005   1.0000000000000000E-002   1.2000000000000000E-002   1.0017066364602443        0.0000000000000000        1.0017066364602443        1.0000000000000000        6.9400066739805622E-310
   2.5002296238843813E-002   4.5470872415375710E-006  -9.7551101697845866E-005   1.0000000000000000E-002   1.2000000000000000E-002   1.0017073778765928        0.0000000000000000        1.0017073778765928        1.0000000000000000        6.9400066739805622E-310
   3.5003202039904924E-002   6.3407201320436653E-006  -1.3603261548933432E-004   1.0000000000000000E-002   1.2000000000000000E-002   1.0017084863472667        0.0000000000000000        1.0017084863472667        1.0000000000000000        6.9400066739805622E-310
   4.5004095206582599E-002   8.1092717803899140E-006  -1.7397783280959089E-004   1.0000000000000000E-002   1.2000000000000000E-002   1.0017099575037385        0.0000000000000000        1.0017099575037385        1.0000000000000000        6.9400066739805622E-310
   5.5004972214623374E-002   9.8457471732565082E-006  -2.1123700254310762E-004   1.0000000000000000E-002   1.2000000000000000E-002   1.0017117855479125        0.0000000000000000        1.0017117855479125        1.0000000000000000        6.9400066739805622E-310
   6.5005829603503706E-002   1.1543279897409818E-005  -2.4766333305681343E-004   1.0000000000000000E-002   1.2000000000000000E-002   1.0017139632749430        0.0000000000000000        1.0017139632749430        1.0000000000000000        6.9400066739805622E-310
   7.5006663990057995E-002   1.3195157763829397E-005  -2.8311311796347383E-004   1.0000000000000000E-002   1.2000000000000000E-002   1.0017164821019504        0.0000000000000000        1.0017164821019504        1.0000000000000000        6.9400066739805622E-310
   8.5007472081829891E-002   1.4794851427999926E-005  -3.1744648596632175E-004   1.0000000000000000E-002   1.2000000000000000E-002   1.0017193321007070        0.0000000000000000        1.0017193321007070        1.0000000000000000        6.9400066739805622E-310
   9.5008250690065341E-002   1.6336037969320488E-005  -3.5052812060420990E-004   1.0000000000000000E-002   1.2000000000000000E-002   1.0017225020374321        0.0000000000000000        1.0017225020374321        1.0000000000000000        6.9400066739805622E-310
  0.10500899674227811        1.7812627720958873E-005  -3.8222749892291574E-004   1.0000000000000000E-002   1.2000000000000000E-002   1.0017259794170199        0.0000000000000000        1.0017259794170199        1.0000000000000000        6.9400066739805622E-310
  0.11500970729437514        1.9218788761487201E-005  -4.1241951872805771E-004   1.0000000000000000E-002   1.2000000000000000E-002   1.0017297505314555        0.0000000000000000        1.0017297505314555        1.0000000000000000        6.9400066739805622E-310
  0.12501037954227490        2.0548967647948392E-005  -4.4098505053469239E-004   1.0000000000000000E-002   1.2000000000000000E-002   1.0017338005137864        0.0000000000000000        1.0017338005137864        1.0000000000000000        6.9400066739805622E-310
  0.13501101083297357        2.1797913823902530E-005  -4.6781146549701447E-004   1.0000000000000000E-002   1.2000000000000000E-002   1.0017381133971666        0.0000000000000000        1.0017381133971666        1.0000000000000000        6.9400066739805622E-310
  0.14501159867500293        2.2960700007718156E-005  -4.9279281785796769E-004   1.0000000000000000E-002   1.2000000000000000E-002   1.0017426721773770        0.0000000000000000        1.0017426721773770        1.0000000000000000        6.9400066739805622E-310
  0.15501214074827069        2.4032739579497731E-005  -5.1583041733405111E-004   1.0000000000000000E-002   1.2000000000000000E-002   1.0017474588788293        0.0000000000000000        1.0017474588788293        1.0000000000000000        6.9400066739805622E-310
  0.16501263491322873        2.5009807413723219E-005  -5.3683343343369216E-004   1.0000000000000000E-002   1.2000000000000000E-002   1.0017524546262386        0.0000000000000000        1.0017524546262386        1.0000000000000000        6.9400066739805622E-310
  0.17501307921930265        2.5888054312346856E-005  -5.5571881773008869E-004   1.0000000000000000E-002   1.2000000000000000E-002   1.0017576397187333        0.0000000000000000        1.0017576397187333        1.0000000000000000        6.9400066739805622E-310
  0.18501347191260858        2.6664023796881431E-005  -5.7241198464108578E-004   1.0000000000000000E-002   1.2000000000000000E-002   1.0017629937068138        0.0000000000000000        1.0017629937068138        1.0000000000000000        6.9400066739805622E-310
  0.19501381144287794        2.7334664258700954E-005  -5.8684702384059761E-004   1.0000000000000000E-002   1.2000000000000000E-002   1.0017684954736867        0.0000000000000000        1.0017684954736867        1.0000000000000000        6.9400066739805622E-310
  0.20501409646957433        2.7897340840425237E-005  -5.9896673588966109E-004   1.0000000000000000E-002   1.2000000000000000E-002   1.0017741233176336        0.0000000000000000        1.0017741233176336        1.0000000000000000        6.9400066739805622E-310
  0.21501432586720925        2.8349847129532750E-005  -6.0872323728045075E-004   1.0000000000000000E-002   1.2000000000000000E-002   1.0017798550375294        0.0000000000000000        1.0017798550375294        1.0000000000000000        6.9400066739805622E-310
  0.22501449872978305        2.8690411812230860E-005  -6.1607790316386968E-004   1.0000000000000000E-002   1.2000000000000000E-002   1.0017856680209072        0.0000000000000000        1.0017856680209072        1.0000000000000000        6.9400066739805622E-310
  0.23501461437437313        2.8917707164035352E-005  -6.2100157476763229E-004   1.0000000000000000E-002   1.2000000000000000E-002   1.0017915393327887        0.0000000000000000        1.0017915393327887        1.0000000000000000        6.9400066739805622E-310
  0.24501467234383667        2.9030852310060282E-005  -6.2347458371636577E-004   1.0000000000000000E-002   1.2000000000000000E-002   1.0017974458056349        0.0000000000000000        1.0017974458056349        1.0000000000000000        6.9400066739805622E-310
  0.25501467240863979        2.9029416910734308E-005  -6.2348715140192468E-004   1.0000000000000000E-002   1.2000000000000000E-002   1.0018033641312463        0.0000000000000000        1.0018033641312463        1.0000000000000000        6.9400066739805622E-310
  0.26501461456775927        2.8913424475731144E-005  -6.2103905081922761E-004   1.0000000000000000E-002   1.2000000000000000E-002   1.0018092709530948        0.0000000000000000        1.0018092709530948        1.0000000000000000        6.9400066739805622E-310
  0.27501449904870162        2.8683349385550960E-005  -6.1613968004170516E-004   1.0000000000000000E-002   1.2000000000000000E-002   1.0018151429572599        0.0000000000000000        1.0018151429572599        1.0000000000000000        6.9400066739805622E-310
  0.28501432630663287        2.8340116122740455E-005  -6.0880839104449080E-004   1.0000000000000000E-002   1.2000000000000000E-002   1.0018209569654484        0.0000000000000000        1.0018209569654484        1.0000000000000000        6.9400066739805622E-310
  0.29501409702257148        2.7885094534271637E-005  -5.9907388154911700E-004   1.0000000000000000E-002   1.2000000000000000E-002   1.0018266900265631        0.0000000000000000        1.0018266900265631        1.0000000000000000        6.9400066739805622E-310
  0.30501381210072775        2.7320095954920834E-005  -5.8697446853539503E-004   1.0000000000000000E-002   1.2000000000000000E-002   1.0018323195067644        0.0000000000000000        1.0018323195067644        1.0000000000000000        6.9400066739805622E-310
  0.31501347266493862        2.6647363623542393E-005  -5.7255776944309389E-004   1.0000000000000000E-002   1.2000000000000000E-002   1.0018378231793481        0.0000000000000000        1.0018378231793481        1.0000000000000000        6.9400066739805622E-310
  0.32501308005424678        2.5869564600578664E-005  -5.5588061625932994E-004   1.0000000000000000E-002   1.2000000000000000E-002   1.0018431793126605        0.0000000000000000        1.0018431793126605        1.0000000000000000        6.9400066739805622E-310
  0.33501263581761698        2.4989779562623392E-005  -5.3700865829853228E-004   1.0000000000000000E-002   1.2000000000000000E-002   1.0018483667557554        0.0000000000000000        1.0018483667557554        1.0000000000000000        6.9400066739805622E-310
  0.34501214170784239        2.4011489718038122E-005  -5.1601637475329198E-004   1.0000000000000000E-002   1.2000000000000000E-002   1.0018533650222530        0.0000000000000000        1.0018533650222530        1.0000000000000000        6.9400066739805622E-310
  0.35501159967462065        2.2938562957569697E-005  -4.9298646216922037E-004   1.0000000000000000E-002   1.2000000000000000E-002   1.0018581543713576        0.0000000000000000        1.0018581543713576        1.0000000000000000        6.9400066739805622E-310
  0.36501101185687740        2.1775239627989873E-005  -4.6800982855277340E-004   1.0000000000000000E-002   1.2000000000000000E-002   1.0018627158858677        0.0000000000000000        1.0018627158858677        1.0000000000000000        6.9400066739805622E-310
  0.37501038057432023        2.0526112848576176E-005  -4.4118505933443686E-004   1.0000000000000000E-002   1.2000000000000000E-002   1.0018670315477547        0.0000000000000000        1.0018670315477547        1.0000000000000000        6.9400066739805622E-310
  0.38500970831828135        1.9196114191809356E-005  -4.1261790967883627E-004   1.0000000000000000E-002   1.2000000000000000E-002   1.0018710843087155        0.0000000000000000        1.0018710843087155        1.0000000000000000        6.9400066739805622E-310
  0.39500899774189790        1.7790491158148723E-005  -3.8242116105546842E-004   1.0000000000000000E-002   1.2000000000000000E-002   1.0018748581576595        0.0000000000000000        1.0018748581576595        1.0000000000000000        6.9400066739805622E-310
  0.40500825164963700        1.6314788005216224E-005  -3.5071407253717268E-004   1.0000000000000000E-002   1.2000000000000000E-002   1.0018783381849461        0.0000000000000000        1.0018783381849461        1.0000000000000000        6.9400066739805622E-310
  0.41500747298621715        1.4774823713303640E-005  -3.1762171809024409E-004   1.0000000000000000E-002   1.2000000000000000E-002   1.0018815106407726        0.0000000000000000        1.0018815106407726        1.0000000000000000        6.9400066739805622E-310
  0.42500666482499849        1.3176667865269931E-005  -2.8327487327395318E-004   1.0000000000000000E-002   1.2000000000000000E-002   1.0018843629899779        0.0000000000000000        1.0018843629899779        1.0000000000000000        6.9400066739805622E-310
  0.43500583035583223        1.1526619440005618E-005  -2.4780911727706467E-004   1.0000000000000000E-002   1.2000000000000000E-002   1.0018868839620034        0.0000000000000000        1.0018868839620034        1.0000000000000000        6.9400066739805622E-310
  0.44500497287247420        9.8311790693982251E-006  -2.1136449896097531E-004   1.0000000000000000E-002   1.2000000000000000E-002   1.0018890635949853        0.0000000000000000        1.0018890635949853        1.0000000000000000        6.9400066739805622E-310
  0.45500409575957701        8.0970256134154572E-006  -1.7408494504245198E-004   1.0000000000000000E-002   1.2000000000000000E-002   1.0018908932754895        0.0000000000000000        1.0018908932754895        1.0000000000000000        6.9400066739805622E-310
  0.46500320247932669        6.3309890435444349E-006  -1.3611775970545636E-004   1.0000000000000000E-002   1.2000000000000000E-002   1.0018923657729848        0.0000000000000000        1.0018923657729848        1.0000000000000000        6.9400066739805622E-310
  0.47500229655776138        4.5400248182971576E-006  -9.7612880343156405E-005   1.0000000000000000E-002   1.2000000000000000E-002   1.0018934752684376        0.0000000000000000        1.0018934752684376        1.0000000000000000        6.9400066739805622E-310
  0.48500138157085054        2.7311846680564362E-006  -5.8722412664025114E-005   1.0000000000000000E-002   1.2000000000000000E-002   1.0018942173771801        0.0000000000000000        1.0018942173771801        1.0000000000000000        6.9400066739805622E-310
  0.49500046113036789        9.1159152827066446E-007  -1.9599932999270209E-005   1.0000000000000000E-002   1.2000000000000000E-002   1.0018945891662308        0.0000000000000000        1.0018945891662308        1.0000000000000000        6.9400066739805622E-310
  0.50499953886963289       -9.1159148937268828E-007   1.9599947505888338E-005   1.0000000000000000E-002   1.2000000000000000E-002   1.0018945891661590        0.0000000000000000        1.0018945891661590        1.0000000000000000        6.9400066739805622E-310
  0.51499861842915218       -2.7311848164210052E-006   5.8722369661090568E-005   1.0000000000000000E-002   1.2000000000000000E-002   1.0018942173772480        0.0000000000000000        1.0018942173772480        1.0000000000000000        6.9400066739805622E-310
  0.52499770344223806       -4.5400246831252851E-006   9.7612890326281843E-005   1.0000000000000000E-002   1.2000000000000000E-002   1.0018934752686510        0.0000000000000000        1.0018934752686510        1.0000000000000000        6.9400066739805622E-310
  0.53499679752067142       -6.3309891822387769E-006   1.3611777172695128E-004   1.0000000000000000E-002   1.2000000000000000E-002   1.0018923657730905        0.0000000000000000        1.0018923657730905        1.0000000000000000        6.9400066739805622E-310
  0.54499590424042033       -8.0970254650552089E-006   1.7408497212212382E-004   1.0000000000000000E-002   1.2000000000000000E-002   1.0018908932754345        0.0000000000000000        1.0018908932754345        1.0000000000000000        6.9400066739805622E-310
  0.55499502712752491       -9.8311790559423326E-006   2.1136450945125063E-004   1.0000000000000000E-002   1.2000000000000000E-002   1.0018890635947524        0.0000000000000000        1.0018890635947524        1.0000000000000000        6.9400066739805622E-310
  0.56499416964417026       -1.1526619470362240E-005   2.4780906835530914E-004   1.0000000000000000E-002   1.2000000000000000E-002   1.0018868839619406        0.0000000000000000        1.0018868839619406        1.0000000000000000        6.9400066739805622E-310
  0.57499333517500195       -1.3176667921205969E-005   2.8327487355639391E-004   1.0000000000000000E-002   1.2000000000000000E-002   1.0018843629901411        0.0000000000000000        1.0018843629901411        1.0000000000000000        6.9400066739805622E-310
  0.58499252701378146       -1.4774823859360677E-005   3.1762175172733720E-004   1.0000000000000000E-002   1.2000000000000000E-002   1.0018815106407755        0.0000000000000000        1.0018815106407755        1.0000000000000000        6.9400066739805622E-310
  0.59499174835036361       -1.6314787793116979E-005   3.5071404992148558E-004   1.0000000000000000E-002   1.2000000000000000E-002   1.0018783381848999        0.0000000000000000        1.0018783381848999        1.0000000000000000        6.9400066739805622E-310
  0.60499100225810198       -1.7790491112986877E-005   3.8242115515885189E-004   1.0000000000000000E-002   1.2000000000000000E-002   1.0018748581577608        0.0000000000000000        1.0018748581577608        1.0000000000000000        6.9400066739805622E-310
  0.61499029168171671       -1.9196114211455574E-005   4.1261793922675594E-004   1.0000000000000000E-002   1.2000000000000000E-002   1.0018710843086867        0.0000000000000000        1.0018710843086867        1.0000000000000000        6.9400066739805622E-310
  0.62498961942568076       -2.0526112773864608E-005   4.4118499874468142E-004   1.0000000000000000E-002   1.2000000000000000E-002   1.0018670315478728        0.0000000000000000        1.0018670315478728        1.0000000000000000        6.9400066739805622E-310
  0.63498898814311822       -2.1775239251366285E-005   4.6800987612183320E-004   1.0000000000000000E-002   1.2000000000000000E-002   1.0018627158860496        0.0000000000000000        1.0018627158860496        1.0000000000000000        6.9400066739805622E-310
  0.64498840032537608       -2.2938563366318337E-005   4.9298648374485055E-004   1.0000000000000000E-002   1.2000000000000000E-002   1.0018581543712124        0.0000000000000000        1.0018581543712124        1.0000000000000000        6.9400066739805622E-310
  0.65498785829215656       -2.4011489664070211E-005   5.1601637443887682E-004   1.0000000000000000E-002   1.2000000000000000E-002   1.0018533650220305        0.0000000000000000        1.0018533650220305        1.0000000000000000        6.9400066739805622E-310
  0.66498736418238424       -2.4989779773908608E-005   5.3700864577876928E-004   1.0000000000000000E-002   1.2000000000000000E-002   1.0018483667555775        0.0000000000000000        1.0018483667555775        1.0000000000000000        6.9400066739805622E-310
  0.67498691994575588       -2.5869564526049475E-005   5.5588059001365764E-004   1.0000000000000000E-002   1.2000000000000000E-002   1.0018431793126612        0.0000000000000000        1.0018431793126612        1.0000000000000000        6.9400066739805622E-310
  0.68498652733506238       -2.6647363549654872E-005   5.7255778088993736E-004   1.0000000000000000E-002   1.2000000000000000E-002   1.0018378231794143        0.0000000000000000        1.0018378231794143        1.0000000000000000        6.9400066739805622E-310
  0.69498618789927347       -2.7320095734612938E-005   5.8697446443289891E-004   1.0000000000000000E-002   1.2000000000000000E-002   1.0018323195068031        0.0000000000000000        1.0018323195068031        1.0000000000000000        6.9400066739805622E-310
  0.70498590297742880       -2.7885094880285718E-005   5.9907388490554325E-004   1.0000000000000000E-002   1.2000000000000000E-002   1.0018266900265975        0.0000000000000000        1.0018266900265975        1.0000000000000000        6.9400066739805622E-310
  0.71498567369336785       -2.8340115899503183E-005   6.0880837457322201E-004   1.0000000000000000E-002   1.2000000000000000E-002   1.0018209569655547        0.0000000000000000        1.0018209569655547        1.0000000000000000        6.9400066739805622E-310
  0.72498550095129610       -2.8683349674285458E-005   6.1613973406959843E-004   1.0000000000000000E-002   1.2000000000000000E-002   1.0018151429571902        0.0000000000000000        1.0018151429571902        1.0000000000000000        6.9400066739805622E-310
  0.73498538543224312       -2.8913424641903183E-005   6.2103899589160960E-004   1.0000000000000000E-002   1.2000000000000000E-002   1.0018092709530209        0.0000000000000000        1.0018092709530209        1.0000000000000000        6.9400066739805622E-310
  0.74498532759135982       -2.9029416801535247E-005   6.2348716111593205E-004   1.0000000000000000E-002   1.2000000000000000E-002   1.0018033641313946        0.0000000000000000        1.0018033641313946        1.0000000000000000        6.9400066739805622E-310
  0.75498532765616200       -2.9030852103390362E-005   6.2347461566325535E-004   1.0000000000000000E-002   1.2000000000000000E-002   1.0017974458055756        0.0000000000000000        1.0017974458055756        1.0000000000000000        6.9400066739805622E-310
  0.76498538562562801       -2.8917706951216471E-005   6.2100155037025928E-004   1.0000000000000000E-002   1.2000000000000000E-002   1.0017915393327022        0.0000000000000000        1.0017915393327022        1.0000000000000000        6.9400066739805622E-310
  0.77498550127021759       -2.8690412111862869E-005   6.1607790108730853E-004   1.0000000000000000E-002   1.2000000000000000E-002   1.0017856680209474        0.0000000000000000        1.0017856680209474        1.0000000000000000        6.9400066739805622E-310
  0.78498567413279063       -2.8349847002573302E-005   6.0872326235728025E-004   1.0000000000000000E-002   1.2000000000000000E-002   1.0017798550374561        0.0000000000000000        1.0017798550374561        1.0000000000000000        6.9400066739805622E-310
  0.79498590353042797       -2.7897340767830241E-005   5.9896671058190520E-004   1.0000000000000000E-002   1.2000000000000000E-002   1.0017741233175694        0.0000000000000000        1.0017741233175694        1.0000000000000000        6.9400066739805622E-310
  0.80498618855712345       -2.7334664262292760E-005   5.8684701340006029E-004   1.0000000000000000E-002   1.2000000000000000E-002   1.0017684954737791        0.0000000000000000        1.0017684954737791        1.0000000000000000        6.9400066739805622E-310
  0.81498652808739180       -2.6664023962239193E-005   5.7241197577262426E-004   1.0000000000000000E-002   1.2000000000000000E-002   1.0017629937069943        0.0000000000000000        1.0017629937069943        1.0000000000000000        6.9400066739805622E-310
  0.82498692078069480       -2.5888054369458405E-005   5.5571885896199547E-004   1.0000000000000000E-002   1.2000000000000000E-002   1.0017576397187655        0.0000000000000000        1.0017576397187655        1.0000000000000000        6.9400066739805622E-310
  0.83498736508677107       -2.5009807430039069E-005   5.3683342228971753E-004   1.0000000000000000E-002   1.2000000000000000E-002   1.0017524546261383        0.0000000000000000        1.0017524546261383        1.0000000000000000        6.9400066739805622E-310
  0.84498785925172892       -2.4032739406664158E-005   5.1583043250591487E-004   1.0000000000000000E-002   1.2000000000000000E-002   1.0017474588787181        0.0000000000000000        1.0017474588787181        1.0000000000000000        6.9400066739805622E-310
  0.85498840132499909       -2.2960700136975668E-005   4.9279278786151792E-004   1.0000000000000000E-002   1.2000000000000000E-002   1.0017426721773115        0.0000000000000000        1.0017426721773115        1.0000000000000000        6.9400066739805622E-310
  0.86498898916702771       -2.1797913940595355E-005   4.6781144783913930E-004   1.0000000000000000E-002   1.2000000000000000E-002   1.0017381133973331        0.0000000000000000        1.0017381133973331        1.0000000000000000        6.9400066739805622E-310
  0.87498962045772311       -2.0548967497186841E-005   4.4098510822720982E-004   1.0000000000000000E-002   1.2000000000000000E-002   1.0017338005137666        0.0000000000000000        1.0017338005137666        1.0000000000000000        6.9400066739805622E-310
  0.88499029270562657       -1.9218788712746370E-005   4.1241949707870873E-004   1.0000000000000000E-002   1.2000000000000000E-002   1.0017297505312730        0.0000000000000000        1.0017297505312730        1.0000000000000000        6.9400066739805622E-310
  0.89499100325772418       -1.7812627752547415E-005   3.8222746836868993E-004   1.0000000000000000E-002   1.2000000000000000E-002   1.0017259794170774        0.0000000000000000        1.0017259794170774        1.0000000000000000        6.9400066739805622E-310
  0.90499174930993498       -1.6336037961530333E-005   3.5052812762526031E-004   1.0000000000000000E-002   1.2000000000000000E-002   1.0017225020375922        0.0000000000000000        1.0017225020375922        1.0000000000000000        6.9400066739805622E-310
  0.91499252791816876       -1.4794851388512768E-005   3.1744652055287759E-004   1.0000000000000000E-002   1.2000000000000000E-002   1.0017193321006781        0.0000000000000000        1.0017193321006781        1.0000000000000000        6.9400066739805622E-310
  0.92499333600994316       -1.3195157839522507E-005   2.8311309385298244E-004   1.0000000000000000E-002   1.2000000000000000E-002   1.0017164821018765        0.0000000000000000        1.0017164821018765        1.0000000000000000        6.9400066739805622E-310
  0.93499417039649668       -1.1543279956475133E-005   2.4766333187375977E-004   1.0000000000000000E-002   1.2000000000000000E-002   1.0017139632749876        0.0000000000000000        1.0017139632749876        1.0000000000000000        6.9400066739805622E-310
  0.94499502778537658       -9.8457470787963866E-006   2.1123701049674537E-004   1.0000000000000000E-002   1.2000000000000000E-002   1.0017117855479121        0.0000000000000000        1.0017117855479121        1.0000000000000000        6.9400066739805622E-310
  0.95499590479341789       -8.1092717151502624E-006   1.7397783246408949E-004   1.0000000000000000E-002   1.2000000000000000E-002   1.0017099575037205        0.0000000000000000        1.0017099575037205        1.0000000000000000        6.9400066739805622E-310
  0.96499679796009519       -6.3407201405201883E-006   1.3603263559414103E-004   1.0000000000000000E-002   1.2000000000000000E-002   1.0017084863471468        0.0000000000000000        1.0017084863471468        1.0000000000000000        6.9400066739805622E-310
  0.97499770376115946       -4.5470874543305322E-006   9.7551053819699973E-005   1.0000000000000000E-002   1.2000000000000000E-002   1.0017073778766035        0.0000000000000000        1.0017073778766035        1.0000000000000000        6.9400066739805622E-310
  0.98499861862253579       -2.7354673462312479E-006   5.8684948930576297E-005   1.0000000000000000E-002   1.2000000000000000E-002   1.0017066364603153        0.0000000000000000        1.0017066364603153        1.0000000000000000        6.9400066739805622E-310
  0.99499953893443538       -9.1302632450983238E-007   1.9587385961195025E-005   1.0000000000000000E-002   1.2000000000000000E-002   1.0017062650201083        0.0000000000000000        1.0017062650201083        1.0000000000000000        6.9400066739805622E-310
   1.0050004610655661        9.1302062378673049E-007  -1.9491678739491647E-005   1.0000000000000000E-002   1.2000000000000000E-002   1.0017062650201669        0.0000000000000000        1.0017062650201669        1.0000000000000000        6.9400066739805622E-310
   1.0150013813774639        2.7354503172780199E-006  -5.8398125561076597E-005   1.0000000000000000E-002   1.2000000000000000E-002   1.0017066364602443        0.0000000000000000        1.0017066364602443        1.0000000000000000        6.9400066739805622E-310
   1.0250022962388439        4.5470587577537063E-006  -9.7074401673502564E-005   1.0000000000000000E-002   1.2000000000000000E-002   1.0017073778765928        0.0000000000000000        1.0017073778765928        1.0000000000000000        6.9400066739805622E-310
   1.0350032020399049        6.3406804156790679E-006  -1.3536789784307501E-004   1.0000000000000000E-002   1.2000000000000000E-002   1.0017084863472667        0.0000000000000000        1.0017084863472667        1.0000000000000000        6.9400066739805622E-310
   1.0450040952065827        8.1092209806585593E-006  -1.7312772813671273E-004   1.0000000000000000E-002   1.2000000000000000E-002   1.0017099575037385        0.0000000000000000        1.0017099575037385        1.0000000000000000        6.9400066739805622E-310
  -5.0004610655646209E-003  -9.1314118569492891E-007  -3.5767633061438002E+077   1.0000000000000000E-002   1.2000000000000000E-002   1.0017062650201083        0.0000000000000000        1.0017062650201083        1.0000000000000000        6.9400066739805622E-310
  -1.5001381377464207E-002  -2.7358114886514089E-006   0.0000000000000000        1.0000000000000000E-002   1.2000000000000000E-002   1.0017066364603153        0.0000000000000000        1.0017066364603153        1.0000000000000000        6.9400066739805622E-310
  -2.5002296238840538E-002  -4.5476595002547618E-006  -3.5767633061438002E+077   1.0000000000000000E-002   1.2000000000000000E-002   1.0017073778766035        0.0000000000000000        1.0017073778766035        1.0000000000000000        6.9400066739805622E-310
  -3.5003202039904813E-002  -6.3415178027348682E-006   6.9400068546417920E-310   1.0000000000000000E-002   1.2000000000000000E-002   1.0017084863471468        0.0000000000000000        1.0017084863471468        1.0000000000000000        6.9400066739805622E-310
  -4.5004095206582106E-002  -8.1102918385152429E-006   6.9400066883177543E-310   1.0000000000000000E-002   1.2000000000000000E-002   1.0017099575037205        0.0000000000000000        1.0017099575037205        1.0000000000000000        6.9400066739805622E-310
