 # x, v, a, m, h, rho, u, P, c, ke
   4.5000000000000702     
   4.9995795465864017E-003  -1.5347054843942293E-006   1.7874669107520447E-005   1.0000000000000000E-002   1.2000000000000000E-002   1.0018862808791480        0.0000000000000000        1.0018862808791480        1.0000000000000000        6.9400066739805622E-310
   1.4998740299793213E-002  -4.5980656867659629E-006   5.3553301850861601E-005   1.0000000000000000E-002   1.2000000000000000E-002   1.0018859418216750        0.0000000000000000        1.0018859418216750        1.0000000000000000        6.9400066739805622E-310
   2.4997906026530334E-002  -7.6432973754659177E-006   8.9020286067054144E-005   1.0000000000000000E-002   1.2000000000000000E-002   1.0018852650475925        0.0000000000000000        1.0018852650475925        1.0000000000000000        6.9400066739805622E-310
   3.4997080020643501E-002  -1.0658393590199537E-005   1.2413530762866998E-004   1.0000000000000000E-002   1.2000000000000000E-002   1.0018842532333434        0.0000000000000000        1.0018842532333434        1.0000000000000000        6.9400066739805622E-310
   4.4996265543294688E-002  -1.3631466692065666E-005   1.5875950556676344E-004   1.0000000000000000E-002   1.2000000000000000E-002   1.0018829103811200        0.0000000000000000        1.0018829103811200        1.0000000000000000        6.9400066739805622E-310
   5.4995465810065064E-002  -1.6550793353038906E-005   1.9275615185954109E-004   1.0000000000000000E-002   1.2000000000000000E-002   1.0018812418017200        0.0000000000000000        1.0018812418017200        1.0000000000000000        6.9400066739805622E-310
   6.4994683978264980E-002  -1.9404862092455063E-005   2.2599074348583770E-004   1.0000000000000000E-002   1.2000000000000000E-002   1.0018792540939234        0.0000000000000000        1.0018792540939234        1.0000000000000000        6.9400066739805622E-310
   7.4993923134434592E-002  -2.2182418314566317E-005   2.5833208362868731E-004   1.0000000000000000E-002   1.2000000000000000E-002   1.0018769551181645        0.0000000000000000        1.0018769551181645        1.0000000000000000        6.9400066739805622E-310
   8.4993186282168690E-002  -2.4872507249337140E-005   2.8965226422883461E-004   1.0000000000000000E-002   1.2000000000000000E-002   1.0018743539650701        0.0000000000000000        1.0018743539650701        1.0000000000000000        6.9400066739805622E-310
   9.4992476330234388E-002  -2.7464519211746907E-005   3.1982748943715222E-004   1.0000000000000000E-002   1.2000000000000000E-002   1.0018714609203843        0.0000000000000000        1.0018714609203843        1.0000000000000000        6.9400066739805622E-310
  0.10499179608107313       -2.9948229443828935E-005   3.4873871677021384E-004   1.0000000000000000E-002   1.2000000000000000E-002   1.0018682874227121        0.0000000000000000        1.0018682874227121        1.0000000000000000        6.9400066739805622E-310
  0.11499114821975144       -3.2313839823242952E-005   3.7627166808817947E-004   1.0000000000000000E-002   1.2000000000000000E-002   1.0018648460183619        0.0000000000000000        1.0018648460183619        1.0000000000000000        6.9400066739805622E-310
  0.12499053530334116       -3.4552016318943698E-005   4.0231768748810737E-004   1.0000000000000000E-002   1.2000000000000000E-002   1.0018611503119075        0.0000000000000000        1.0018611503119075        1.0000000000000000        6.9400066739805622E-310
  0.13498995975083428       -3.6653926828710794E-005   4.2677390063161624E-004   1.0000000000000000E-002   1.2000000000000000E-002   1.0018572149119280        0.0000000000000000        1.0018572149119280        1.0000000000000000        6.9400066739805622E-310
  0.14498942383358460       -3.8611275127963272E-005   4.4954387198625767E-004   1.0000000000000000E-002   1.2000000000000000E-002   1.0018530553730349        0.0000000000000000        1.0018530553730349        1.0000000000000000        6.9400066739805622E-310
  0.15498892966635247       -4.0416334375481724E-005   4.7053782297812319E-004   1.0000000000000000E-002   1.2000000000000000E-002   1.0018486881335096        0.0000000000000000        1.0018486881335096        1.0000000000000000        6.9400066739805622E-310
  0.16498847919896958       -4.2061977299926237E-005   4.8967280504275124E-004   1.0000000000000000E-002   1.2000000000000000E-002   1.0018441304512571        0.0000000000000000        1.0018441304512571        1.0000000000000000        6.9400066739805622E-310
  0.17498807420862794       -4.3541703641519158E-005   5.0687355652101473E-004   1.0000000000000000E-002   1.2000000000000000E-002   1.0018394003348161        0.0000000000000000        1.0018394003348161        1.0000000000000000        6.9400066739805622E-310
  0.18498771629289509       -4.4849667536959130E-005   5.2207232631307221E-004   1.0000000000000000E-002   1.2000000000000000E-002   1.0018345164711053        0.0000000000000000        1.0018345164711053        1.0000000000000000        6.9400066739805622E-310
  0.19498740686341967       -4.5980699708522944E-005   5.3520919513605492E-004   1.0000000000000000E-002   1.2000000000000000E-002   1.0018294981526290        0.0000000000000000        1.0018294981526290        1.0000000000000000        6.9400066739805622E-310
  0.20498714714036104       -4.6930327272908805E-005   5.4623262603392675E-004   1.0000000000000000E-002   1.2000000000000000E-002   1.0018243652003245        0.0000000000000000        1.0018243652003245        1.0000000000000000        6.9400066739805622E-310
  0.21498693814760872       -4.7694792952242477E-005   5.5509920392715628E-004   1.0000000000000000E-002   1.2000000000000000E-002   1.0018191378852499        0.0000000000000000        1.0018191378852499        1.0000000000000000        6.9400066739805622E-310
  0.22498678070874101       -4.8271069721790013E-005   5.6177423432846041E-004   1.0000000000000000E-002   1.2000000000000000E-002   1.0018138368485718        0.0000000000000000        1.0018138368485718        1.0000000000000000        6.9400066739805622E-310
  0.23498667544380791       -4.8656871705068320E-005   5.6623153812740412E-004   1.0000000000000000E-002   1.2000000000000000E-002   1.0018084830196874        0.0000000000000000        1.0018084830196874        1.0000000000000000        6.9400066739805622E-310
  0.24498662276689251       -4.8850664661490425E-005   5.6845383401604721E-004   1.0000000000000000E-002   1.2000000000000000E-002   1.0018030975336079        0.0000000000000000        1.0018030975336079        1.0000000000000000        6.9400066739805622E-310
  0.25498662288450802       -4.8851672765793531E-005   5.6843257391125945E-004   1.0000000000000000E-002   1.2000000000000000E-002   1.0017977016471811        0.0000000000000000        1.0017977016471811        1.0000000000000000        6.9400066739805622E-310
  0.26498667579480040       -4.8659879328859750E-005   5.6616807370701849E-004   1.0000000000000000E-002   1.2000000000000000E-002   1.0017923166556371        0.0000000000000000        1.0017923166556371        1.0000000000000000        6.9400066739805622E-310
  0.27498678128757476       -4.8276029299497659E-005   5.6166957443881671E-004   1.0000000000000000E-002   1.2000000000000000E-002   1.0017869638080827        0.0000000000000000        1.0017869638080827        1.0000000000000000        6.9400066739805622E-310
  0.28498693894515503       -4.7701626876212618E-005   5.5495499943170046E-004   1.0000000000000000E-002   1.2000000000000000E-002   1.0017816642240016        0.0000000000000000        1.0017816642240016        1.0000000000000000        6.9400066739805622E-310
  0.29498714814404220       -4.6938927561621421E-005   5.4605115227079892E-004   1.0000000000000000E-002   1.2000000000000000E-002   1.0017764388098986        0.0000000000000000        1.0017764388098986        1.0000000000000000        6.9400066739805622E-310
  0.30498740805740648       -4.5990930357956397E-005   5.3499333560314000E-004   1.0000000000000000E-002   1.2000000000000000E-002   1.0017713081768322        0.0000000000000000        1.0017713081768322        1.0000000000000000        6.9400066739805622E-310
  0.31498771765836087       -4.4861367728699423E-005   5.2182541931777848E-004   1.0000000000000000E-002   1.2000000000000000E-002   1.0017662925595041        0.0000000000000000        1.0017662925595041        1.0000000000000000        6.9400066739805622E-310
  0.32498807572403554       -4.3554688500682556E-005   5.0659957537924072E-004   1.0000000000000000E-002   1.2000000000000000E-002   1.0017614117361970        0.0000000000000000        1.0017614117361970        1.0000000000000000        6.9400066739805622E-310
  0.33498848084042238       -4.2076042066128665E-005   4.8937601369480888E-004   1.0000000000000000E-002   1.2000000000000000E-002   1.0017566849513266        0.0000000000000000        1.0017566849513266        1.0000000000000000        6.9400066739805622E-310
  0.34498893140796394       -4.0431257647111219E-005   4.7022288082398944E-004   1.0000000000000000E-002   1.2000000000000000E-002   1.0017521308396773        0.0000000000000000        1.0017521308396773        1.0000000000000000        6.9400066739805622E-310
  0.35498942564788311       -3.8626821306435959E-005   4.4921585705193223E-004   1.0000000000000000E-002   1.2000000000000000E-002   1.0017477673530284        0.0000000000000000        1.0017477673530284        1.0000000000000000        6.9400066739805622E-310
  0.36498996160921099       -3.6669850308853511E-005   4.2643789327723169E-004   1.0000000000000000E-002   1.2000000000000000E-002   1.0017436116900298        0.0000000000000000        1.0017436116900298        1.0000000000000000        6.9400066739805622E-310
  0.37499053717648784       -3.4568066674759150E-005   4.0197901324745544E-004   1.0000000000000000E-002   1.2000000000000000E-002   1.0017396802281544        0.0000000000000000        1.0017396802281544        1.0000000000000000        6.9400066739805622E-310
  0.38499115007812829       -3.2329763402628155E-005   3.7593565798399453E-004   1.0000000000000000E-002   1.2000000000000000E-002   1.0017359884597894        0.0000000000000000        1.0017359884597894        1.0000000000000000        6.9400066739805622E-310
  0.39499179789537275       -2.9963775341568243E-005   3.4841066455904013E-004   1.0000000000000000E-002   1.2000000000000000E-002   1.0017325509315269        0.0000000000000000        1.0017325509315269        1.0000000000000000        6.9400066739805622E-310
  0.40499247807184224       -2.7479442290526153E-005   3.1951262264406921E-004   1.0000000000000000E-002   1.2000000000000000E-002   1.0017293811865655        0.0000000000000000        1.0017293811865655        1.0000000000000000        6.9400066739805622E-310
  0.41499318792362250       -2.4886572281275261E-005   2.8935545128749851E-004   1.0000000000000000E-002   1.2000000000000000E-002   1.0017264917122175        0.0000000000000000        1.0017264917122175        1.0000000000000000        6.9400066739805622E-310
  0.42499392464984509       -2.2195403286075067E-005   2.5805804947776068E-004   1.0000000000000000E-002   1.2000000000000000E-002   1.0017238938910622        0.0000000000000000        1.0017238938910622        1.0000000000000000        6.9400066739805622E-310
  0.43499468534372909       -1.9416562255163772E-005   2.2574388602958351E-004   1.0000000000000000E-002   1.2000000000000000E-002   1.0017215979556884        0.0000000000000000        1.0017215979556884        1.0000000000000000        6.9400066739805622E-310
  0.44499546700405324       -1.6561024214112618E-005   1.9254026112758282E-004   1.0000000000000000E-002   1.2000000000000000E-002   1.0017196129489745        0.0000000000000000        1.0017196129489745        1.0000000000000000        6.9400066739805622E-310
  0.45499626654697378       -1.3640066784377688E-005   1.5857809851915761E-004   1.0000000000000000E-002   1.2000000000000000E-002   1.0017179466886641        0.0000000000000000        1.0017179466886641        1.0000000000000000        6.9400066739805622E-310
  0.46499708081819391       -1.0665227606815054E-005   1.2399104214644296E-004   1.0000000000000000E-002   1.2000000000000000E-002   1.0017166057373597        0.0000000000000000        1.0017166057373597        1.0000000000000000        6.9400066739805622E-310
  0.47499790660536662       -7.6482568930988279E-006   8.8915595300775863E-005   1.0000000000000000E-002   1.2000000000000000E-002   1.0017155953761467        0.0000000000000000        1.0017155953761467        1.0000000000000000        6.9400066739805622E-310
  0.48499874065078380       -4.6010733754464638E-006   5.3489891135960477E-005   1.0000000000000000E-002   1.2000000000000000E-002   1.0017149195832697        0.0000000000000000        1.0017149195832697        1.0000000000000000        6.9400066739805622E-310
  0.49499957966420177       -1.5357133276835957E-006   1.7853413750046343E-005   1.0000000000000000E-002   1.2000000000000000E-002   1.0017145810200816        0.0000000000000000        1.0017145810200816        1.0000000000000000        6.9400066739805622E-310
  0.50500042033579784        1.5357133715216189E-006  -1.7853401153899995E-005   1.0000000000000000E-002   1.2000000000000000E-002   1.0017145810200270        0.0000000000000000        1.0017145810200270        1.0000000000000000        6.9400066739805622E-310
  0.51500125934921692        4.6010732128959200E-006  -5.3489885882385124E-005   1.0000000000000000E-002   1.2000000000000000E-002   1.0017149195831387        0.0000000000000000        1.0017149195831387        1.0000000000000000        6.9400066739805622E-310
  0.52500209339463577        7.6482571514351100E-006  -8.8915615905627021E-005   1.0000000000000000E-002   1.2000000000000000E-002   1.0017155953760761        0.0000000000000000        1.0017155953760761        1.0000000000000000        6.9400066739805622E-310
  0.53500291918180853        1.0665227500943540E-005  -1.2399107429761358E-004   1.0000000000000000E-002   1.2000000000000000E-002   1.0017166057375275        0.0000000000000000        1.0017166057375275        1.0000000000000000        6.9400066739805622E-310
  0.54500373345302489        1.3640066660868982E-005  -1.5857806158336984E-004   1.0000000000000000E-002   1.2000000000000000E-002   1.0017179466888113        0.0000000000000000        1.0017179466888113        1.0000000000000000        6.9400066739805622E-310
  0.55500453299594588        1.6561024295729389E-005  -1.9254023528780806E-004   1.0000000000000000E-002   1.2000000000000000E-002   1.0017196129488422        0.0000000000000000        1.0017196129488422        1.0000000000000000        6.9400066739805622E-310
  0.56500531465627257        1.9416562333059754E-005  -2.2574390296092872E-004   1.0000000000000000E-002   1.2000000000000000E-002   1.0017215979555163        0.0000000000000000        1.0017215979555163        1.0000000000000000        6.9400066739805622E-310
  0.57500607535015791        2.2195403296389987E-005  -2.5805809248335976E-004   1.0000000000000000E-002   1.2000000000000000E-002   1.0017238938911541        0.0000000000000000        1.0017238938911541        1.0000000000000000        6.9400066739805622E-310
  0.58500681207637706        2.4886572096398089E-005  -2.8935542301944395E-004   1.0000000000000000E-002   1.2000000000000000E-002   1.0017264917123878        0.0000000000000000        1.0017264917123878        1.0000000000000000        6.9400066739805622E-310
  0.59500752192815676        2.7479442264629181E-005  -3.1951259426765688E-004   1.0000000000000000E-002   1.2000000000000000E-002   1.0017293811864605        0.0000000000000000        1.0017293811864605        1.0000000000000000        6.9400066739805622E-310
  0.60500820210462969        2.9963775514299528E-005  -3.4841072328273270E-004   1.0000000000000000E-002   1.2000000000000000E-002   1.0017325509315786        0.0000000000000000        1.0017325509315786        1.0000000000000000        6.9400066739805622E-310
  0.61500884992186944        3.2329763521666676E-005  -3.7593560731963294E-004   1.0000000000000000E-002   1.2000000000000000E-002   1.0017359884598702        0.0000000000000000        1.0017359884598702        1.0000000000000000        6.9400066739805622E-310
  0.62500946282351266        3.4568066373503697E-005  -4.0197902724958823E-004   1.0000000000000000E-002   1.2000000000000000E-002   1.0017396802280609        0.0000000000000000        1.0017396802280609        1.0000000000000000        6.9400066739805622E-310
  0.63501003839078896        3.6669850650200904E-005  -4.2643788403662342E-004   1.0000000000000000E-002   1.2000000000000000E-002   1.0017436116899694        0.0000000000000000        1.0017436116899694        1.0000000000000000        6.9400066739805622E-310
  0.64501057435211850        3.8626821110019976E-005  -4.4921586979107531E-004   1.0000000000000000E-002   1.2000000000000000E-002   1.0017477673529780        0.0000000000000000        1.0017477673529780        1.0000000000000000        6.9400066739805622E-310
  0.65501106859203695        4.0431257553193216E-005  -4.7022286533948687E-004   1.0000000000000000E-002   1.2000000000000000E-002   1.0017521308396149        0.0000000000000000        1.0017521308396149        1.0000000000000000        6.9400066739805622E-310
  0.66501151915958057        4.2076042020992204E-005  -4.8937603888088432E-004   1.0000000000000000E-002   1.2000000000000000E-002   1.0017566849513098        0.0000000000000000        1.0017566849513098        1.0000000000000000        6.9400066739805622E-310
  0.67501192427596568        4.3554688590926239E-005  -5.0659955931386946E-004   1.0000000000000000E-002   1.2000000000000000E-002   1.0017614117362295        0.0000000000000000        1.0017614117362295        1.0000000000000000        6.9400066739805622E-310
  0.68501228234164135        4.4861367759085686E-005  -5.2182544310763745E-004   1.0000000000000000E-002   1.2000000000000000E-002   1.0017662925595536        0.0000000000000000        1.0017662925595536        1.0000000000000000        6.9400066739805622E-310
  0.69501259194259413        4.5990930686144889E-005  -5.3499334725248815E-004   1.0000000000000000E-002   1.2000000000000000E-002   1.0017713081770643        0.0000000000000000        1.0017713081770643        1.0000000000000000        6.9400066739805622E-310
  0.70501285185595475        4.6938927083527389E-005  -5.4605109978389521E-004   1.0000000000000000E-002   1.2000000000000000E-002   1.0017764388099279        0.0000000000000000        1.0017764388099279        1.0000000000000000        6.9400066739805622E-310
  0.71501306105484530        4.7701626930583317E-005  -5.5495503756652909E-004   1.0000000000000000E-002   1.2000000000000000E-002   1.0017816642239712        0.0000000000000000        1.0017816642239712        1.0000000000000000        6.9400066739805622E-310
  0.72501321871242297        4.8276029658242994E-005  -5.6166954262604207E-004   1.0000000000000000E-002   1.2000000000000000E-002   1.0017869638080905        0.0000000000000000        1.0017869638080905        1.0000000000000000        6.9400066739805622E-310
  0.73501332420519938        4.8659879111948652E-005  -5.6616807443443662E-004   1.0000000000000000E-002   1.2000000000000000E-002   1.0017923166554841        0.0000000000000000        1.0017923166554841        1.0000000000000000        6.9400066739805622E-310
  0.74501337711549320        4.8851672448676539E-005  -5.6843259141370339E-004   1.0000000000000000E-002   1.2000000000000000E-002   1.0017977016471273        0.0000000000000000        1.0017977016471273        1.0000000000000000        6.9400066739805622E-310
  0.75501337723310813        4.8850664799985523E-005  -5.6845382247150411E-004   1.0000000000000000E-002   1.2000000000000000E-002   1.0018030975335743        0.0000000000000000        1.0018030975335743        1.0000000000000000        6.9400066739805622E-310
  0.76501332455619397        4.8656871720110433E-005  -5.6623155832014049E-004   1.0000000000000000E-002   1.2000000000000000E-002   1.0018084830196863        0.0000000000000000        1.0018084830196863        1.0000000000000000        6.9400066739805622E-310
  0.77501321929125988        4.8271069795439054E-005  -5.6177424074554949E-004   1.0000000000000000E-002   1.2000000000000000E-002   1.0018138368487044        0.0000000000000000        1.0018138368487044        1.0000000000000000        6.9400066739805622E-310
  0.78501306185239006        4.7694793005743992E-005  -5.5509916699847395E-004   1.0000000000000000E-002   1.2000000000000000E-002   1.0018191378852352        0.0000000000000000        1.0018191378852352        1.0000000000000000        6.9400066739805622E-310
  0.79501285285964030        4.6930327159309327E-005  -5.4623264625153212E-004   1.0000000000000000E-002   1.2000000000000000E-002   1.0018243652002399        0.0000000000000000        1.0018243652002399        1.0000000000000000        6.9400066739805622E-310
  0.80501259313658102        4.5980699858552178E-005  -5.3520919411997880E-004   1.0000000000000000E-002   1.2000000000000000E-002   1.0018294981526319        0.0000000000000000        1.0018294981526319        1.0000000000000000        6.9400066739805622E-310
  0.81501228370710610        4.4849667507456465E-005  -5.2207233870760206E-004   1.0000000000000000E-002   1.2000000000000000E-002   1.0018345164711584        0.0000000000000000        1.0018345164711584        1.0000000000000000        6.9400066739805622E-310
  0.82501192579137161        4.3541703768501302E-005  -5.0687354339640223E-004   1.0000000000000000E-002   1.2000000000000000E-002   1.0018394003348627        0.0000000000000000        1.0018394003348627        1.0000000000000000        6.9400066739805622E-310
  0.83501152080103080        4.2061977046750257E-005  -4.8967282751100072E-004   1.0000000000000000E-002   1.2000000000000000E-002   1.0018441304513461        0.0000000000000000        1.0018441304513461        1.0000000000000000        6.9400066739805622E-310
  0.84501107033364520        4.0416334488063834E-005  -4.7053778827788051E-004   1.0000000000000000E-002   1.2000000000000000E-002   1.0018486881335498        0.0000000000000000        1.0018486881335498        1.0000000000000000        6.9400066739805622E-310
  0.85501057616641474        3.8611275158822919E-005  -4.4954386717677153E-004   1.0000000000000000E-002   1.2000000000000000E-002   1.0018530553728888        0.0000000000000000        1.0018530553728888        1.0000000000000000        6.9400066739805622E-310
  0.86501004024916672        3.6653926729774364E-005  -4.2677392038559248E-004   1.0000000000000000E-002   1.2000000000000000E-002   1.0018572149118570        0.0000000000000000        1.0018572149118570        1.0000000000000000        6.9400066739805622E-310
  0.87500946469665963        3.4552016484454010E-005  -4.0231769714971222E-004   1.0000000000000000E-002   1.2000000000000000E-002   1.0018611503119654        0.0000000000000000        1.0018611503119654        1.0000000000000000        6.9400066739805622E-310
  0.88500885178024824        3.2313839545550484E-005  -3.7627166306730686E-004   1.0000000000000000E-002   1.2000000000000000E-002   1.0018648460184445        0.0000000000000000        1.0018648460184445        1.0000000000000000        6.9400066739805622E-310
  0.89500820391892599        2.9948229377202747E-005  -3.4873872352303437E-004   1.0000000000000000E-002   1.2000000000000000E-002   1.0018682874227960        0.0000000000000000        1.0018682874227960        1.0000000000000000        6.9400066739805622E-310
  0.90500752366976389        2.7464519275574407E-005  -3.1982750892378675E-004   1.0000000000000000E-002   1.2000000000000000E-002   1.0018714609205859        0.0000000000000000        1.0018714609205859        1.0000000000000000        6.9400066739805622E-310
  0.91500681371782611        2.4872507304014377E-005  -2.8965221729482238E-004   1.0000000000000000E-002   1.2000000000000000E-002   1.0018743539651529        0.0000000000000000        1.0018743539651529        1.0000000000000000        6.9400066739805622E-310
  0.92500607686556158        2.2182418437940695E-005  -2.5833204726755099E-004   1.0000000000000000E-002   1.2000000000000000E-002   1.0018769551178626        0.0000000000000000        1.0018769551178626        1.0000000000000000        6.9400066739805622E-310
  0.93500531602173642        1.9404862246254166E-005  -2.2599077906626519E-004   1.0000000000000000E-002   1.2000000000000000E-002   1.0018792540936310        0.0000000000000000        1.0018792540936310        1.0000000000000000        6.9400066739805622E-310
  0.94500453418993713        1.6550793225626370E-005  -1.9275616642477900E-004   1.0000000000000000E-002   1.2000000000000000E-002   1.0018812418016447        0.0000000000000000        1.0018812418016447        1.0000000000000000        6.9400066739805622E-310
  0.95500373445670816        1.3631466549558966E-005  -1.5875953701449674E-004   1.0000000000000000E-002   1.2000000000000000E-002   1.0018829103812479        0.0000000000000000        1.0018829103812479        1.0000000000000000        6.9400066739805622E-310
  0.96500291997935594        1.0658393902998857E-005  -1.2413528177823707E-004   1.0000000000000000E-002   1.2000000000000000E-002   1.0018842532335075        0.0000000000000000        1.0018842532335075        1.0000000000000000        6.9400066739805622E-310
  0.97500209397346893        7.6432970281501747E-006  -8.9020275035878171E-005   1.0000000000000000E-002   1.2000000000000000E-002   1.0018852650475836        0.0000000000000000        1.0018852650475836        1.0000000000000000        6.9400066739805622E-310
  0.98500125970020680        4.5980658228991339E-006  -5.3553318059229582E-005   1.0000000000000000E-002   1.2000000000000000E-002   1.0018859418216963        0.0000000000000000        1.0018859418216963        1.0000000000000000        6.9400066739805622E-310
  0.99500042045341242        1.5347055029106080E-006  -1.7874657983085740E-005   1.0000000000000000E-002   1.2000000000000000E-002   1.0018862808791935        0.0000000000000000        1.0018862808791935        1.0000000000000000        6.9400066739805622E-310
   1.0049995795465865       -1.5347002709538832E-006   1.7716104803611188E-005   1.0000000000000000E-002   1.2000000000000000E-002   1.0018862808791480        0.0000000000000000        1.0018862808791480        1.0000000000000000        6.9400066739805622E-310
   1.0149987402997933       -4.5980500717036530E-006   5.3078236014414415E-005   1.0000000000000000E-002   1.2000000000000000E-002   1.0018859418216750        0.0000000000000000        1.0018859418216750        1.0000000000000000        6.9400066739805622E-310
   1.0249979060265304       -7.6432714121171135E-006   8.8230574017522656E-005   1.0000000000000000E-002   1.2000000000000000E-002   1.0018852650475925        0.0000000000000000        1.0018852650475925        1.0000000000000000        6.9400066739805622E-310
   1.0349970800206436       -1.0658357382783806E-005   1.2303407034774949E-004   1.0000000000000000E-002   1.2000000000000000E-002   1.0018842532333434        0.0000000000000000        1.0018842532333434        1.0000000000000000        6.9400066739805622E-310
   1.0449962655432947       -1.3631420395586481E-005   1.5735106293401913E-004   1.0000000000000000E-002   1.2000000000000000E-002   1.0018829103811200        0.0000000000000000        1.0018829103811200        1.0000000000000000        6.9400066739805622E-310
  -4.9995795465875847E-003   1.5348957761509716E-006  -3.5767633061438002E+077   1.0000000000000000E-002   1.2000000000000000E-002   1.0018862808791935        0.0000000000000000        1.0018862808791935        1.0000000000000000        6.9400066739805622E-310
  -1.4998740299793201E-002   4.5986359122508600E-006   0.0000000000000000        1.0000000000000000E-002   1.2000000000000000E-002   1.0018859418216963        0.0000000000000000        1.0018859418216963        1.0000000000000000        6.9400066739805622E-310
  -2.4997906026531069E-002   7.6442446602776094E-006  -3.5767633061438002E+077   1.0000000000000000E-002   1.2000000000000000E-002   1.0018852650475836        0.0000000000000000        1.0018852650475836        1.0000000000000000        6.9400066739805622E-310
  -3.4997080020644056E-002   1.0659715408829488E-005   6.9400068546417920E-310   1.0000000000000000E-002   1.2000000000000000E-002   1.0018842532335075        0.0000000000000000        1.0018842532335075        1.0000000000000000        6.9400066739805622E-310
  -4.4996265543291836E-002   1.3633156674614342E-005   6.9400066883177543E-310   1.0000000000000000E-002   1.2000000000000000E-002   1.0018829103812479        0.0000000000000000        1.0018829103812479        1.0000000000000000        6.9400066739805622E-310
