 # x, v, a, m, h, rho, u, P, c, ke
   1.3511999999999871     
   5.0002786766892137E-003  -2.5627280745637669E-006  -1.1844522320281214E-005   1.0000000000000000E-002   1.2000000000000000E-002   1.0017435054945252        0.0000000000000000        1.0017435054945252        1.0000000000000000        6.9400066739805622E-310
   1.5000834929992882E-002  -7.6780687474471780E-006  -3.5486766400971703E-005   1.0000000000000000E-002   1.2000000000000000E-002   1.0017437301176446        0.0000000000000000        1.0017437301176446        1.0000000000000000        6.9400066739805622E-310
   2.5001387887420127E-002  -1.2763103620801905E-005  -5.8988844150675845E-005   1.0000000000000000E-002   1.2000000000000000E-002   1.0017441784768031        0.0000000000000000        1.0017441784768031        1.0000000000000000        6.9400066739805622E-310
   3.5001935366187828E-002  -1.7797762229658469E-005  -8.2257929769014027E-005   1.0000000000000000E-002   1.2000000000000000E-002   1.0017448488015741        0.0000000000000000        1.0017448488015741        1.0000000000000000        6.9400066739805622E-310
   4.5002475205153596E-002  -2.2762172332318459E-005  -1.0520207522013436E-004   1.0000000000000000E-002   1.2000000000000000E-002   1.0017457384448476        0.0000000000000000        1.0017457384448476        1.0000000000000000        6.9400066739805622E-310
   5.5003005273356796E-002  -2.7636739409414923E-005  -1.2773067908078417E-004   1.0000000000000000E-002   1.2000000000000000E-002   1.0017468438933959        0.0000000000000000        1.0017468438933959        1.0000000000000000        6.9400066739805622E-310
   6.5003523478433384E-002  -3.2402223821798090E-005  -1.4975478767809136E-004   1.0000000000000000E-002   1.2000000000000000E-002   1.0017481607820609        0.0000000000000000        1.0017481607820609        1.0000000000000000        6.9400066739805622E-310
   7.5004027774877399E-002  -3.7039816398288052E-005  -1.7118738635080177E-004   1.0000000000000000E-002   1.2000000000000000E-002   1.0017496839107449        0.0000000000000000        1.0017496839107449        1.0000000000000000        6.9400066739805622E-310
   8.5004516172124303E-002  -4.1531213034570717E-005  -1.9194384822629473E-004   1.0000000000000000E-002   1.2000000000000000E-002   1.0017514072649412        0.0000000000000000        1.0017514072649412        1.0000000000000000        6.9400066739805622E-310
   9.5004986742409772E-002  -4.5858686888129960E-005  -2.1194220985076839E-004   1.0000000000000000E-002   1.2000000000000000E-002   1.0017533240396568        0.0000000000000000        1.0017533240396568        1.0000000000000000        6.9400066739805622E-310
  0.10500543762838388       -5.0005158209466496E-005  -2.3110354149746826E-004   1.0000000000000000E-002   1.2000000000000000E-002   1.0017554266664181        0.0000000000000000        1.0017554266664181        1.0000000000000000        6.9400066739805622E-310
  0.11500586705044009       -5.3954262083508086E-005  -2.4935214836485642E-004   1.0000000000000000E-002   1.2000000000000000E-002   1.0017577068430028        0.0000000000000000        1.0017577068430028        1.0000000000000000        6.9400066739805622E-310
  0.12500627331374745       -5.7690412734242615E-005  -2.6661601376964938E-004   1.0000000000000000E-002   1.2000000000000000E-002   1.0017601555661917        0.0000000000000000        1.0017601555661917        1.0000000000000000        6.9400066739805622E-310
  0.13500665481493843       -6.1198865031284198E-005  -2.8282702677184801E-004   1.0000000000000000E-002   1.2000000000000000E-002   1.0017627631677464        0.0000000000000000        1.0017627631677464        1.0000000000000000        6.9400066739805622E-310
  0.14500701004843392       -6.4465772959987100E-005  -2.9792117571592058E-004   1.0000000000000000E-002   1.2000000000000000E-002   1.0017655193523307        0.0000000000000000        1.0017655193523307        1.0000000000000000        6.9400066739805622E-310
  0.15500733761239005       -6.7478243929282230E-005  -3.1183893387076722E-004   1.0000000000000000E-002   1.2000000000000000E-002   1.0017684132382412        0.0000000000000000        1.0017684132382412        1.0000000000000000        6.9400066739805622E-310
  0.16500763621422448       -7.0224390006206160E-005  -3.2452537929117398E-004   1.0000000000000000E-002   1.2000000000000000E-002   1.0017714334005019        0.0000000000000000        1.0017714334005019        1.0000000000000000        6.9400066739805622E-310
  0.17500790467571870       -7.2693374395208239E-005  -3.3593049998881241E-004   1.0000000000000000E-002   1.2000000000000000E-002   1.0017745679159689        0.0000000000000000        1.0017745679159689        1.0000000000000000        6.9400066739805622E-310
  0.18500814193766121       -7.4875454706722284E-005  -3.4600932345885127E-004   1.0000000000000000E-002   1.2000000000000000E-002   1.0017778044105334        0.0000000000000000        1.0017778044105334        1.0000000000000000        6.9400066739805622E-310
  0.19500834706402465       -7.6762020748246946E-005  -3.5472212019005411E-004   1.0000000000000000E-002   1.2000000000000000E-002   1.0017811301078821        0.0000000000000000        1.0017811301078821        1.0000000000000000        6.9400066739805622E-310
  0.20500851924565461       -7.8345629096945133E-005  -3.6203456064676232E-004   1.0000000000000000E-002   1.2000000000000000E-002   1.0017845318799854        0.0000000000000000        1.0017845318799854        1.0000000000000000        6.9400066739805622E-310
  0.21500865780345788       -7.9620032024719695E-005  -3.6791787064860415E-004   1.0000000000000000E-002   1.2000000000000000E-002   1.0017879962990559        0.0000000000000000        1.0017879962990559        1.0000000000000000        6.9400066739805622E-310
  0.22500876219107360       -8.0580202445796500E-005  -3.7234889790394021E-004   1.0000000000000000E-002   1.2000000000000000E-002   1.0017915096905803        0.0000000000000000        1.0017915096905803        1.0000000000000000        6.9400066739805622E-310
  0.23500883199702302       -8.1222353198448301E-005  -3.7531021457493097E-004   1.0000000000000000E-002   1.2000000000000000E-002   1.0017950581871577        0.0000000000000000        1.0017950581871577        1.0000000000000000        6.9400066739805622E-310
  0.24500886694632740       -8.1543952665615681E-005  -3.7679023168912806E-004   1.0000000000000000E-002   1.2000000000000000E-002   1.0017986277833535        0.0000000000000000        1.0017986277833535        1.0000000000000000        6.9400066739805622E-310
  0.25500886690158381       -8.1543734109450490E-005  -3.7678322042200563E-004   1.0000000000000000E-002   1.2000000000000000E-002   1.0018022043912125        0.0000000000000000        1.0018022043912125        1.0000000000000000        6.9400066739805622E-310
  0.26500883186349533       -8.1221701135329036E-005  -3.7528923935248315E-004   1.0000000000000000E-002   1.2000000000000000E-002   1.0018057738955586        0.0000000000000000        1.0018057738955586        1.0000000000000000        6.9400066739805622E-310
  0.27500876197086571       -8.0579126973658451E-005  -3.7231425996253620E-004   1.0000000000000000E-002   1.2000000000000000E-002   1.0018093222095075        0.0000000000000000        1.0018093222095075        1.0000000000000000        6.9400066739805622E-310
  0.28500865750004450       -7.9618550400380338E-005  -3.6787016256933924E-004   1.0000000000000000E-002   1.2000000000000000E-002   1.0018128353305968        0.0000000000000000        1.0018128353305968        1.0000000000000000        6.9400066739805622E-310
  0.29500851886382068       -7.8343764491542830E-005  -3.6197452102726402E-004   1.0000000000000000E-002   1.2000000000000000E-002   1.0018162993958293        0.0000000000000000        1.0018162993958293        1.0000000000000000        6.9400066739805622E-310
  0.30500834660979259       -7.6759802514325109E-005  -3.5465070443319036E-004   1.0000000000000000E-002   1.2000000000000000E-002   1.0018197007362428        0.0000000000000000        1.0018197007362428        1.0000000000000000        6.9400066739805622E-310
  0.31500814141819422       -7.4872917777099081E-005  -3.4592765189067620E-004   1.0000000000000000E-002   1.2000000000000000E-002   1.0018230259308767        0.0000000000000000        1.0018230259308767        1.0000000000000000        6.9400066739805622E-310
  0.32500790409920899       -7.2690559024237231E-005  -3.3583986730789661E-004   1.0000000000000000E-002   1.2000000000000000E-002   1.0018262618596270        0.0000000000000000        1.0018262618596270        1.0000000000000000        6.9400066739805622E-310
  0.33500763558976293       -7.0221340413687314E-005  -3.2442719705638723E-004   1.0000000000000000E-002   1.2000000000000000E-002   1.0018293957550644        0.0000000000000000        1.0018293957550644        1.0000000000000000        6.9400066739805622E-310
  0.34500733694982461       -6.7475008302179284E-005  -3.1173474430179482E-004   1.0000000000000000E-002   1.2000000000000000E-002   1.0018324152527369        0.0000000000000000        1.0018324152527369        1.0000000000000000        6.9400066739805622E-310
  0.35500700935821561       -6.4462402244789960E-005  -2.9781266178297017E-004   1.0000000000000000E-002   1.2000000000000000E-002   1.0018353084401435        0.0000000000000000        1.0018353084401435        1.0000000000000000        6.9400066739805622E-310
  0.36500665410795130       -6.1195412506028778E-005  -2.8271586852834929E-004   1.0000000000000000E-002   1.2000000000000000E-002   1.0018380639033611        0.0000000000000000        1.0018380639033611        1.0000000000000000        6.9400066739805622E-310
  0.37500627260114139       -5.7686932744450677E-005  -2.6650397327188102E-004   1.0000000000000000E-002   1.2000000000000000E-002   1.0018406707719498        0.0000000000000000        1.0018406707719498        1.0000000000000000        6.9400066739805622E-310
  0.38500586634345341       -5.3950809469052338E-005  -2.4924099747014594E-004   1.0000000000000000E-002   1.2000000000000000E-002   1.0018431187622194        0.0000000000000000        1.0018431187622194        1.0000000000000000        6.9400066739805622E-310
  0.39500543693816514       -5.0001787543959847E-005  -2.3099501013668089E-004   1.0000000000000000E-002   1.2000000000000000E-002   1.0018453982173852        0.0000000000000000        1.0018453982173852        1.0000000000000000        6.9400066739805622E-310
  0.40500498607984575       -4.5855451199588387E-005  -2.1183804847613175E-004   1.0000000000000000E-002   1.2000000000000000E-002   1.0018475001456908        0.0000000000000000        1.0018475001456908        1.0000000000000000        6.9400066739805622E-310
  0.41500451554766227       -4.1528163442526345E-005  -1.9184565852636837E-004   1.0000000000000000E-002   1.2000000000000000E-002   1.0018494162559144        0.0000000000000000        1.0018494162559144        1.0000000000000000        6.9400066739805622E-310
  0.42500402719836677       -3.7037001045423098E-005  -1.7109674436799338E-004   1.0000000000000000E-002   1.2000000000000000E-002   1.0018511389900016        0.0000000000000000        1.0018511389900016        1.0000000000000000        6.9400066739805622E-310
  0.43500352295896544       -3.2399686920246412E-005  -1.4967310261404521E-004   1.0000000000000000E-002   1.2000000000000000E-002   1.0018526615527754        0.0000000000000000        1.0018526615527754        1.0000000000000000        6.9400066739805622E-310
  0.44500300481912536       -2.7634521234236525E-005  -1.2765927575131286E-004   1.0000000000000000E-002   1.2000000000000000E-002   1.0018539779387134        0.0000000000000000        1.0018539779387134        1.0000000000000000        6.9400066739805622E-310
  0.45500247482332062       -2.2760307647747483E-005  -1.0514204874034760E-004   1.0000000000000000E-002   1.2000000000000000E-002   1.0018550829556965        0.0000000000000000        1.0018550829556965        1.0000000000000000        6.9400066739805622E-310
  0.46500193506277399       -1.7796280470763731E-005  -8.2210203999011355E-005   1.0000000000000000E-002   1.2000000000000000E-002   1.0018559722451013        0.0000000000000000        1.0018559722451013        1.0000000000000000        6.9400066739805622E-310
  0.47500138766721317       -1.2762028304361221E-005  -5.8954233607799722E-005   1.0000000000000000E-002   1.2000000000000000E-002   1.0018566422994806        0.0000000000000000        1.0018566422994806        1.0000000000000000        6.9400066739805622E-310
  0.48500083479646366       -7.6774167199836794E-006  -3.5465764130826472E-005   1.0000000000000000E-002   1.2000000000000000E-002   1.0018570904760271        0.0000000000000000        1.0018570904760271        1.0000000000000000        6.9400066739805622E-310
  0.49500027863194473       -2.5625094613530454E-006  -1.1837493811839295E-005   1.0000000000000000E-002   1.2000000000000000E-002   1.0018573150070789        0.0000000000000000        1.0018573150070789        1.0000000000000000        6.9400066739805622E-310
  0.50499972136805604        2.5625096413072546E-006   1.1837477368992211E-005   1.0000000000000000E-002   1.2000000000000000E-002   1.0018573150071604        0.0000000000000000        1.0018573150071604        1.0000000000000000        6.9400066739805622E-310
  0.51499916520353506        7.6774164541685826E-006   3.5465794612221657E-005   1.0000000000000000E-002   1.2000000000000000E-002   1.0018570904760327        0.0000000000000000        1.0018570904760327        1.0000000000000000        6.9400066739805622E-310
  0.52499861233278755        1.2762028381716954E-005   5.8954217684537014E-005   1.0000000000000000E-002   1.2000000000000000E-002   1.0018566422994239        0.0000000000000000        1.0018566422994239        1.0000000000000000        6.9400066739805622E-310
  0.53499806493722601        1.7796280516438078E-005   8.2210215714972890E-005   1.0000000000000000E-002   1.2000000000000000E-002   1.0018559722450711        0.0000000000000000        1.0018559722450711        1.0000000000000000        6.9400066739805622E-310
  0.54499752517668054        2.2760307533679778E-005   1.0514204211986566E-004   1.0000000000000000E-002   1.2000000000000000E-002   1.0018550829556312        0.0000000000000000        1.0018550829556312        1.0000000000000000        6.9400066739805622E-310
  0.55499699518087620        2.7634521318786547E-005   1.2765926128022187E-004   1.0000000000000000E-002   1.2000000000000000E-002   1.0018539779387536        0.0000000000000000        1.0018539779387536        1.0000000000000000        6.9400066739805622E-310
  0.56499647704103473        3.2399686976736625E-005   1.4967311638880432E-004   1.0000000000000000E-002   1.2000000000000000E-002   1.0018526615528116        0.0000000000000000        1.0018526615528116        1.0000000000000000        6.9400066739805622E-310
  0.57499597280163406        3.7037000993629784E-005   1.7109673683179949E-004   1.0000000000000000E-002   1.2000000000000000E-002   1.0018511389900158        0.0000000000000000        1.0018511389900158        1.0000000000000000        6.9400066739805622E-310
  0.58499548445233762        4.1528163553855910E-005   1.9184566828123195E-004   1.0000000000000000E-002   1.2000000000000000E-002   1.0018494162559151        0.0000000000000000        1.0018494162559151        1.0000000000000000        6.9400066739805622E-310
  0.59499501392015519        4.5855451043071443E-005   2.1183802759416892E-004   1.0000000000000000E-002   1.2000000000000000E-002   1.0018475001457408        0.0000000000000000        1.0018475001457408        1.0000000000000000        6.9400066739805622E-310
  0.60499456306183363        5.0001787583792520E-005   2.3099503931600651E-004   1.0000000000000000E-002   1.2000000000000000E-002   1.0018453982174031        0.0000000000000000        1.0018453982174031        1.0000000000000000        6.9400066739805622E-310
  0.61499413365654698        5.3950809674931434E-005   2.4924099567513736E-004   1.0000000000000000E-002   1.2000000000000000E-002   1.0018431187621053        0.0000000000000000        1.0018431187621053        1.0000000000000000        6.9400066739805622E-310
  0.62499372739886006        5.7686932688803492E-005   2.6650395478799993E-004   1.0000000000000000E-002   1.2000000000000000E-002   1.0018406707719363        0.0000000000000000        1.0018406707719363        1.0000000000000000        6.9400066739805622E-310
  0.63499334589204925        6.1195412412186825E-005   2.8271587301009760E-004   1.0000000000000000E-002   1.2000000000000000E-002   1.0018380639034055        0.0000000000000000        1.0018380639034055        1.0000000000000000        6.9400066739805622E-310
  0.64499299064178484        6.4462402170157278E-005   2.9781266187356437E-004   1.0000000000000000E-002   1.2000000000000000E-002   1.0018353084401665        0.0000000000000000        1.0018353084401665        1.0000000000000000        6.9400066739805622E-310
  0.65499266305017556        6.7475008381649623E-005   3.1173474296775083E-004   1.0000000000000000E-002   1.2000000000000000E-002   1.0018324152527669        0.0000000000000000        1.0018324152527669        1.0000000000000000        6.9400066739805622E-310
  0.66499236441023690        7.0221340384771886E-005   3.2442720127257019E-004   1.0000000000000000E-002   1.2000000000000000E-002   1.0018293957550839        0.0000000000000000        1.0018293957550839        1.0000000000000000        6.9400066739805622E-310
  0.67499209590079068        7.2690559074507389E-005   3.3583988006835597E-004   1.0000000000000000E-002   1.2000000000000000E-002   1.0018262618595697        0.0000000000000000        1.0018262618595697        1.0000000000000000        6.9400066739805622E-310
  0.68499185858180689        7.4872917797350703E-005   3.4592763390683956E-004   1.0000000000000000E-002   1.2000000000000000E-002   1.0018230259308372        0.0000000000000000        1.0018230259308372        1.0000000000000000        6.9400066739805622E-310
  0.69499165339020808        7.6759802453768840E-005   3.5465069458506804E-004   1.0000000000000000E-002   1.2000000000000000E-002   1.0018197007363376        0.0000000000000000        1.0018197007363376        1.0000000000000000        6.9400066739805622E-310
  0.70499148113617816        7.8343764382694556E-005   3.6197454728004175E-004   1.0000000000000000E-002   1.2000000000000000E-002   1.0018162993958386        0.0000000000000000        1.0018162993958386        1.0000000000000000        6.9400066739805622E-310
  0.71499134249995611        7.9618550390566587E-005   3.6787014488126601E-004   1.0000000000000000E-002   1.2000000000000000E-002   1.0018128353305746        0.0000000000000000        1.0018128353305746        1.0000000000000000        6.9400066739805622E-310
  0.72499123802913357        8.0579127015597098E-005   3.7231428183304160E-004   1.0000000000000000E-002   1.2000000000000000E-002   1.0018093222094684        0.0000000000000000        1.0018093222094684        1.0000000000000000        6.9400066739805622E-310
  0.73499116813650600        8.1221701119463499E-005   3.7528922272578313E-004   1.0000000000000000E-002   1.2000000000000000E-002   1.0018057738954906        0.0000000000000000        1.0018057738954906        1.0000000000000000        6.9400066739805622E-310
  0.74499113309841702        8.1543734241689342E-005   3.7678321750167498E-004   1.0000000000000000E-002   1.2000000000000000E-002   1.0018022043912360        0.0000000000000000        1.0018022043912360        1.0000000000000000        6.9400066739805622E-310
  0.75499113305367338        8.1543952645549592E-005   3.7679022506509341E-004   1.0000000000000000E-002   1.2000000000000000E-002   1.0017986277834181        0.0000000000000000        1.0017986277834181        1.0000000000000000        6.9400066739805622E-310
  0.76499116800297640        8.1222353133620249E-005   3.7531023212089565E-004   1.0000000000000000E-002   1.2000000000000000E-002   1.0017950581871751        0.0000000000000000        1.0017950581871751        1.0000000000000000        6.9400066739805622E-310
  0.77499123780892687        8.0580202424137271E-005   3.7234888567194702E-004   1.0000000000000000E-002   1.2000000000000000E-002   1.0017915096905705        0.0000000000000000        1.0017915096905705        1.0000000000000000        6.9400066739805622E-310
  0.78499134219654187        7.9620032138960059E-005   3.6791787341972082E-004   1.0000000000000000E-002   1.2000000000000000E-002   1.0017879962990948        0.0000000000000000        1.0017879962990948        1.0000000000000000        6.9400066739805622E-310
  0.79499148075434489        7.8345629058395810E-005   3.6203457054373445E-004   1.0000000000000000E-002   1.2000000000000000E-002   1.0017845318799627        0.0000000000000000        1.0017845318799627        1.0000000000000000        6.9400066739805622E-310
  0.80499165293597563        7.6762020844291836E-005   3.5472211430764844E-004   1.0000000000000000E-002   1.2000000000000000E-002   1.0017811301078428        0.0000000000000000        1.0017811301078428        1.0000000000000000        6.9400066739805622E-310
  0.81499185806233920        7.4875454582062819E-005   3.4600931484352060E-004   1.0000000000000000E-002   1.2000000000000000E-002   1.0017778044105603        0.0000000000000000        1.0017778044105603        1.0000000000000000        6.9400066739805622E-310
  0.82499209532428097        7.2693374433050947E-005   3.3593050368718735E-004   1.0000000000000000E-002   1.2000000000000000E-002   1.0017745679160170        0.0000000000000000        1.0017745679160170        1.0000000000000000        6.9400066739805622E-310
  0.83499236378577490        7.0224389975756857E-005   3.2452538096272576E-004   1.0000000000000000E-002   1.2000000000000000E-002   1.0017714334005223        0.0000000000000000        1.0017714334005223        1.0000000000000000        6.9400066739805622E-310
  0.84499266238760928        6.7478243964794188E-005   3.1183893374997496E-004   1.0000000000000000E-002   1.2000000000000000E-002   1.0017684132382625        0.0000000000000000        1.0017684132382625        1.0000000000000000        6.9400066739805622E-310
  0.85499298995156492        6.4465772931752456E-005   2.9792118885563212E-004   1.0000000000000000E-002   1.2000000000000000E-002   1.0017655193522856        0.0000000000000000        1.0017655193522856        1.0000000000000000        6.9400066739805622E-310
  0.86499334518506199        6.1198864959086010E-005   2.8282700519266513E-004   1.0000000000000000E-002   1.2000000000000000E-002   1.0017627631677430        0.0000000000000000        1.0017627631677430        1.0000000000000000        6.9400066739805622E-310
  0.87499372668625142        5.7690412879362737E-005   2.6661603082711594E-004   1.0000000000000000E-002   1.2000000000000000E-002   1.0017601555662086        0.0000000000000000        1.0017601555662086        1.0000000000000000        6.9400066739805622E-310
  0.88499413294955986        5.3954262073984020E-005   2.4935214165910935E-004   1.0000000000000000E-002   1.2000000000000000E-002   1.0017577068429686        0.0000000000000000        1.0017577068429686        1.0000000000000000        6.9400066739805622E-310
  0.89499456237161579        5.0005158152864326E-005   2.3110354555111456E-004   1.0000000000000000E-002   1.2000000000000000E-002   1.0017554266664015        0.0000000000000000        1.0017554266664015        1.0000000000000000        6.9400066739805622E-310
  0.90499501325759046        4.5858686778278589E-005   2.1194220531395302E-004   1.0000000000000000E-002   1.2000000000000000E-002   1.0017533240396383        0.0000000000000000        1.0017533240396383        1.0000000000000000        6.9400066739805622E-310
  0.91499548382787577        4.1531213054557875E-005   1.9194385018117543E-004   1.0000000000000000E-002   1.2000000000000000E-002   1.0017514072649378        0.0000000000000000        1.0017514072649378        1.0000000000000000        6.9400066739805622E-310
  0.92499597222512286        3.7039816430358346E-005   1.7118738296595382E-004   1.0000000000000000E-002   1.2000000000000000E-002   1.0017496839107427        0.0000000000000000        1.0017496839107427        1.0000000000000000        6.9400066739805622E-310
  0.93499647652156681        3.2402223892123814E-005   1.4975478381717977E-004   1.0000000000000000E-002   1.2000000000000000E-002   1.0017481607820984        0.0000000000000000        1.0017481607820984        1.0000000000000000        6.9400066739805622E-310
  0.94499699472664256        2.7636739346289010E-005   1.2773069332538967E-004   1.0000000000000000E-002   1.2000000000000000E-002   1.0017468438933812        0.0000000000000000        1.0017468438933812        1.0000000000000000        6.9400066739805622E-310
  0.95499752479484701        2.2762172376809871E-005   1.0520205735531363E-004   1.0000000000000000E-002   1.2000000000000000E-002   1.0017457384448485        0.0000000000000000        1.0017457384448485        1.0000000000000000        6.9400066739805622E-310
  0.96499806463381155        1.7797762172073558E-005   8.2257942416674723E-005   1.0000000000000000E-002   1.2000000000000000E-002   1.0017448488016070        0.0000000000000000        1.0017448488016070        1.0000000000000000        6.9400066739805622E-310
  0.97499861211257954        1.2763103777410484E-005   5.8988853974817346E-005   1.0000000000000000E-002   1.2000000000000000E-002   1.0017441784767245        0.0000000000000000        1.0017441784767245        1.0000000000000000        6.9400066739805622E-310
  0.98499916507000840        7.6780686662779131E-006   3.5486739383472354E-005   1.0000000000000000E-002   1.2000000000000000E-002   1.0017437301176471        0.0000000000000000        1.0017437301176471        1.0000000000000000        6.9400066739805622E-310
  0.99499972132331038        2.5627280190817443E-006   1.1844535525717959E-005   1.0000000000000000E-002   1.2000000000000000E-002   1.0017435054945940        0.0000000000000000        1.0017435054945940        1.0000000000000000        6.9400066739805622E-310
   1.0050002786766892       -2.5627316343860707E-006  -1.2104454955697008E-005   1.0000000000000000E-002   1.2000000000000000E-002   1.0017435054945252        0.0000000000000000        1.0017435054945252        1.0000000000000000        6.9400066739805622E-310
   1.0150008349299928       -7.6780794089146195E-006  -3.6265527976198086E-005   1.0000000000000000E-002   1.2000000000000000E-002   1.0017437301176446        0.0000000000000000        1.0017437301176446        1.0000000000000000        6.9400066739805622E-310
   1.0250013878874202       -1.2763121341441794E-005  -6.0283354685886081E-005   1.0000000000000000E-002   1.2000000000000000E-002   1.0017441784768031        0.0000000000000000        1.0017441784768031        1.0000000000000000        6.9400066739805622E-310
   1.0350019353661879       -1.7797786944094831E-005  -8.4063091413177915E-005   1.0000000000000000E-002   1.2000000000000000E-002   1.0017448488015741        0.0000000000000000        1.0017448488015741        1.0000000000000000        6.9400066739805622E-310
   1.0450024752051537       -2.2762203938264052E-005  -1.0751075700543566E-004   1.0000000000000000E-002   1.2000000000000000E-002   1.0017457384448476        0.0000000000000000        1.0017457384448476        1.0000000000000000        6.9400066739805622E-310
  -5.0002786766896179E-003   2.5630399367329189E-006  -3.5767633061438002E+077   1.0000000000000000E-002   1.2000000000000000E-002   1.0017435054945940        0.0000000000000000        1.0017435054945940        1.0000000000000000        6.9400066739805622E-310
  -1.5000834929991602E-002   7.6790031780845186E-006   0.0000000000000000        1.0000000000000000E-002   1.2000000000000000E-002   1.0017437301176471        0.0000000000000000        1.0017437301176471        1.0000000000000000        6.9400066739805622E-310
  -2.5001387887420456E-002   1.2764657197049807E-005  -3.5767633061438002E+077   1.0000000000000000E-002   1.2000000000000000E-002   1.0017441784767245        0.0000000000000000        1.0017441784767245        1.0000000000000000        6.9400066739805622E-310
  -3.5001935366188452E-002   1.7799928361039359E-005   6.9400068546417920E-310   1.0000000000000000E-002   1.2000000000000000E-002   1.0017448488016070        0.0000000000000000        1.0017448488016070        1.0000000000000000        6.9400066739805622E-310
  -4.5002475205152992E-002   2.2764942799384953E-005   6.9400066883177543E-310   1.0000000000000000E-002   1.2000000000000000E-002   1.0017457384448485        0.0000000000000000        1.0017457384448485        1.0000000000000000        6.9400066739805622E-310
