 # x, v, a, m, h, rho, u, P, c, ke
   2.8008000000000357     
   4.9997312368375872E-003   2.6066948963749265E-006   1.1415382370927318E-005   1.0000000000000000E-002   1.2000000000000000E-002   1.0018552994650358        0.0000000000000000        1.0018552994650358        1.0000000000000000        6.9400066739805622E-310
   1.4999194770680010E-002   7.8097999627014930E-006   3.4201196888794527E-005   1.0000000000000000E-002   1.2000000000000000E-002   1.0018550829406210        0.0000000000000000        1.0018550829406210        1.0000000000000000        6.9400066739805622E-310
   2.4998661480852960E-002   1.2982091802177128E-005   5.6852281830721552E-005   1.0000000000000000E-002   1.2000000000000000E-002   1.0018546507448987        0.0000000000000000        1.0018546507448987        1.0000000000000000        6.9400066739805622E-310
   3.4998133471006651E-002   1.8103162733995065E-005   7.9279418729427675E-005   1.0000000000000000E-002   1.2000000000000000E-002   1.0018540045808226        0.0000000000000000        1.0018540045808226        1.0000000000000000        6.9400066739805622E-310
   4.4997612823994559E-002   2.3152807863243015E-005   1.0139423576394080E-004   1.0000000000000000E-002   1.2000000000000000E-002   1.0018531469944947        0.0000000000000000        1.0018531469944947        1.0000000000000000        6.9400066739805622E-310
   5.4997101593666553E-002   2.8111102893309276E-005   1.2310961291639444E-004   1.0000000000000000E-002   1.2000000000000000E-002   1.0018520813652505        0.0000000000000000        1.0018520813652505        1.0000000000000000        6.9400066739805622E-310
   6.4996601796776521E-002   3.2958484473311707E-005   1.4434004754093621E-004   1.0000000000000000E-002   1.2000000000000000E-002   1.0018508118919418        0.0000000000000000        1.0018508118919418        1.0000000000000000        6.9400066739805622E-310
   7.4996115405047220E-002   3.7675826535543053E-005   1.6500172648381550E-004   1.0000000000000000E-002   1.2000000000000000E-002   1.0018493435772804        0.0000000000000000        1.0018493435772804        1.0000000000000000        6.9400066739805622E-310
   8.4995644337378551E-002   4.2244514765391836E-005   1.8501338359477870E-004   1.0000000000000000E-002   1.2000000000000000E-002   1.0018476822076892        0.0000000000000000        1.0018476822076892        1.0000000000000000        6.9400066739805622E-310
   9.4995190452309003E-002   4.6646522123397381E-005   2.0429604772242982E-004   1.0000000000000000E-002   1.2000000000000000E-002   1.0018458343302592        0.0000000000000000        1.0018458343302592        1.0000000000000000        6.9400066739805622E-310
  0.10499475554067629        5.0864478194519219E-005   2.2277366748912897E-004   1.0000000000000000E-002   1.2000000000000000E-002   1.0018438072280353        0.0000000000000000        1.0018438072280353        1.0000000000000000        6.9400066739805622E-310
  0.11499434131855567        5.4881738551329697E-005   2.4037343631633235E-004   1.0000000000000000E-002   1.2000000000000000E-002   1.0018416088906430        0.0000000000000000        1.0018416088906430        1.0000000000000000        6.9400066739805622E-310
  0.12499394942049973        5.8682449496366023E-005   2.5702589854503799E-004   1.0000000000000000E-002   1.2000000000000000E-002   1.0018392479830165        0.0000000000000000        1.0018392479830165        1.0000000000000000        6.9400066739805622E-310
  0.13499358139308623        6.2251611958357046E-005   2.7266533360226219E-004   1.0000000000000000E-002   1.2000000000000000E-002   1.0018367338116887        0.0000000000000000        1.0018367338116887        1.0000000000000000        6.9400066739805622E-310
  0.14499323868881564        6.5575139823246848E-005   2.8723000225827633E-004   1.0000000000000000E-002   1.2000000000000000E-002   1.0018340762881313        0.0000000000000000        1.0018340762881313        1.0000000000000000        6.9400066739805622E-310
  0.15499292266037581        6.8639915368583766E-005   3.0066244682469545E-004   1.0000000000000000E-002   1.2000000000000000E-002   1.0018312858895353        0.0000000000000000        1.0018312858895353        1.0000000000000000        6.9400066739805622E-310
  0.16499263455530680        7.1433842031181548E-005   3.1290958418495052E-004   1.0000000000000000E-002   1.2000000000000000E-002   1.0018283736176608        0.0000000000000000        1.0018283736176608        1.0000000000000000        6.9400066739805622E-310
  0.17499237551107039        7.3945890731442812E-005   3.2392294461569549E-004   1.0000000000000000E-002   1.2000000000000000E-002   1.0018253509561286        0.0000000000000000        1.0018253509561286        1.0000000000000000        6.9400066739805622E-310
  0.18499214655054727        7.6166144638016952E-005   3.3365901171755752E-004   1.0000000000000000E-002   1.2000000000000000E-002   1.0018222298249988        0.0000000000000000        1.0018222298249988        1.0000000000000000        6.9400066739805622E-310
  0.19499194857799546        7.8085838155889049E-005   3.4207931284058191E-004   1.0000000000000000E-002   1.2000000000000000E-002   1.0018190225333024        0.0000000000000000        1.0018190225333024        1.0000000000000000        6.9400066739805622E-310
  0.20499178237547797        7.9697390774668910E-005   3.4915043407490742E-004   1.0000000000000000E-002   1.2000000000000000E-002   1.0018157417310627        0.0000000000000000        1.0018157417310627        1.0000000000000000        6.9400066739805622E-310
  0.21499164859975706        8.0994438008153623E-005   3.5484432468546601E-004   1.0000000000000000E-002   1.2000000000000000E-002   1.0018124003597777        0.0000000000000000        1.0018124003597777        1.0000000000000000        6.9400066739805622E-310
  0.22499154777968966        8.1971856184724035E-005   3.5913837112389047E-004   1.0000000000000000E-002   1.2000000000000000E-002   1.0018090116011318        0.0000000000000000        1.0018090116011318        1.0000000000000000        6.9400066739805622E-310
  0.23499148031412612        8.2625783037550412E-005   3.6201549515446629E-004   1.0000000000000000E-002   1.2000000000000000E-002   1.0018055888249611        0.0000000000000000        1.0018055888249611        1.0000000000000000        6.9400066739805622E-310
  0.24499144647032281        8.2953631823795557E-005   3.6346418961841209E-004   1.0000000000000000E-002   1.2000000000000000E-002   1.0018021455364572        0.0000000000000000        1.0018021455364572        1.0000000000000000        6.9400066739805622E-310
  0.25499144638287513        8.2954103195115124E-005   3.6347848709716857E-004   1.0000000000000000E-002   1.2000000000000000E-002   1.0017986953234748        0.0000000000000000        1.0017986953234748        1.0000000000000000        6.9400066739805622E-310
  0.26499148005315754        8.2627190297295900E-005   3.6205827489066422E-004   1.0000000000000000E-002   1.2000000000000000E-002   1.0017952518024018        0.0000000000000000        1.0017952518024018        1.0000000000000000        6.9400066739805622E-310
  0.27499154734931897        8.1974177122160714E-005   3.5920888887286395E-004   1.0000000000000000E-002   1.2000000000000000E-002   1.0017918285645373        0.0000000000000000        1.0017918285645373        1.0000000000000000        6.9400066739805622E-310
  0.28499164800677118        8.0997635656772536E-005   3.5494147730474879E-004   1.0000000000000000E-002   1.2000000000000000E-002   1.0017884391226690        0.0000000000000000        1.0017884391226690        1.0000000000000000        6.9400066739805622E-310
  0.29499178162922807        7.9701415020070991E-005   3.4927270274476285E-004   1.0000000000000000E-002   1.2000000000000000E-002   1.0017850968572692        0.0000000000000000        1.0017850968572692        1.0000000000000000        6.9400066739805622E-310
  0.30499194769025023        7.8090625337216951E-005   3.4222476651635247E-004   1.0000000000000000E-002   1.2000000000000000E-002   1.0017818149641013        0.0000000000000000        1.0017818149641013        1.0000000000000000        6.9400066739805622E-310
  0.31499214553530663        7.6171619636038822E-005   3.3382536757287085E-004   1.0000000000000000E-002   1.2000000000000000E-002   1.0017786064018217        0.0000000000000000        1.0017786064018217        1.0000000000000000        6.9400066739805622E-310
  0.32499237438434658        7.3951966545474988E-005   3.2410754936496033E-004   1.0000000000000000E-002   1.2000000000000000E-002   1.0017754838405699        0.0000000000000000        1.0017754838405699        1.0000000000000000        6.9400066739805622E-310
  0.33499263333486834        7.1440423253094675E-005   3.1310953479746217E-004   1.0000000000000000E-002   1.2000000000000000E-002   1.0017724596120399        0.0000000000000000        1.0017724596120399        1.0000000000000000        6.9400066739805622E-310
  0.34499292136546800        6.8646898341866410E-005   3.0087462174233082E-004   1.0000000000000000E-002   1.2000000000000000E-002   1.0017695456608058        0.0000000000000000        1.0017695456608058        1.0000000000000000        6.9400066739805622E-310
  0.35499323733986116        6.5582414094707143E-005   2.8745102817051560E-004   1.0000000000000000E-002   1.2000000000000000E-002   1.0017667534969728        0.0000000000000000        1.0017667534969728        1.0000000000000000        6.9400066739805622E-310
  0.36499358001135851        6.2259063061505997E-005   2.7289175239175734E-004   1.0000000000000000E-002   1.2000000000000000E-002   1.0017640941501318        0.0000000000000000        1.0017640941501318        1.0000000000000000        6.9400066739805622E-310
  0.37499394802779246        5.8689959760532652E-005   2.5725407995214056E-004   1.0000000000000000E-002   1.2000000000000000E-002   1.0017615781263534        0.0000000000000000        1.0017615781263534        1.0000000000000000        6.9400066739805622E-310
  0.38499433993683163        5.4889189396772167E-005   2.4059980277524318E-004   1.0000000000000000E-002   1.2000000000000000E-002   1.0017592153665309        0.0000000000000000        1.0017592153665309        1.0000000000000000        6.9400066739805622E-310
  0.39499475419172303        5.0871752540506650E-005   2.2299471026165918E-004   1.0000000000000000E-002   1.2000000000000000E-002   1.0017570152060047        0.0000000000000000        1.0017570152060047        1.0000000000000000        6.9400066739805622E-310
  0.40499518915740318        4.6653505186056543E-005   2.0450820112927204E-004   1.0000000000000000E-002   1.2000000000000000E-002   1.0017549863385564        0.0000000000000000        1.0017549863385564        1.0000000000000000        6.9400066739805622E-310
  0.41499564311693976        4.2251096040016650E-005   1.8521334655030586E-004   1.0000000000000000E-002   1.2000000000000000E-002   1.0017531367818313        0.0000000000000000        1.0017531367818313        1.0000000000000000        6.9400066739805622E-310
  0.42499611427832190        3.7681902239640720E-005   1.6518636453533020E-004   1.0000000000000000E-002   1.2000000000000000E-002   1.0017514738450226        0.0000000000000000        1.0017514738450226        1.0000000000000000        6.9400066739805622E-310
  0.43499660078153735        3.2963959404216970E-005   1.4450636529073080E-004   1.0000000000000000E-002   1.2000000000000000E-002   1.0017500041002667        0.0000000000000000        1.0017500041002667        1.0000000000000000        6.9400066739805622E-310
  0.44499710070592086        2.8115889997307772E-005   1.2325506624044635E-004   1.0000000000000000E-002   1.2000000000000000E-002   1.0017487333565440        0.0000000000000000        1.0017487333565440        1.0000000000000000        6.9400066739805622E-310
  0.45499761207774325        2.3156831948481859E-005   1.0151651429346487E-004   1.0000000000000000E-002   1.2000000000000000E-002   1.0017476666363276        0.0000000000000000        1.0017476666363276        1.0000000000000000        6.9400066739805622E-310
  0.46499813287801839        1.8106360450374771E-005   7.9376606916703452E-005   1.0000000000000000E-002   1.2000000000000000E-002   1.0017468081556853        0.0000000000000000        1.0017468081556853        1.0000000000000000        6.9400066739805622E-310
  0.47499866105048344        1.2984412528850335E-005   5.6922763095101914E-005   1.0000000000000000E-002   1.2000000000000000E-002   1.0017461613083791        0.0000000000000000        1.0017461613083791        1.0000000000000000        6.9400066739805622E-310
  0.48499919450971191        7.8112074318390092E-006   3.4243966857694375E-005   1.0000000000000000E-002   1.2000000000000000E-002   1.0017457286511906        0.0000000000000000        1.0017457286511906        1.0000000000000000        6.9400066739805622E-310
  0.49499973114938828        2.6071664815170574E-006   1.1429722995615066E-005   1.0000000000000000E-002   1.2000000000000000E-002   1.0017455118940379        0.0000000000000000        1.0017455118940379        1.0000000000000000        6.9400066739805622E-310
  0.50500026885061322       -2.6071663489127027E-006  -1.1429735462975543E-005   1.0000000000000000E-002   1.2000000000000000E-002   1.0017455118941052        0.0000000000000000        1.0017455118941052        1.0000000000000000        6.9400066739805622E-310
  0.51500080549028793       -7.8112074522866777E-006  -3.4243949802004181E-005   1.0000000000000000E-002   1.2000000000000000E-002   1.0017457286512217        0.0000000000000000        1.0017457286512217        1.0000000000000000        6.9400066739805622E-310
  0.52500133894951773       -1.2984412593393902E-005  -5.6922800896863635E-005   1.0000000000000000E-002   1.2000000000000000E-002   1.0017461613085055        0.0000000000000000        1.0017461613085055        1.0000000000000000        6.9400066739805622E-310
  0.53500186712197884       -1.8106360523942581E-005  -7.9376566879396648E-005   1.0000000000000000E-002   1.2000000000000000E-002   1.0017468081558121        0.0000000000000000        1.0017468081558121        1.0000000000000000        6.9400066739805622E-310
  0.54500238792225486       -2.3156831933756558E-005  -1.0151649060041734E-004   1.0000000000000000E-002   1.2000000000000000E-002   1.0017476666361536        0.0000000000000000        1.0017476666361536        1.0000000000000000        6.9400066739805622E-310
  0.55500289929408042       -2.8115890132447607E-005  -1.2325510010935403E-004   1.0000000000000000E-002   1.2000000000000000E-002   1.0017487333564232        0.0000000000000000        1.0017487333564232        1.0000000000000000        6.9400066739805622E-310
  0.56500339921846332       -3.2963959181545099E-005  -1.4450636871998768E-004   1.0000000000000000E-002   1.2000000000000000E-002   1.0017500041003162        0.0000000000000000        1.0017500041003162        1.0000000000000000        6.9400066739805622E-310
  0.57500388572167793       -3.7681902342182779E-005  -1.6518634569706592E-004   1.0000000000000000E-002   1.2000000000000000E-002   1.0017514738449909        0.0000000000000000        1.0017514738449909        1.0000000000000000        6.9400066739805622E-310
  0.58500435688306174       -4.2251096112921576E-005  -1.8521336772181485E-004   1.0000000000000000E-002   1.2000000000000000E-002   1.0017531367818182        0.0000000000000000        1.0017531367818182        1.0000000000000000        6.9400066739805622E-310
  0.59500481084259693       -4.6653504879166972E-005  -2.0450818652228975E-004   1.0000000000000000E-002   1.2000000000000000E-002   1.0017549863385786        0.0000000000000000        1.0017549863385786        1.0000000000000000        6.9400066739805622E-310
  0.60500524580827786       -5.0871752742981352E-005  -2.2299471550546457E-004   1.0000000000000000E-002   1.2000000000000000E-002   1.0017570152059749        0.0000000000000000        1.0017570152059749        1.0000000000000000        6.9400066739805622E-310
  0.61500566006316937       -5.4889189584824486E-005  -2.4059981981849887E-004   1.0000000000000000E-002   1.2000000000000000E-002   1.0017592153666099        0.0000000000000000        1.0017592153666099        1.0000000000000000        6.9400066739805622E-310
  0.62500605197220671       -5.8689959791424106E-005  -2.5725406678400731E-004   1.0000000000000000E-002   1.2000000000000000E-002   1.0017615781264475        0.0000000000000000        1.0017615781264475        1.0000000000000000        6.9400066739805622E-310
  0.63500641998864049       -6.2259063020306057E-005  -2.7289174995903664E-004   1.0000000000000000E-002   1.2000000000000000E-002   1.0017640941501524        0.0000000000000000        1.0017640941501524        1.0000000000000000        6.9400066739805622E-310
  0.64500676266013779       -6.5582413884597083E-005  -2.8745103493310609E-004   1.0000000000000000E-002   1.2000000000000000E-002   1.0017667534970145        0.0000000000000000        1.0017667534970145        1.0000000000000000        6.9400066739805622E-310
  0.65500707863453012       -6.8646898417687162E-005  -3.0087460947303413E-004   1.0000000000000000E-002   1.2000000000000000E-002   1.0017695456608231        0.0000000000000000        1.0017695456608231        1.0000000000000000        6.9400066739805622E-310
  0.66500736666513005       -7.1440423261312874E-005  -3.1310951641039253E-004   1.0000000000000000E-002   1.2000000000000000E-002   1.0017724596119155        0.0000000000000000        1.0017724596119155        1.0000000000000000        6.9400066739805622E-310
  0.67500762561565419       -7.3951966762060038E-005  -3.2410756428458143E-004   1.0000000000000000E-002   1.2000000000000000E-002   1.0017754838404349        0.0000000000000000        1.0017754838404349        1.0000000000000000        6.9400066739805622E-310
  0.68500785446469459       -7.6171619252545034E-005  -3.3382537797344014E-004   1.0000000000000000E-002   1.2000000000000000E-002   1.0017786064017975        0.0000000000000000        1.0017786064017975        1.0000000000000000        6.9400066739805622E-310
  0.69500805230975105       -7.8090625474603567E-005  -3.4222478487855312E-004   1.0000000000000000E-002   1.2000000000000000E-002   1.0017818149642024        0.0000000000000000        1.0017818149642024        1.0000000000000000        6.9400066739805622E-310
  0.70500821837077099       -7.9701414956136687E-005  -3.4927268233531095E-004   1.0000000000000000E-002   1.2000000000000000E-002   1.0017850968573709        0.0000000000000000        1.0017850968573709        1.0000000000000000        6.9400066739805622E-310
  0.71500835199322776       -8.0997635864180846E-005  -3.5494145910419661E-004   1.0000000000000000E-002   1.2000000000000000E-002   1.0017884391225862        0.0000000000000000        1.0017884391225862        1.0000000000000000        6.9400066739805622E-310
  0.72500845265068214       -8.1974177023135081E-005  -3.5920891312901659E-004   1.0000000000000000E-002   1.2000000000000000E-002   1.0017918285644958        0.0000000000000000        1.0017918285644958        1.0000000000000000        6.9400066739805622E-310
  0.73500851994684213       -8.2627190215738634E-005  -3.6205825659685331E-004   1.0000000000000000E-002   1.2000000000000000E-002   1.0017952518023749        0.0000000000000000        1.0017952518023749        1.0000000000000000        6.9400066739805622E-310
  0.74500855361712659       -8.2954103287366662E-005  -3.6347851641771456E-004   1.0000000000000000E-002   1.2000000000000000E-002   1.0017986953235014        0.0000000000000000        1.0017986953235014        1.0000000000000000        6.9400066739805622E-310
  0.75500855352967622       -8.2953631682484752E-005  -3.6346415705601487E-004   1.0000000000000000E-002   1.2000000000000000E-002   1.0018021455364721        0.0000000000000000        1.0018021455364721        1.0000000000000000        6.9400066739805622E-310
  0.76500851968587524       -8.2625783041836900E-005  -3.6201551858638936E-004   1.0000000000000000E-002   1.2000000000000000E-002   1.0018055888249302        0.0000000000000000        1.0018055888249302        1.0000000000000000        6.9400066739805622E-310
  0.77500845222031023       -8.1971856216051068E-005  -3.5913836630019347E-004   1.0000000000000000E-002   1.2000000000000000E-002   1.0018090116011880        0.0000000000000000        1.0018090116011880        1.0000000000000000        6.9400066739805622E-310
  0.78500835140024305       -8.0994438122998537E-005  -3.5484433043997399E-004   1.0000000000000000E-002   1.2000000000000000E-002   1.0018124003598361        0.0000000000000000        1.0018124003598361        1.0000000000000000        6.9400066739805622E-310
  0.79500821762452056       -7.9697390786075204E-005  -3.4915040014826815E-004   1.0000000000000000E-002   1.2000000000000000E-002   1.0018157417309983        0.0000000000000000        1.0018157417309983        1.0000000000000000        6.9400066739805622E-310
  0.80500805142200604       -7.8085838010452476E-005  -3.4207933841035043E-004   1.0000000000000000E-002   1.2000000000000000E-002   1.0018190225331971        0.0000000000000000        1.0018190225331971        1.0000000000000000        6.9400066739805622E-310
  0.81500785344945370       -7.6166144735551535E-005  -3.3365902524629121E-004   1.0000000000000000E-002   1.2000000000000000E-002   1.0018222298250710        0.0000000000000000        1.0018222298250710        1.0000000000000000        6.9400066739805622E-310
  0.82500762448892950       -7.3945890756712217E-005  -3.2392294731664606E-004   1.0000000000000000E-002   1.2000000000000000E-002   1.0018253509562680        0.0000000000000000        1.0018253509562680        1.0000000000000000        6.9400066739805622E-310
  0.83500736544469112       -7.1433842089495552E-005  -3.1290954949092509E-004   1.0000000000000000E-002   1.2000000000000000E-002   1.0018283736176665        0.0000000000000000        1.0018283736176665        1.0000000000000000        6.9400066739805622E-310
  0.84500707733962388       -6.8639915371447713E-005  -3.0066244689930244E-004   1.0000000000000000E-002   1.2000000000000000E-002   1.0018312858893759        0.0000000000000000        1.0018312858893759        1.0000000000000000        6.9400066739805622E-310
  0.85500676131118603       -6.5575139798501763E-005  -2.8723004025810184E-004   1.0000000000000000E-002   1.2000000000000000E-002   1.0018340762881506        0.0000000000000000        1.0018340762881506        1.0000000000000000        6.9400066739805622E-310
  0.86500641860691285       -6.2251611933914901E-005  -2.7266531066327815E-004   1.0000000000000000E-002   1.2000000000000000E-002   1.0018367338117715        0.0000000000000000        1.0018367338117715        1.0000000000000000        6.9400066739805622E-310
  0.87500605057949998       -5.8682449381252978E-005  -2.5702589370002471E-004   1.0000000000000000E-002   1.2000000000000000E-002   1.0018392479829721        0.0000000000000000        1.0018392479829721        1.0000000000000000        6.9400066739805622E-310
  0.88500565868144454       -5.4881738561047835E-005  -2.4037344085670043E-004   1.0000000000000000E-002   1.2000000000000000E-002   1.0018416088906039        0.0000000000000000        1.0018416088906039        1.0000000000000000        6.9400066739805622E-310
  0.89500524445932428       -5.0864478204228772E-005  -2.2277367983569718E-004   1.0000000000000000E-002   1.2000000000000000E-002   1.0018438072280638        0.0000000000000000        1.0018438072280638        1.0000000000000000        6.9400066739805622E-310
  0.90500480954769058       -4.6646522275965369E-005  -2.0429603710248045E-004   1.0000000000000000E-002   1.2000000000000000E-002   1.0018458343303032        0.0000000000000000        1.0018458343303032        1.0000000000000000        6.9400066739805622E-310
  0.91500435566262084       -4.2244514715912549E-005  -1.8501336207243924E-004   1.0000000000000000E-002   1.2000000000000000E-002   1.0018476822075806        0.0000000000000000        1.0018476822075806        1.0000000000000000        6.9400066739805622E-310
  0.92500388459495486       -3.7675826444766742E-005  -1.6500175864475608E-004   1.0000000000000000E-002   1.2000000000000000E-002   1.0018493435772220        0.0000000000000000        1.0018493435772220        1.0000000000000000        6.9400066739805622E-310
  0.93500339820322409       -3.2958484576985538E-005  -1.4434003430530140E-004   1.0000000000000000E-002   1.2000000000000000E-002   1.0018508118919760        0.0000000000000000        1.0018508118919760        1.0000000000000000        6.9400066739805622E-310
  0.94500289840633445       -2.8111102763945888E-005  -1.2310960134964688E-004   1.0000000000000000E-002   1.2000000000000000E-002   1.0018520813651619        0.0000000000000000        1.0018520813651619        1.0000000000000000        6.9400066739805622E-310
  0.95500238717600816       -2.3152807929857423E-005  -1.0139426208333191E-004   1.0000000000000000E-002   1.2000000000000000E-002   1.0018531469944809        0.0000000000000000        1.0018531469944809        1.0000000000000000        6.9400066739805622E-310
  0.96500186652899467       -1.8103162523970115E-005  -7.9279417209754399E-005   1.0000000000000000E-002   1.2000000000000000E-002   1.0018540045809192        0.0000000000000000        1.0018540045809192        1.0000000000000000        6.9400066739805622E-310
  0.97500133851914761       -1.2982091711245046E-005  -5.6852274568974792E-005   1.0000000000000000E-002   1.2000000000000000E-002   1.0018546507449533        0.0000000000000000        1.0018546507449533        1.0000000000000000        6.9400066739805622E-310
  0.98500080522932021       -7.8098003034956177E-006  -3.4201187486537776E-005   1.0000000000000000E-002   1.2000000000000000E-002   1.0018550829406052        0.0000000000000000        1.0018550829406052        1.0000000000000000        6.9400066739805622E-310
  0.99500026876316339       -2.6066948049494004E-006  -1.1415389957747379E-005   1.0000000000000000E-002   1.2000000000000000E-002   1.0018552994650078        0.0000000000000000        1.0018552994650078        1.0000000000000000        6.9400066739805622E-310
   1.0049997312368375        2.6066983200480050E-006   1.1679772130790411E-005   1.0000000000000000E-002   1.2000000000000000E-002   1.0018552994650358        0.0000000000000000        1.0018552994650358        1.0000000000000000        6.9400066739805622E-310
   1.0149991947706800        7.8098102206325316E-006   3.4993315519038504E-005   1.0000000000000000E-002   1.2000000000000000E-002   1.0018550829406210        0.0000000000000000        1.0018550829406210        1.0000000000000000        6.9400066739805622E-310
   1.0249986614808531        1.2982108855522531E-005   5.8169018045006737E-005   1.0000000000000000E-002   1.2000000000000000E-002   1.0018546507448987        0.0000000000000000        1.0018546507448987        1.0000000000000000        6.9400066739805622E-310
   1.0349981334710066        1.8103186514658904E-005   8.1115566578304765E-005   1.0000000000000000E-002   1.2000000000000000E-002   1.0018540045808226        0.0000000000000000        1.0018540045808226        1.0000000000000000        6.9400066739805622E-310
   1.0449976128239946        2.3152838278635886E-005   1.0374257200762571E-004   1.0000000000000000E-002   1.2000000000000000E-002   1.0018531469944947        0.0000000000000000        1.0018531469944947        1.0000000000000000        6.9400066739805622E-310
  -4.9997312368366131E-003  -2.6070120587374405E-006  -3.5767633061438002E+077   1.0000000000000000E-002   1.2000000000000000E-002   1.0018552994650078        0.0000000000000000        1.0018552994650078        1.0000000000000000        6.9400066739805622E-310
  -1.4999194770679791E-002  -7.8107508686038438E-006   0.0000000000000000        1.0000000000000000E-002   1.2000000000000000E-002   1.0018550829406052        0.0000000000000000        1.0018550829406052        1.0000000000000000        6.9400066739805622E-310
  -2.4998661480852391E-002  -1.2983671789246286E-005  -3.5767633061438002E+077   1.0000000000000000E-002   1.2000000000000000E-002   1.0018546507449533        0.0000000000000000        1.0018546507449533        1.0000000000000000        6.9400066739805622E-310
  -3.4998133471005333E-002  -1.8105365889821486E-005   6.9400068546417920E-310   1.0000000000000000E-002   1.2000000000000000E-002   1.0018540045809192        0.0000000000000000        1.0018540045809192        1.0000000000000000        6.9400066739805622E-310
  -4.4997612823991839E-002  -2.3155625941275240E-005   6.9400066883177543E-310   1.0000000000000000E-002   1.2000000000000000E-002   1.0018531469944809        0.0000000000000000        1.0018531469944809        1.0000000000000000        6.9400066739805622E-310
