 # x, v, a, m, h, rho, u, P, c, ke
  0.15120000000000011     
   5.0004017004440576E-003   1.7349416135620260E-006  -1.7069221181387206E-005   1.0000000000000000E-002   1.2000000000000000E-002   1.0017183859965813        0.0000000000000000        1.0017183859965813        1.0000000000000000        6.9400066739805622E-310
   1.5001203515991305E-002   5.1979774959583638E-006  -5.1140323742870919E-005   1.0000000000000000E-002   1.2000000000000000E-002   1.0017187096901095        0.0000000000000000        1.0017187096901095        1.0000000000000000        6.9400066739805622E-310
   2.5002000581768206E-002   8.6404984253394792E-006  -8.5009606825892092E-005   1.0000000000000000E-002   1.2000000000000000E-002   1.0017193558003445        0.0000000000000000        1.0017193558003445        1.0000000000000000        6.9400066739805622E-310
   3.5002789752092658E-002   1.2048917640782223E-005  -1.1854341345252095E-004   1.0000000000000000E-002   1.2000000000000000E-002   1.0017203217785031        0.0000000000000000        1.0017203217785031        1.0000000000000000        6.9400066739805622E-310
   4.5003567912443795E-002   1.5409783054798681E-005  -1.5160941515723891E-004   1.0000000000000000E-002   1.2000000000000000E-002   1.0017216038140202        0.0000000000000000        1.0017216038140202        1.0000000000000000        6.9400066739805622E-310
   5.5004331991753481E-002   1.8709830325436462E-005  -1.8407712440993151E-004   1.0000000000000000E-002   1.2000000000000000E-002   1.0017231968495559        0.0000000000000000        1.0017231968495559        1.0000000000000000        6.9400066739805622E-310
   6.5005078974526800E-002   2.1936035167451367E-005  -2.1581841315665429E-004   1.0000000000000000E-002   1.2000000000000000E-002   1.0017250946008949        0.0000000000000000        1.0017250946008949        1.0000000000000000        6.9400066739805622E-310
   7.5005805912743126E-002   2.5075664734236357E-005  -2.4670801602333370E-004   1.0000000000000000E-002   1.2000000000000000E-002   1.0017272895816847        0.0000000000000000        1.0017272895816847        1.0000000000000000        6.9400066739805622E-310
   8.5006509937491412E-002   2.8116327932306438E-005  -2.7662403460215756E-004   1.0000000000000000E-002   1.2000000000000000E-002   1.0017297731329438        0.0000000000000000        1.0017297731329438        1.0000000000000000        6.9400066739805622E-310
   9.5007188270292295E-002   3.1046024290140056E-005  -3.0544840610957635E-004   1.0000000000000000E-002   1.2000000000000000E-002   1.0017325354571809        0.0000000000000000        1.0017325354571809        1.0000000000000000        6.9400066739805622E-310
  0.10500783823406422        3.3853191375890100E-005  -3.3306738117744317E-004   1.0000000000000000E-002   1.2000000000000000E-002   1.0017355656570026        0.0000000000000000        1.0017355656570026        1.0000000000000000        6.9400066739805622E-310
  0.11500845726368822        3.6526750379108271E-005  -3.5937195918300802E-004   1.0000000000000000E-002   1.2000000000000000E-002   1.0017388517780457        0.0000000000000000        1.0017388517780457        1.0000000000000000        6.9400066739805622E-310
  0.12500904291613218        3.9056149866322958E-005  -3.8425833667687925E-004   1.0000000000000000E-002   1.2000000000000000E-002   1.0017423808561028        0.0000000000000000        1.0017423808561028        1.0000000000000000        6.9400066739805622E-310
  0.13500959288009134        4.1431407414295067E-005  -4.0762829037532811E-004   1.0000000000000000E-002   1.2000000000000000E-002   1.0017461389681948        0.0000000000000000        1.0017461389681948        1.0000000000000000        6.9400066739805622E-310
  0.14501010498511122        4.3643148980316340E-005  -4.2938959413252320E-004   1.0000000000000000E-002   1.2000000000000000E-002   1.0017501112874299        0.0000000000000000        1.0017501112874299        1.0000000000000000        6.9400066739805622E-310
  0.15501057721015263        4.5682646001695219E-005  -4.4945636574933445E-004   1.0000000000000000E-002   1.2000000000000000E-002   1.0017542821414973        0.0000000000000000        1.0017542821414973        1.0000000000000000        6.9400066739805622E-310
  0.16501100769156765        4.7541849705378403E-005  -4.6774940231841811E-004   1.0000000000000000E-002   1.2000000000000000E-002   1.0017586350743934        0.0000000000000000        1.0017586350743934        1.0000000000000000        6.9400066739805622E-310
  0.17501139473045507        4.9213422889910174E-005  -4.8419650950126680E-004   1.0000000000000000E-002   1.2000000000000000E-002   1.0017631529113056        0.0000000000000000        1.0017631529113056        1.0000000000000000        6.9400066739805622E-310
  0.18501173679936458        5.0690769021303185E-005  -4.9873277582523912E-004   1.0000000000000000E-002   1.2000000000000000E-002   1.0017678178263694        0.0000000000000000        1.0017678178263694        1.0000000000000000        6.9400066739805622E-310
  0.19501203254832430        5.1968058085932204E-005  -5.1130082030859114E-004   1.0000000000000000E-002   1.2000000000000000E-002   1.0017726114129024        0.0000000000000000        1.0017726114129024        1.0000000000000000        6.9400066739805622E-310
  0.20501228081016915        5.3040249687007310E-005  -5.2185104123747550E-004   1.0000000000000000E-002   1.2000000000000000E-002   1.0017775147560022        0.0000000000000000        1.0017775147560022        1.0000000000000000        6.9400066739805622E-310
  0.21501248060514608        5.3903112888549564E-005  -5.3034179607092113E-004   1.0000000000000000E-002   1.2000000000000000E-002   1.0017825085071883        0.0000000000000000        1.0017825085071883        1.0000000000000000        6.9400066739805622E-310
  0.22501263114478023        5.4553242943140673E-005  -5.3673956271449441E-004   1.0000000000000000E-002   1.2000000000000000E-002   1.0017875729606658        0.0000000000000000        1.0017875729606658        1.0000000000000000        6.9400066739805622E-310
  0.23501273183498692        5.4988074662082129E-005  -5.4101908547110611E-004   1.0000000000000000E-002   1.2000000000000000E-002   1.0017926881310690        0.0000000000000000        1.0017926881310690        1.0000000000000000        6.9400066739805622E-310
  0.24501278227841525        5.5205892627778832E-005  -5.4316346290228523E-004   1.0000000000000000E-002   1.2000000000000000E-002   1.0017978338323026        0.0000000000000000        1.0017978338323026        1.0000000000000000        6.9400066739805622E-310
  0.25501278227601681        5.5205837827191255E-005  -5.4316423737876818E-004   1.0000000000000000E-002   1.2000000000000000E-002   1.0018029897572558        0.0000000000000000        1.0018029897572558        1.0000000000000000        6.9400066739805622E-310
  0.26501273182782853        5.4987911164619179E-005  -5.4102137552014540E-004   1.0000000000000000E-002   1.2000000000000000E-002   1.0018081355578512        0.0000000000000000        1.0018081355578512        1.0000000000000000        6.9400066739805622E-310
  0.27501263113297503        5.4552973299807912E-005  -5.3674333822506526E-004   1.0000000000000000E-002   1.2000000000000000E-002   1.0018132509253381        0.0000000000000000        1.0018132509253381        1.0000000000000000        6.9400066739805622E-310
  0.28501248058888046        5.3902741295620462E-005  -5.3034700195997431E-004   1.0000000000000000E-002   1.2000000000000000E-002   1.0018183156705676        0.0000000000000000        1.0018183156705676        1.0000000000000000        6.9400066739805622E-310
  0.29501228078969960        5.3039782114833237E-005  -5.2185759350376060E-004   1.0000000000000000E-002   1.2000000000000000E-002   1.0018233098035789        0.0000000000000000        1.0018233098035789        1.0000000000000000        6.9400066739805622E-310
  0.30501203252397358        5.1967501835250403E-005  -5.1130861450054965E-004   1.0000000000000000E-002   1.2000000000000000E-002   1.0018282136125436        0.0000000000000000        1.0018282136125436        1.0000000000000000        6.9400066739805622E-310
  0.31501173677151662        5.0690132903846813E-005  -4.9874168789187934E-004   1.0000000000000000E-002   1.2000000000000000E-002   1.0018330077416235        0.0000000000000000        1.0018330077416235        1.0000000000000000        6.9400066739805622E-310
  0.32501139469954915        4.9212716937480895E-005  -4.8420640123492120E-004   1.0000000000000000E-002   1.2000000000000000E-002   1.0018376732673664        0.0000000000000000        1.0018376732673664        1.0000000000000000        6.9400066739805622E-310
  0.33501100765809111        4.7541084971556624E-005  -4.6776011609850343E-004   1.0000000000000000E-002   1.2000000000000000E-002   1.0018421917734617        0.0000000000000000        1.0018421917734617        1.0000000000000000        6.9400066739805622E-310
  0.34501057717463351        4.5681834662271954E-005  -4.4946773527954065E-004   1.0000000000000000E-002   1.2000000000000000E-002   1.0018465454234962        0.0000000000000000        1.0018465454234962        1.0000000000000000        6.9400066739805622E-310
  0.35501010494810947        4.3642303756131366E-005  -4.2940143525171948E-004   1.0000000000000000E-002   1.2000000000000000E-002   1.0018507170313384        0.0000000000000000        1.0018507170313384        1.0000000000000000        6.9400066739805622E-310
  0.36500959284219070        4.1430541652883666E-005  -4.0764042057439553E-004   1.0000000000000000E-002   1.2000000000000000E-002   1.0018546901290932        0.0000000000000000        1.0018546901290932        1.0000000000000000        6.9400066739805622E-310
  0.37500904287793030        3.9055277224463340E-005  -3.8427056280720961E-004   1.0000000000000000E-002   1.2000000000000000E-002   1.0018584490321842        0.0000000000000000        1.0018584490321842        1.0000000000000000        6.9400066739805622E-310
  0.38500845722578764        3.6525884609797049E-005  -3.5938409064506516E-004   1.0000000000000000E-002   1.2000000000000000E-002   1.0018619789012444        0.0000000000000000        1.0018619789012444        1.0000000000000000        6.9400066739805622E-310
  0.39500783819706253        3.3852346163094290E-005  -3.3307922369818499E-004   1.0000000000000000E-002   1.2000000000000000E-002   1.0018652658008211        0.0000000000000000        1.0018652658008211        1.0000000000000000        6.9400066739805622E-310
  0.40500718823477294        3.1045212923666300E-005  -3.0545976986395829E-004   1.0000000000000000E-002   1.2000000000000000E-002   1.0018682967543959        0.0000000000000000        1.0018682967543959        1.0000000000000000        6.9400066739805622E-310
  0.41500650990401516        2.8115563249459183E-005  -2.7663475597883291E-004   1.0000000000000000E-002   1.2000000000000000E-002   1.0018710597957798        0.0000000000000000        1.0018710597957798        1.0000000000000000        6.9400066739805622E-310
  0.42500580588183701        2.5074958730348509E-005  -2.4671790472652333E-004   1.0000000000000000E-002   1.2000000000000000E-002   1.0018735440162443        0.0000000000000000        1.0018735440162443        1.0000000000000000        6.9400066739805622E-310
  0.43500507894667861        2.1935399012405923E-005  -2.1582732202318766E-004   1.0000000000000000E-002   1.2000000000000000E-002   1.0018757396076825        0.0000000000000000        1.0018757396076825        1.0000000000000000        6.9400066739805622E-310
  0.44500433196740280        1.8709274115608372E-005  -1.8408492094756923E-004   1.0000000000000000E-002   1.2000000000000000E-002   1.0018776379015666        0.0000000000000000        1.0018776379015666        1.0000000000000000        6.9400066739805622E-310
  0.45500356789197427        1.5409315467787436E-005  -1.5161596655044463E-004   1.0000000000000000E-002   1.2000000000000000E-002   1.0018792314029739        0.0000000000000000        1.0018792314029739        1.0000000000000000        6.9400066739805622E-310
  0.46500278973582715        1.2048546105431437E-005  -1.1854861907334424E-004   1.0000000000000000E-002   1.2000000000000000E-002   1.0018805138203100        0.0000000000000000        1.0018805138203100        1.0000000000000000        6.9400066739805622E-310
  0.47500200056996328        8.6402287294408224E-006  -8.5013386309285011E-005   1.0000000000000000E-002   1.2000000000000000E-002   1.0018814800902369        0.0000000000000000        1.0018814800902369        1.0000000000000000        6.9400066739805622E-310
  0.48500120350883291        5.1978139699741436E-006  -5.1142610677068490E-005   1.0000000000000000E-002   1.2000000000000000E-002   1.0018821263975630        0.0000000000000000        1.0018821263975630        1.0000000000000000        6.9400066739805622E-310
  0.49500040169804554        1.7348868553171484E-006  -1.7069990452256434E-005   1.0000000000000000E-002   1.2000000000000000E-002   1.0018824501904102        0.0000000000000000        1.0018824501904102        1.0000000000000000        6.9400066739805622E-310
  0.50499959830195429       -1.7348868029781904E-006   1.7069988823337212E-005   1.0000000000000000E-002   1.2000000000000000E-002   1.0018824501904193        0.0000000000000000        1.0018824501904193        1.0000000000000000        6.9400066739805622E-310
  0.51499879649116664       -5.1978140178909914E-006   5.1142618240795912E-005   1.0000000000000000E-002   1.2000000000000000E-002   1.0018821263975428        0.0000000000000000        1.0018821263975428        1.0000000000000000        6.9400066739805622E-310
  0.52499799943003700       -8.6402287766265224E-006   8.5013380410892125E-005   1.0000000000000000E-002   1.2000000000000000E-002   1.0018814800902089        0.0000000000000000        1.0018814800902089        1.0000000000000000        6.9400066739805622E-310
  0.53499721026417302       -1.2048546029993133E-005   1.1854861926607896E-004   1.0000000000000000E-002   1.2000000000000000E-002   1.0018805138203095        0.0000000000000000        1.0018805138203095        1.0000000000000000        6.9400066739805622E-310
  0.54499643210802595       -1.5409315480165793E-005   1.5161596655044463E-004   1.0000000000000000E-002   1.2000000000000000E-002   1.0018792314029699        0.0000000000000000        1.0018792314029699        1.0000000000000000        6.9400066739805622E-310
  0.55499566803259748       -1.8709274098149261E-005   1.8408491795174342E-004   1.0000000000000000E-002   1.2000000000000000E-002   1.0018776379015766        0.0000000000000000        1.0018776379015766        1.0000000000000000        6.9400066739805622E-310
  0.56499492105332139       -2.1935399022524765E-005   2.1582732581126862E-004   1.0000000000000000E-002   1.2000000000000000E-002   1.0018757396076921        0.0000000000000000        1.0018757396076921        1.0000000000000000        6.9400066739805622E-310
  0.57499419411816299       -2.5074958806497760E-005   2.4671791000496768E-004   1.0000000000000000E-002   1.2000000000000000E-002   1.0018735440162096        0.0000000000000000        1.0018735440162096        1.0000000000000000        6.9400066739805622E-310
  0.58499349009598567       -2.8115563186933183E-005   2.7663474174577374E-004   1.0000000000000000E-002   1.2000000000000000E-002   1.0018710597957876        0.0000000000000000        1.0018710597957876        1.0000000000000000        6.9400066739805622E-310
  0.59499281176522689       -3.1045212963482967E-005   3.0545977648177569E-004   1.0000000000000000E-002   1.2000000000000000E-002   1.0018682967544374        0.0000000000000000        1.0018682967544374        1.0000000000000000        6.9400066739805622E-310
  0.60499216180293736       -3.3852346142532620E-005   3.3307922561842673E-004   1.0000000000000000E-002   1.2000000000000000E-002   1.0018652658008225        0.0000000000000000        1.0018652658008225        1.0000000000000000        6.9400066739805622E-310
  0.61499154277421220       -3.6525884584304935E-005   3.5938409481328648E-004   1.0000000000000000E-002   1.2000000000000000E-002   1.0018619789012213        0.0000000000000000        1.0018619789012213        1.0000000000000000        6.9400066739805622E-310
  0.62499095712207009       -3.9055277213126279E-005   3.8427055657308529E-004   1.0000000000000000E-002   1.2000000000000000E-002   1.0018584490321674        0.0000000000000000        1.0018584490321674        1.0000000000000000        6.9400066739805622E-310
  0.63499040715780952       -4.1430541683681439E-005   4.0764041974750143E-004   1.0000000000000000E-002   1.2000000000000000E-002   1.0018546901291121        0.0000000000000000        1.0018546901291121        1.0000000000000000        6.9400066739805622E-310
  0.64498989505189042       -4.3642303802000897E-005   4.2940144264047575E-004   1.0000000000000000E-002   1.2000000000000000E-002   1.0018507170313233        0.0000000000000000        1.0018507170313233        1.0000000000000000        6.9400066739805622E-310
  0.65498942282536710       -4.5681834657561015E-005   4.4946772505394250E-004   1.0000000000000000E-002   1.2000000000000000E-002   1.0018465454234964        0.0000000000000000        1.0018465454234964        1.0000000000000000        6.9400066739805622E-310
  0.66498899234190878       -4.7541084963022550E-005   4.6776012237792486E-004   1.0000000000000000E-002   1.2000000000000000E-002   1.0018421917734801        0.0000000000000000        1.0018421917734801        1.0000000000000000        6.9400066739805622E-310
  0.67498860530045102       -4.9212716930233356E-005   4.8420640035828910E-004   1.0000000000000000E-002   1.2000000000000000E-002   1.0018376732673580        0.0000000000000000        1.0018376732673580        1.0000000000000000        6.9400066739805622E-310
  0.68498826322848350       -5.0690132894323825E-005   4.9874168991514978E-004   1.0000000000000000E-002   1.2000000000000000E-002   1.0018330077416133        0.0000000000000000        1.0018330077416133        1.0000000000000000        6.9400066739805622E-310
  0.69498796747602676       -5.1967501797828515E-005   5.1130861459647292E-004   1.0000000000000000E-002   1.2000000000000000E-002   1.0018282136125218        0.0000000000000000        1.0018282136125218        1.0000000000000000        6.9400066739805622E-310
  0.70498771921030101       -5.3039782157302710E-005   5.2185758660261428E-004   1.0000000000000000E-002   1.2000000000000000E-002   1.0018233098035878        0.0000000000000000        1.0018233098035878        1.0000000000000000        6.9400066739805622E-310
  0.71498751941111971       -5.3902741309788254E-005   5.3034700175391691E-004   1.0000000000000000E-002   1.2000000000000000E-002   1.0018183156706097        0.0000000000000000        1.0018183156706097        1.0000000000000000        6.9400066739805622E-310
  0.72498736886702464       -5.4552973273184995E-005   5.3674334618314390E-004   1.0000000000000000E-002   1.2000000000000000E-002   1.0018132509253448        0.0000000000000000        1.0018132509253448        1.0000000000000000        6.9400066739805622E-310
  0.73498726817217153       -5.4987911135559667E-005   5.4102137341782708E-004   1.0000000000000000E-002   1.2000000000000000E-002   1.0018081355578308        0.0000000000000000        1.0018081355578308        1.0000000000000000        6.9400066739805622E-310
  0.74498721772398335       -5.5205837844484063E-005   5.4316423418132587E-004   1.0000000000000000E-002   1.2000000000000000E-002   1.0018029897572618        0.0000000000000000        1.0018029897572618        1.0000000000000000        6.9400066739805622E-310
  0.75498721772158461       -5.5205892604334119E-005   5.4316346787963710E-004   1.0000000000000000E-002   1.2000000000000000E-002   1.0017978338322970        0.0000000000000000        1.0017978338322970        1.0000000000000000        6.9400066739805622E-310
  0.76498726816501339       -5.4988074709555683E-005   5.4101908003367782E-004   1.0000000000000000E-002   1.2000000000000000E-002   1.0017926881310666        0.0000000000000000        1.0017926881310666        1.0000000000000000        6.9400066739805622E-310
  0.77498736885521968       -5.4553242915623452E-005   5.3673956745381446E-004   1.0000000000000000E-002   1.2000000000000000E-002   1.0017875729606693        0.0000000000000000        1.0017875729606693        1.0000000000000000        6.9400066739805622E-310
  0.78498751939485412       -5.3903112907837670E-005   5.3034179391886482E-004   1.0000000000000000E-002   1.2000000000000000E-002   1.0017825085071754        0.0000000000000000        1.0017825085071754        1.0000000000000000        6.9400066739805622E-310
  0.79498771918983113       -5.3040249650303834E-005   5.2185103511348530E-004   1.0000000000000000E-002   1.2000000000000000E-002   1.0017775147560304        0.0000000000000000        1.0017775147560304        1.0000000000000000        6.9400066739805622E-310
  0.80498796745167522       -5.1968058130483182E-005   5.1130082948080968E-004   1.0000000000000000E-002   1.2000000000000000E-002   1.0017726114129144        0.0000000000000000        1.0017726114129144        1.0000000000000000        6.9400066739805622E-310
  0.81498826320063544       -5.0690769022149323E-005   4.9873277241996306E-004   1.0000000000000000E-002   1.2000000000000000E-002   1.0017678178263560        0.0000000000000000        1.0017678178263560        1.0000000000000000        6.9400066739805622E-310
  0.82498860526954476       -4.9213422865835668E-005   4.8419651293851729E-004   1.0000000000000000E-002   1.2000000000000000E-002   1.0017631529112938        0.0000000000000000        1.0017631529112938        1.0000000000000000        6.9400066739805622E-310
  0.83498899230843260       -4.7541849702669138E-005   4.6774939796367931E-004   1.0000000000000000E-002   1.2000000000000000E-002   1.0017586350743832        0.0000000000000000        1.0017586350743832        1.0000000000000000        6.9400066739805622E-310
  0.84498942278984746       -4.5682645994407259E-005   4.4945636461335425E-004   1.0000000000000000E-002   1.2000000000000000E-002   1.0017542821415137        0.0000000000000000        1.0017542821415137        1.0000000000000000        6.9400066739805622E-310
  0.85498989501488865       -4.3643148997170161E-005   4.2938959708660462E-004   1.0000000000000000E-002   1.2000000000000000E-002   1.0017501112874365        0.0000000000000000        1.0017501112874365        1.0000000000000000        6.9400066739805622E-310
  0.86499040711990860       -4.1431407434029552E-005   4.0762829097218400E-004   1.0000000000000000E-002   1.2000000000000000E-002   1.0017461389681861        0.0000000000000000        1.0017461389681861        1.0000000000000000        6.9400066739805622E-310
  0.87499095708386787       -3.9056149841793216E-005   3.8425833555333355E-004   1.0000000000000000E-002   1.2000000000000000E-002   1.0017423808560961        0.0000000000000000        1.0017423808560961        1.0000000000000000        6.9400066739805622E-310
  0.88499154273631186       -3.6526750351433320E-005   3.5937195871760252E-004   1.0000000000000000E-002   1.2000000000000000E-002   1.0017388517780470        0.0000000000000000        1.0017388517780470        1.0000000000000000        6.9400066739805622E-310
  0.89499216176593577       -3.3853191411966778E-005   3.3306738390770363E-004   1.0000000000000000E-002   1.2000000000000000E-002   1.0017355656569924        0.0000000000000000        1.0017355656569924        1.0000000000000000        6.9400066739805622E-310
  0.90499281172970802       -3.1046024260673528E-005   3.0544840237478610E-004   1.0000000000000000E-002   1.2000000000000000E-002   1.0017325354571771        0.0000000000000000        1.0017325354571771        1.0000000000000000        6.9400066739805622E-310
  0.91499349006250863       -2.8116327988186002E-005   2.7662403924821888E-004   1.0000000000000000E-002   1.2000000000000000E-002   1.0017297731329362        0.0000000000000000        1.0017297731329362        1.0000000000000000        6.9400066739805622E-310
  0.92499419408725736       -2.5075664696815685E-005   2.4670800920478797E-004   1.0000000000000000E-002   1.2000000000000000E-002   1.0017272895816842        0.0000000000000000        1.0017272895816842        1.0000000000000000        6.9400066739805622E-310
  0.93499492102547332       -2.1936035153099051E-005   2.1581841012796588E-004   1.0000000000000000E-002   1.2000000000000000E-002   1.0017250946009411        0.0000000000000000        1.0017250946009411        1.0000000000000000        6.9400066739805622E-310
  0.94499566800824597       -1.8709830381552625E-005   1.8407713339563259E-004   1.0000000000000000E-002   1.2000000000000000E-002   1.0017231968495746        0.0000000000000000        1.0017231968495746        1.0000000000000000        6.9400066739805622E-310
  0.95499643208755591       -1.5409783020996334E-005   1.5160941808378681E-004   1.0000000000000000E-002   1.2000000000000000E-002   1.0017216038139847        0.0000000000000000        1.0017216038139847        1.0000000000000000        6.9400066739805622E-310
  0.96499721024790763       -1.2048917658771083E-005   1.1854340607797553E-004   1.0000000000000000E-002   1.2000000000000000E-002   1.0017203217784905        0.0000000000000000        1.0017203217784905        1.0000000000000000        6.9400066739805622E-310
  0.97499799941823173       -8.6404984148209817E-006   8.5009608286057414E-005   1.0000000000000000E-002   1.2000000000000000E-002   1.0017193558003552        0.0000000000000000        1.0017193558003552        1.0000000000000000        6.9400066739805622E-310
  0.98499879648400879       -5.1979775043357102E-006   5.1140315910913614E-005   1.0000000000000000E-002   1.2000000000000000E-002   1.0017187096901479        0.0000000000000000        1.0017187096901479        1.0000000000000000        6.9400066739805622E-310
  0.99499959829955509       -1.7349415995305888E-006   1.7069229943267317E-005   1.0000000000000000E-002   1.2000000000000000E-002   1.0017183859966186        0.0000000000000000        1.0017183859966186        1.0000000000000000        6.9400066739805622E-310
   1.0050004017004441        1.7349366536447492E-006  -1.6890199759700408E-005   1.0000000000000000E-002   1.2000000000000000E-002   1.0017183859965813        0.0000000000000000        1.0017183859965813        1.0000000000000000        6.9400066739805622E-310
   1.0150012035159912        5.1979626338596117E-006  -5.0603965492612701E-005   1.0000000000000000E-002   1.2000000000000000E-002   1.0017187096901095        0.0000000000000000        1.0017187096901095        1.0000000000000000        6.9400066739805622E-310
   1.0250020005817682        8.6404737209079127E-006  -8.4118026347113073E-005   1.0000000000000000E-002   1.2000000000000000E-002   1.0017193558003445        0.0000000000000000        1.0017193558003445        1.0000000000000000        6.9400066739805622E-310
   1.0350027897520926        1.2048883191412998E-005  -1.1730013067889900E-004   1.0000000000000000E-002   1.2000000000000000E-002   1.0017203217785031        0.0000000000000000        1.0017203217785031        1.0000000000000000        6.9400066739805622E-310
   1.0450035679124439        1.5409738996477955E-005  -1.5001933741931595E-004   1.0000000000000000E-002   1.2000000000000000E-002   1.0017216038140202        0.0000000000000000        1.0017216038140202        1.0000000000000000        6.9400066739805622E-310
  -5.0004017004449119E-003  -1.7351564255798050E-006  -3.5767633061438002E+077   1.0000000000000000E-002   1.2000000000000000E-002   1.0017183859966186        0.0000000000000000        1.0017183859966186        1.0000000000000000        6.9400066739805622E-310
  -1.5001203515991213E-002  -5.1986211334963452E-006   0.0000000000000000        1.0000000000000000E-002   1.2000000000000000E-002   1.0017187096901479        0.0000000000000000        1.0017187096901479        1.0000000000000000        6.9400066739805622E-310
  -2.5002000581768269E-002  -8.6415683117461694E-006  -3.5767633061438002E+077   1.0000000000000000E-002   1.2000000000000000E-002   1.0017193558003552        0.0000000000000000        1.0017193558003552        1.0000000000000000        6.9400066739805622E-310
  -3.5002789752092367E-002  -1.2050409598915844E-005   6.9400068546417920E-310   1.0000000000000000E-002   1.2000000000000000E-002   1.0017203217784905        0.0000000000000000        1.0017203217784905        1.0000000000000000        6.9400066739805622E-310
  -4.5003567912444087E-002  -1.5411691111437185E-005   6.9400066883177543E-310   1.0000000000000000E-002   1.2000000000000000E-002   1.0017216038139847        0.0000000000000000        1.0017216038139847        1.0000000000000000        6.9400066739805622E-310
