 # x, v, a, m, h, rho, u, P, c, ke
   3.2520000000000695     
   5.0003430666539046E-003  -2.2061338930206709E-006  -1.4584710931409006E-005   1.0000000000000000E-002   1.2000000000000000E-002   1.0017303579609491        0.0000000000000000        1.0017303579609491        1.0000000000000000        6.9400066739805622E-310
   1.5001027845382290E-002  -6.6096948026861085E-006  -4.3696526075720499E-005   1.0000000000000000E-002   1.2000000000000000E-002   1.0017306345439962        0.0000000000000000        1.0017306345439962        1.0000000000000000        6.9400066739805622E-310
   2.5001708565720374E-002  -1.0987170325712349E-005  -7.2635546892740877E-005   1.0000000000000000E-002   1.2000000000000000E-002   1.0017311866170902        0.0000000000000000        1.0017311866170902        1.0000000000000000        6.9400066739805622E-310
   3.5002382539908339E-002  -1.5321284057747150E-005  -1.0128734098735492E-004   1.0000000000000000E-002   1.2000000000000000E-002   1.0017320119978317        0.0000000000000000        1.0017320119978317        1.0000000000000000        6.9400066739805622E-310
   4.5003047106866610E-002  -1.9594931853449800E-005  -1.2953876311172507E-004   1.0000000000000000E-002   1.2000000000000000E-002   1.0017331074241844        0.0000000000000000        1.0017331074241844        1.0000000000000000        6.9400066739805622E-310
   5.5003699642702054E-002  -2.3791246966304825E-005  -1.5727803679865815E-004   1.0000000000000000E-002   1.2000000000000000E-002   1.0017344685670388        0.0000000000000000        1.0017344685670388        1.0000000000000000        6.9400066739805622E-310
   6.5004337571092308E-002  -2.7893668227545670E-005  -1.8439545201065499E-004   1.0000000000000000E-002   1.2000000000000000E-002   1.0017360900464740        0.0000000000000000        1.0017360900464740        1.0000000000000000        6.9400066739805622E-310
   7.5004958373477981E-002  -3.1886005940981125E-005  -2.1078397238394331E-004   1.0000000000000000E-002   1.2000000000000000E-002   1.0017379654542560        0.0000000000000000        1.0017379654542560        1.0000000000000000        6.9400066739805622E-310
   8.5005559598999511E-002  -3.5752503414291643E-005  -2.3633925239252562E-004   1.0000000000000000E-002   1.2000000000000000E-002   1.0017400873791860        0.0000000000000000        1.0017400873791860        1.0000000000000000        6.9400066739805622E-310
   9.5006138874193929E-002  -3.9477901411204009E-005  -2.6096032514377754E-004   1.0000000000000000E-002   1.2000000000000000E-002   1.0017424474359240        0.0000000000000000        1.0017424474359240        1.0000000000000000        6.9400066739805622E-310
  0.10500669391236854       -4.3047497996644467E-005  -2.8454989291937238E-004   1.0000000000000000E-002   1.2000000000000000E-002   1.0017450362983682        0.0000000000000000        1.0017450362983682        1.0000000000000000        6.9400066739805622E-310
  0.11500722252264275       -4.6447205059393678E-005  -3.0701491432250094E-004   1.0000000000000000E-002   1.2000000000000000E-002   1.0017478437371925        0.0000000000000000        1.0017478437371925        1.0000000000000000        6.9400066739805622E-310
  0.12500772261858351       -4.9663605827255003E-005  -3.2826656614037830E-004   1.0000000000000000E-002   1.2000000000000000E-002   1.0017508586600514        0.0000000000000000        1.0017508586600514        1.0000000000000000        6.9400066739805622E-310
  0.13500819222646007       -5.2684006271322429E-005  -3.4822098944875535E-004   1.0000000000000000E-002   1.2000000000000000E-002   1.0017540691550448        0.0000000000000000        1.0017540691550448        1.0000000000000000        6.9400066739805622E-310
  0.14500862949303087       -5.5496486531335773E-005  -3.6679951736839911E-004   1.0000000000000000E-002   1.2000000000000000E-002   1.0017574625389420        0.0000000000000000        1.0017574625389420        1.0000000000000000        6.9400066739805622E-310
  0.15500903269284674       -5.8089947106059973E-005  -3.8392877083825994E-004   1.0000000000000000E-002   1.2000000000000000E-002   1.0017610254067615        0.0000000000000000        1.0017610254067615        1.0000000000000000        6.9400066739805622E-310
  0.16500940023507124       -6.0454152528988274E-005  -3.9954130465869042E-004   1.0000000000000000E-002   1.2000000000000000E-002   1.0017647436850390        0.0000000000000000        1.0017647436850390        1.0000000000000000        6.9400066739805622E-310
  0.17500973066973805       -6.2579772571119192E-005  -4.1357552043841395E-004   1.0000000000000000E-002   1.2000000000000000E-002   1.0017686026876766        0.0000000000000000        1.0017686026876766        1.0000000000000000        6.9400066739805622E-310
  0.18501002269347638       -6.4458418614380734E-005  -4.2597619219897354E-004   1.0000000000000000E-002   1.2000000000000000E-002   1.0017725871738343        0.0000000000000000        1.0017725871738343        1.0000000000000000        6.9400066739805622E-310
  0.19501027515463637       -6.6082676217670301E-005  -4.3669451005623472E-004   1.0000000000000000E-002   1.2000000000000000E-002   1.0017766814086451        0.0000000000000000        1.0017766814086451        1.0000000000000000        6.9400066739805622E-310
  0.20501048705782196       -6.7446135335294964E-005  -4.4568829636482121E-004   1.0000000000000000E-002   1.2000000000000000E-002   1.0017808692250236        0.0000000000000000        1.0017808692250236        1.0000000000000000        6.9400066739805622E-310
  0.21501065756780899       -6.8543415145925772E-005  -4.5292227950444186E-004   1.0000000000000000E-002   1.2000000000000000E-002   1.0017851340879487        0.0000000000000000        1.0017851340879487        1.0000000000000000        6.9400066739805622E-310
  0.22501078601281649       -6.9370185427239896E-005  -4.5836803625487477E-004   1.0000000000000000E-002   1.2000000000000000E-002   1.0017894591596541        0.0000000000000000        1.0017894591596541        1.0000000000000000        6.9400066739805622E-310
  0.23501087188714992       -6.9923182997840041E-005  -4.6200434762511122E-004   1.0000000000000000E-002   1.2000000000000000E-002   1.0017938273663123        0.0000000000000000        1.0017938273663123        1.0000000000000000        6.9400066739805622E-310
  0.24501091485316598       -7.0200225492777390E-005  -4.6381699451902847E-004   1.0000000000000000E-002   1.2000000000000000E-002   1.0017982214654537        0.0000000000000000        1.0017982214654537        1.0000000000000000        6.9400066739805622E-310
  0.25501091474259557       -7.0200220132528537E-005  -4.6379904695470486E-004   1.0000000000000000E-002   1.2000000000000000E-002   1.0018026241137326        0.0000000000000000        1.0018026241137326        1.0000000000000000        6.9400066739805622E-310
  0.26501087155718472       -6.9923166378954682E-005  -4.6195083316646901E-004   1.0000000000000000E-002   1.2000000000000000E-002   1.0018070179359861        0.0000000000000000        1.0018070179359861        1.0000000000000000        6.9400066739805622E-310
  0.27501078546866270       -6.9370157920461506E-005  -4.5827984075952344E-004   1.0000000000000000E-002   1.2000000000000000E-002   1.0018113855936419        0.0000000000000000        1.0018113855936419        1.0000000000000000        6.9400066739805622E-310
  0.28501065681804549       -6.8543377658306928E-005  -4.5280073017917033E-004   1.0000000000000000E-002   1.2000000000000000E-002   1.0018157098527614        0.0000000000000000        1.0018157098527614        1.0000000000000000        6.9400066739805622E-310
  0.29501048611427405       -6.7446087929685808E-005  -4.4553534028057840E-004   1.0000000000000000E-002   1.2000000000000000E-002   1.0018199736522144        0.0000000000000000        1.0018199736522144        1.0000000000000000        6.9400066739805622E-310
  0.30501027403218234       -6.6082619870118365E-005  -4.3651250882348336E-004   1.0000000000000000E-002   1.2000000000000000E-002   1.0018241601708928        0.0000000000000000        1.0018241601708928        1.0000000000000000        6.9400066739805622E-310
  0.31501002140982287       -6.4458354065185928E-005  -4.2576813358330412E-004   1.0000000000000000E-002   1.2000000000000000E-002   1.0018282528945408        0.0000000000000000        1.0018282528945408        1.0000000000000000        6.9400066739805622E-310
  0.32500972924512372       -6.2579701218604922E-005  -4.1334456869090985E-004   1.0000000000000000E-002   1.2000000000000000E-002   1.0018322356799365        0.0000000000000000        1.0018322356799365        1.0000000000000000        6.9400066739805622E-310
  0.33500939869196344       -6.0454074936503137E-005  -3.9929111346115320E-004   1.0000000000000000E-002   1.2000000000000000E-002   1.0018360928185079        0.0000000000000000        1.0018360928185079        1.0000000000000000        6.9400066739805622E-310
  0.34500903105558461       -5.8089864689555125E-005  -3.8366336207751317E-004   1.0000000000000000E-002   1.2000000000000000E-002   1.0018398090992617        0.0000000000000000        1.0018398090992617        1.0000000000000000        6.9400066739805622E-310
  0.35500862778743247       -5.5496400835938502E-005  -3.6652301004913568E-004   1.0000000000000000E-002   1.2000000000000000E-002   1.0018433698676115        0.0000000000000000        1.0018433698676115        1.0000000000000000        6.9400066739805622E-310
  0.36500819047942473       -5.2683918425889041E-005  -3.4793777091923772E-004   1.0000000000000000E-002   1.2000000000000000E-002   1.0018467610830251        0.0000000000000000        1.0018467610830251        1.0000000000000000        6.9400066739805622E-310
  0.37500772085766226       -4.9663517495649315E-005  -3.2798108154086236E-004   1.0000000000000000E-002   1.2000000000000000E-002   1.0018499693747644        0.0000000000000000        1.0018499693747644        1.0000000000000000        6.9400066739805622E-310
  0.38500722077560767       -4.6447117523836119E-005  -3.0673168842376697E-004   1.0000000000000000E-002   1.2000000000000000E-002   1.0018529820943227        0.0000000000000000        1.0018529820943227        1.0000000000000000        6.9400066739805622E-310
  0.39500669220677204       -4.3047412184148232E-005  -2.8427340841208348E-004   1.0000000000000000E-002   1.2000000000000000E-002   1.0018557873647438        0.0000000000000000        1.0018557873647438        1.0000000000000000        6.9400066739805622E-310
  0.40500613723693196       -3.9477819293556048E-005  -2.6069489396451928E-004   1.0000000000000000E-002   1.2000000000000000E-002   1.0018583741277189        0.0000000000000000        1.0018583741277189        1.0000000000000000        6.9400066739805622E-310
  0.41500555805589368       -3.5752425886006141E-005  -2.3608908694594533E-004   1.0000000000000000E-002   1.2000000000000000E-002   1.0018607321869437        0.0000000000000000        1.0018607321869437        1.0000000000000000        6.9400066739805622E-310
  0.42500495694886392       -3.1885934260035170E-005  -2.1055302219785688E-004   1.0000000000000000E-002   1.2000000000000000E-002   1.0018628522479383        0.0000000000000000        1.0018628522479383        1.0000000000000000        6.9400066739805622E-310
  0.43500433628743773       -2.7893603714401122E-005  -1.8418738192771400E-004   1.0000000000000000E-002   1.2000000000000000E-002   1.0018647259549047        0.0000000000000000        1.0018647259549047        1.0000000000000000        6.9400066739805622E-310
  0.44500369852024657       -2.3791190448731336E-005  -1.5709601942148765E-004   1.0000000000000000E-002   1.2000000000000000E-002   1.0018663459230639        0.0000000000000000        1.0018663459230639        1.0000000000000000        6.9400066739805622E-310
  0.45500304616331821       -1.9594884573676178E-005  -1.2938580279708845E-004   1.0000000000000000E-002   1.2000000000000000E-002   1.0018677057681158        0.0000000000000000        1.0018677057681158        1.0000000000000000        6.9400066739805622E-310
  0.46500238179014641       -1.5321246557283583E-005  -1.0116582324304346E-004   1.0000000000000000E-002   1.2000000000000000E-002   1.0018688001311249        0.0000000000000000        1.0018688001311249        1.0000000000000000        6.9400066739805622E-310
  0.47500170802156594       -1.0987143068503626E-005  -7.2547318326954269E-005   1.0000000000000000E-002   1.2000000000000000E-002   1.0018696246992775        0.0000000000000000        1.0018696246992775        1.0000000000000000        6.9400066739805622E-310
  0.48500102751541857       -6.6096781165488251E-006  -4.3643022330286385E-005   1.0000000000000000E-002   1.2000000000000000E-002   1.0018701762232527        0.0000000000000000        1.0018701762232527        1.0000000000000000        6.9400066739805622E-310
  0.49500034295608591       -2.2061282850372664E-006  -1.4566795538684119E-005   1.0000000000000000E-002   1.2000000000000000E-002   1.0018704525296238        0.0000000000000000        1.0018704525296238        1.0000000000000000        6.9400066739805622E-310
  0.50499965704391614        2.2061281224548094E-006   1.4566790813574926E-005   1.0000000000000000E-002   1.2000000000000000E-002   1.0018704525296438        0.0000000000000000        1.0018704525296438        1.0000000000000000        6.9400066739805622E-310
  0.51499897248458315        6.6096784054121280E-006   4.3643013222904870E-005   1.0000000000000000E-002   1.2000000000000000E-002   1.0018701762233360        0.0000000000000000        1.0018701762233360        1.0000000000000000        6.9400066739805622E-310
  0.52499829197843439        1.0987143109608889E-005   7.2547329029504226E-005   1.0000000000000000E-002   1.2000000000000000E-002   1.0018696246993617        0.0000000000000000        1.0018696246993617        1.0000000000000000        6.9400066739805622E-310
  0.53499761820985348        1.5321246400620652E-005   1.0116583116559497E-004   1.0000000000000000E-002   1.2000000000000000E-002   1.0018688001311113        0.0000000000000000        1.0018688001311113        1.0000000000000000        6.9400066739805622E-310
  0.54499695383668278        1.9594884492890685E-005   1.2938577466403700E-004   1.0000000000000000E-002   1.2000000000000000E-002   1.0018677057682053        0.0000000000000000        1.0018677057682053        1.0000000000000000        6.9400066739805622E-310
  0.55499630147975121        2.3791190392190999E-005   1.5709606451164149E-004   1.0000000000000000E-002   1.2000000000000000E-002   1.0018663459230723        0.0000000000000000        1.0018663459230723        1.0000000000000000        6.9400066739805622E-310
  0.56499566371256305        2.7893603896564607E-005   1.8418735888126037E-004   1.0000000000000000E-002   1.2000000000000000E-002   1.0018647259548050        0.0000000000000000        1.0018647259548050        1.0000000000000000        6.9400066739805622E-310
  0.57499504305113625        3.1885934337472928E-005   2.1055302304340273E-004   1.0000000000000000E-002   1.2000000000000000E-002   1.0018628522479578        0.0000000000000000        1.0018628522479578        1.0000000000000000        6.9400066739805622E-310
  0.58499444194410632        3.5752425748171783E-005   2.3608909667416356E-004   1.0000000000000000E-002   1.2000000000000000E-002   1.0018607321868933        0.0000000000000000        1.0018607321868933        1.0000000000000000        6.9400066739805622E-310
  0.59499386276306954        3.9477819510809597E-005   2.6069486548507825E-004   1.0000000000000000E-002   1.2000000000000000E-002   1.0018583741277662        0.0000000000000000        1.0018583741277662        1.0000000000000000        6.9400066739805622E-310
  0.60499330779322680        4.3047412258663760E-005   2.8427344358039619E-004   1.0000000000000000E-002   1.2000000000000000E-002   1.0018557873647622        0.0000000000000000        1.0018557873647622        1.0000000000000000        6.9400066739805622E-310
  0.61499277922439333        4.6447117307053710E-005   3.0673167220651720E-004   1.0000000000000000E-002   1.2000000000000000E-002   1.0018529820942450        0.0000000000000000        1.0018529820942450        1.0000000000000000        6.9400066739805622E-310
  0.62499227914233857        4.9663517341053008E-005   3.2798106728026966E-004   1.0000000000000000E-002   1.2000000000000000E-002   1.0018499693748391        0.0000000000000000        1.0018499693748391        1.0000000000000000        6.9400066739805622E-310
  0.63499180952057444        5.2683918448798674E-005   3.4793779115371848E-004   1.0000000000000000E-002   1.2000000000000000E-002   1.0018467610830633        0.0000000000000000        1.0018467610830633        1.0000000000000000        6.9400066739805622E-310
  0.64499137221256764        5.5496400992602288E-005   3.6652299652928377E-004   1.0000000000000000E-002   1.2000000000000000E-002   1.0018433698676168        0.0000000000000000        1.0018433698676168        1.0000000000000000        6.9400066739805622E-310
  0.65499096894441466        5.8089864628458598E-005   3.8366336056316896E-004   1.0000000000000000E-002   1.2000000000000000E-002   1.0018398090993397        0.0000000000000000        1.0018398090993397        1.0000000000000000        6.9400066739805622E-310
  0.66499060130803478        6.0454075033554424E-005   3.9929114443459923E-004   1.0000000000000000E-002   1.2000000000000000E-002   1.0018360928184562        0.0000000000000000        1.0018360928184562        1.0000000000000000        6.9400066739805622E-310
  0.67499027075487650        6.2579700921417626E-005   4.1334456975228306E-004   1.0000000000000000E-002   1.2000000000000000E-002   1.0018322356797313        0.0000000000000000        1.0018322356797313        1.0000000000000000        6.9400066739805622E-310
  0.68498997859018007        6.4458354389950151E-005   4.2576808160799118E-004   1.0000000000000000E-002   1.2000000000000000E-002   1.0018282528945710        0.0000000000000000        1.0018282528945710        1.0000000000000000        6.9400066739805622E-310
  0.69498972596781705        6.6082619646512630E-005   4.3651253759424691E-004   1.0000000000000000E-002   1.2000000000000000E-002   1.0018241601710269        0.0000000000000000        1.0018241601710269        1.0000000000000000        6.9400066739805622E-310
  0.70498951388572573        6.7446088035481104E-005   4.4553535662217314E-004   1.0000000000000000E-002   1.2000000000000000E-002   1.0018199736521445        0.0000000000000000        1.0018199736521445        1.0000000000000000        6.9400066739805622E-310
  0.71498934318195562        6.8543377575459435E-005   4.5280071597630922E-004   1.0000000000000000E-002   1.2000000000000000E-002   1.0018157098526830        0.0000000000000000        1.0018157098526830        1.0000000000000000        6.9400066739805622E-310
  0.72498921453133902        6.9370158051774923E-005   4.5827980635859689E-004   1.0000000000000000E-002   1.2000000000000000E-002   1.0018113855937831        0.0000000000000000        1.0018113855937831        1.0000000000000000        6.9400066739805622E-310
  0.73498912844281317        6.9923166441872005E-005   4.6195087475808805E-004   1.0000000000000000E-002   1.2000000000000000E-002   1.0018070179360896        0.0000000000000000        1.0018070179360896        1.0000000000000000        6.9400066739805622E-310
  0.74498908525740382        7.0200219970407705E-005   4.6379905620508310E-004   1.0000000000000000E-002   1.2000000000000000E-002   1.0018026241136144        0.0000000000000000        1.0018026241136144        1.0000000000000000        6.9400066739805622E-310
  0.75498908514683449        7.0200225531799913E-005   4.6381699692243927E-004   1.0000000000000000E-002   1.2000000000000000E-002   1.0017982214652807        0.0000000000000000        1.0017982214652807        1.0000000000000000        6.9400066739805622E-310
  0.76498912811285336        6.9923182936804419E-005   4.6200429377574181E-004   1.0000000000000000E-002   1.2000000000000000E-002   1.0017938273663720        0.0000000000000000        1.0017938273663720        1.0000000000000000        6.9400066739805622E-310
  0.77498921398718257        6.9370185433952896E-005   4.5836806755428228E-004   1.0000000000000000E-002   1.2000000000000000E-002   1.0017894591598104        0.0000000000000000        1.0017894591598104        1.0000000000000000        6.9400066739805622E-310
  0.78498934243219087        6.8543415170665219E-005   4.5292227584159406E-004   1.0000000000000000E-002   1.2000000000000000E-002   1.0017851340879831        0.0000000000000000        1.0017851340879831        1.0000000000000000        6.9400066739805622E-310
  0.79498951294217646        6.7446135496289581E-005   4.4568832451741258E-004   1.0000000000000000E-002   1.2000000000000000E-002   1.0017808692249530        0.0000000000000000        1.0017808692249530        1.0000000000000000        6.9400066739805622E-310
  0.80498972484536513        6.6082676291477757E-005   4.3669446868932482E-004   1.0000000000000000E-002   1.2000000000000000E-002   1.0017766814086262        0.0000000000000000        1.0017766814086262        1.0000000000000000        6.9400066739805622E-310
  0.81498997730652256        6.4458418666811491E-005   4.2597620592754737E-004   1.0000000000000000E-002   1.2000000000000000E-002   1.0017725871739480        0.0000000000000000        1.0017725871739480        1.0000000000000000        6.9400066739805622E-310
  0.82499026933026076        6.2579772430271829E-005   4.1357552997034475E-004   1.0000000000000000E-002   1.2000000000000000E-002   1.0017686026876735        0.0000000000000000        1.0017686026876735        1.0000000000000000        6.9400066739805622E-310
  0.83499059976492795        6.0454152442099743E-005   3.9954130387354070E-004   1.0000000000000000E-002   1.2000000000000000E-002   1.0017647436850059        0.0000000000000000        1.0017647436850059        1.0000000000000000        6.9400066739805622E-310
  0.84499096730715273        5.8089947182471310E-005   3.8392877258441871E-004   1.0000000000000000E-002   1.2000000000000000E-002   1.0017610254067189        0.0000000000000000        1.0017610254067189        1.0000000000000000        6.9400066739805622E-310
  0.85499137050696916        5.5496486408223681E-005   3.6679951965190583E-004   1.0000000000000000E-002   1.2000000000000000E-002   1.0017574625388854        0.0000000000000000        1.0017574625388854        1.0000000000000000        6.9400066739805622E-310
  0.86499180777354046        5.2684006180490492E-005   3.4822099380882321E-004   1.0000000000000000E-002   1.2000000000000000E-002   1.0017540691549562        0.0000000000000000        1.0017540691549562        1.0000000000000000        6.9400066739805622E-310
  0.87499227738141849        4.9663605885691426E-005   3.2826653788387006E-004   1.0000000000000000E-002   1.2000000000000000E-002   1.0017508586600685        0.0000000000000000        1.0017508586600685        1.0000000000000000        6.9400066739805622E-310
  0.88499277747735750        4.6447204978904406E-005   3.0701491480478182E-004   1.0000000000000000E-002   1.2000000000000000E-002   1.0017478437373390        0.0000000000000000        1.0017478437373390        1.0000000000000000        6.9400066739805622E-310
  0.89499330608763017        4.3047498158907337E-005   2.8454991580062483E-004   1.0000000000000000E-002   1.2000000000000000E-002   1.0017450362984064        0.0000000000000000        1.0017450362984064        1.0000000000000000        6.9400066739805622E-310
  0.90499386112580560        3.9477901445066103E-005   2.6096032602040964E-004   1.0000000000000000E-002   1.2000000000000000E-002   1.0017424474358576        0.0000000000000000        1.0017424474358576        1.0000000000000000        6.9400066739805622E-310
  0.91499444040100075        3.5752503381341865E-005   2.3633924131960526E-004   1.0000000000000000E-002   1.2000000000000000E-002   1.0017400873791611        0.0000000000000000        1.0017400873791611        1.0000000000000000        6.9400066739805622E-310
  0.92499504162652202        3.1886005847925848E-005   2.1078397841467478E-004   1.0000000000000000E-002   1.2000000000000000E-002   1.0017379654542602        0.0000000000000000        1.0017379654542602        1.0000000000000000        6.9400066739805622E-310
  0.93499566242890753        2.7893668366018362E-005   1.8439547836646142E-004   1.0000000000000000E-002   1.2000000000000000E-002   1.0017360900463284        0.0000000000000000        1.0017360900463284        1.0000000000000000        6.9400066739805622E-310
  0.94499630035730120        2.3791246846562942E-005   1.5727799180531576E-004   1.0000000000000000E-002   1.2000000000000000E-002   1.0017344685669749        0.0000000000000000        1.0017344685669749        1.0000000000000000        6.9400066739805622E-310
  0.95499695289313480        1.9594931621498891E-005   1.2953875325649733E-004   1.0000000000000000E-002   1.2000000000000000E-002   1.0017331074243769        0.0000000000000000        1.0017331074243769        1.0000000000000000        6.9400066739805622E-310
  0.96499761746009050        1.5321284352362553E-005   1.0128736896142243E-004   1.0000000000000000E-002   1.2000000000000000E-002   1.0017320119979292        0.0000000000000000        1.0017320119979292        1.0000000000000000        6.9400066739805622E-310
  0.97499829143427919        1.0987170414703577E-005   7.2635541624954669E-005   1.0000000000000000E-002   1.2000000000000000E-002   1.0017311866170955        0.0000000000000000        1.0017311866170955        1.0000000000000000        6.9400066739805622E-310
  0.98499897215461651        6.6096949036197031E-006   4.3696542381788106E-005   1.0000000000000000E-002   1.2000000000000000E-002   1.0017306345439554        0.0000000000000000        1.0017306345439554        1.0000000000000000        6.9400066739805622E-310
  0.99499965693334647        2.2061336524482973E-006   1.4584697046515771E-005   1.0000000000000000E-002   1.2000000000000000E-002   1.0017303579608858        0.0000000000000000        1.0017303579608858        1.0000000000000000        6.9400066739805622E-310
   1.0050003430666539       -2.2061382463746151E-006  -1.4807903396807376E-005   1.0000000000000000E-002   1.2000000000000000E-002   1.0017303579609491        0.0000000000000000        1.0017303579609491        1.0000000000000000        6.9400066739805622E-310
   1.0150010278453823       -6.6097078574817538E-006  -4.4365214411534737E-005   1.0000000000000000E-002   1.2000000000000000E-002   1.0017306345439962        0.0000000000000000        1.0017306345439962        1.0000000000000000        6.9400066739805622E-310
   1.0250017085657204       -1.0987192028250782E-005  -7.3747104118560003E-005   1.0000000000000000E-002   1.2000000000000000E-002   1.0017311866170902        0.0000000000000000        1.0017311866170902        1.0000000000000000        6.9400066739805622E-310
   1.0350023825399084       -1.5321314310228202E-005  -1.0283736607874516E-004   1.0000000000000000E-002   1.2000000000000000E-002   1.0017320119978317        0.0000000000000000        1.0017320119978317        1.0000000000000000        6.9400066739805622E-310
   1.0450030471068665       -1.9594970551433284E-005  -1.3152115703629619E-004   1.0000000000000000E-002   1.2000000000000000E-002   1.0017331074241844        0.0000000000000000        1.0017331074241844        1.0000000000000000        6.9400066739805622E-310
  -5.0003430666535342E-003   2.2064014755890289E-006  -3.5767633061438002E+077   1.0000000000000000E-002   1.2000000000000000E-002   1.0017303579608858        0.0000000000000000        1.0017303579608858        1.0000000000000000        6.9400066739805622E-310
  -1.5001027845383486E-002   6.6104973350839120E-006   0.0000000000000000        1.0000000000000000E-002   1.2000000000000000E-002   1.0017306345439554        0.0000000000000000        1.0017306345439554        1.0000000000000000        6.9400066739805622E-310
  -2.5001708565720815E-002   1.0988504283112369E-005  -3.5767633061438002E+077   1.0000000000000000E-002   1.2000000000000000E-002   1.0017311866170955        0.0000000000000000        1.0017311866170955        1.0000000000000000        6.9400066739805622E-310
  -3.5002382539909505E-002   1.5323144397159139E-005   6.9400068546417920E-310   1.0000000000000000E-002   1.2000000000000000E-002   1.0017320119979292        0.0000000000000000        1.0017320119979292        1.0000000000000000        6.9400066739805622E-310
  -4.5003047106865202E-002   1.9597310480127907E-005   6.9400066883177543E-310   1.0000000000000000E-002   1.2000000000000000E-002   1.0017331074243769        0.0000000000000000        1.0017331074243769        1.0000000000000000        6.9400066739805622E-310
