 # x, v, a, m, h, rho, u, P, c, ke
   1.0007999999999933     
   5.0001149095481121E-003   3.0502669821335332E-006  -4.8819395619403849E-006   1.0000000000000000E-002   1.2000000000000000E-002   1.0017769460829604        0.0000000000000000        1.0017769460829604        1.0000000000000000        6.9400066739805622E-310
   1.5000344275234098E-002   9.1387650487277190E-006  -1.4626580119525556E-005   1.0000000000000000E-002   1.2000000000000000E-002   1.0017770386707956        0.0000000000000000        1.0017770386707956        1.0000000000000000        6.9400066739805622E-310
   2.5000572282477394E-002   1.5191203126246196E-005  -2.4313547846155359E-005   1.0000000000000000E-002   1.2000000000000000E-002   1.0017772234814755        0.0000000000000000        1.0017772234814755        1.0000000000000000        6.9400066739805622E-310
   3.5000798031601721E-002   2.1183698868761500E-005  -3.3904630325487517E-005   1.0000000000000000E-002   1.2000000000000000E-002   1.0017774997862929        0.0000000000000000        1.0017774997862929        1.0000000000000000        6.9400066739805622E-310
   4.5001020631836149E-002   2.7092606738808281E-005  -4.3361991353130236E-005   1.0000000000000000E-002   1.2000000000000000E-002   1.0017778664956505        0.0000000000000000        1.0017778664956505        1.0000000000000000        6.9400066739805622E-310
   5.5001239204830035E-002   3.2894610581882825E-005  -5.2648361191565130E-005   1.0000000000000000E-002   1.2000000000000000E-002   1.0017783221635377        0.0000000000000000        1.0017783221635377        1.0000000000000000        6.9400066739805622E-310
   6.5001452888113209E-002   3.8566816038735821E-005  -6.1727100444386451E-005   1.0000000000000000E-002   1.2000000000000000E-002   1.0017788649931905        0.0000000000000000        1.0017788649931905        1.0000000000000000        6.9400066739805622E-310
   7.5001660838500586E-002   4.4086840774301788E-005  -7.0562425747766611E-005   1.0000000000000000E-002   1.2000000000000000E-002   1.0017794928441519        0.0000000000000000        1.0017794928441519        1.0000000000000000        6.9400066739805622E-310
   8.5001862235413853E-002   4.9432902324398187E-005  -7.9119450487219467E-005   1.0000000000000000E-002   1.2000000000000000E-002   1.0017802032406016        0.0000000000000000        1.0017802032406016        1.0000000000000000        6.9400066739805622E-310
   9.5002056284123088E-002   5.4583904587220467E-005  -8.7364430284786465E-005   1.0000000000000000E-002   1.2000000000000000E-002   1.0017809933810085        0.0000000000000000        1.0017809933810085        1.0000000000000000        6.9400066739805622E-310
  0.10500224221888019        5.9519520631545393E-005  -9.5264859861998730E-005   1.0000000000000000E-002   1.2000000000000000E-002   1.0017818601494366        0.0000000000000000        1.0017818601494366        1.0000000000000000        6.9400066739805622E-310
  0.11500241930593760        6.4220273227314992E-005  -1.0278955208775642E-004   1.0000000000000000E-002   1.2000000000000000E-002   1.0017828001276667        0.0000000000000000        1.0017828001276667        1.0000000000000000        6.9400066739805622E-310
  0.12500258684644522        6.8667611435880847E-005  -1.0990880580941109E-004   1.0000000000000000E-002   1.2000000000000000E-002   1.0017838096085117        0.0000000000000000        1.0017838096085117        1.0000000000000000        6.9400066739805622E-310
  0.13500274417920888        7.2843983858411550E-005  -1.1659454251322643E-004   1.0000000000000000E-002   1.2000000000000000E-002   1.0017848846105584        0.0000000000000000        1.0017848846105584        1.0000000000000000        6.9400066739805622E-310
  0.14500289068329794        7.6732908172612413E-005  -1.2282037973765370E-004   1.0000000000000000E-002   1.2000000000000000E-002   1.0017860208939071        0.0000000000000000        1.0017860208939071        1.0000000000000000        6.9400066739805622E-310
  0.15500302578049549        8.0319035514918441E-005  -1.2856172919484266E-004   1.0000000000000000E-002   1.2000000000000000E-002   1.0017872139767321        0.0000000000000000        1.0017872139767321        1.0000000000000000        6.9400066739805622E-310
  0.16500314893758219        8.3588211957752931E-005  -1.3379592467899215E-004   1.0000000000000000E-002   1.2000000000000000E-002   1.0017884591529227        0.0000000000000000        1.0017884591529227        1.0000000000000000        6.9400066739805622E-310
  0.17500325966844105        8.6527533612925609E-005  -1.3850229982725892E-004   1.0000000000000000E-002   1.2000000000000000E-002   1.0017897515106744        0.0000000000000000        1.0017897515106744        1.0000000000000000        6.9400066739805622E-310
  0.18500335753597719        8.9125398031547119E-005  -1.4266227490544736E-004   1.0000000000000000E-002   1.2000000000000000E-002   1.0017910859518941        0.0000000000000000        1.0017910859518941        1.0000000000000000        6.9400066739805622E-310
  0.19500344215384227        9.1371550008672697E-005  -1.4625937755408103E-004   1.0000000000000000E-002   1.2000000000000000E-002   1.0017924572120929        0.0000000000000000        1.0017924572120929        1.0000000000000000        6.9400066739805622E-310
  0.20500351318796595        9.3257121924721125E-005  -1.4927942881470813E-004   1.0000000000000000E-002   1.2000000000000000E-002   1.0017938598812630        0.0000000000000000        1.0017938598812630        1.0000000000000000        6.9400066739805622E-310
  0.21500357035787107        9.4774668726939950E-005  -1.5171048429341027E-004   1.0000000000000000E-002   1.2000000000000000E-002   1.0017952884253669        0.0000000000000000        1.0017952884253669        1.0000000000000000        6.9400066739805622E-310
  0.22500361343778361        9.5918197604696575E-005  -1.5354289861857495E-004   1.0000000000000000E-002   1.2000000000000000E-002   1.0017967372078513        0.0000000000000000        1.0017967372078513        1.0000000000000000        6.9400066739805622E-310
  0.23500364225752818        9.6683191533531842E-005  -1.5476940674652440E-004   1.0000000000000000E-002   1.2000000000000000E-002   1.0017982005118671        0.0000000000000000        1.0017982005118671        1.0000000000000000        6.9400066739805622E-310
  0.24500365670320295        9.7066627614155398E-005  -1.5538516913249367E-004   1.0000000000000000E-002   1.2000000000000000E-002   1.0017996725630522        0.0000000000000000        1.0017996725630522        1.0000000000000000        6.9400066739805622E-310
  0.25500365671762854        9.7066988123154082E-005  -1.5538772760681496E-004   1.0000000000000000E-002   1.2000000000000000E-002   1.0018011475523509        0.0000000000000000        1.0018011475523509        1.0000000000000000        6.9400066739805622E-310
  0.26500364230057616        9.6684267354481095E-005  -1.5477701965771473E-004   1.0000000000000000E-002   1.2000000000000000E-002   1.0018026196586873        0.0000000000000000        1.0018026196586873        1.0000000000000000        6.9400066739805622E-310
  0.27500361350877384        9.5919971627203161E-005  -1.5355542686723567E-004   1.0000000000000000E-002   1.2000000000000000E-002   1.0018040830719519        0.0000000000000000        1.0018040830719519        1.0000000000000000        6.9400066739805622E-310
  0.28500357045568431        9.4777113029276169E-005  -1.5172773776139792E-004   1.0000000000000000E-002   1.2000000000000000E-002   1.0018055320160091        0.0000000000000000        1.0018055320160091        1.0000000000000000        6.9400066739805622E-310
  0.29500351331106112        9.3260198070664903E-005  -1.4930116427169793E-004   1.0000000000000000E-002   1.2000000000000000E-002   1.0018069607716222        0.0000000000000000        1.0018069607716222        1.0000000000000000        6.9400066739805622E-310
  0.30500344230027743        9.1375209519199813E-005  -1.4628523569903962E-004   1.0000000000000000E-002   1.2000000000000000E-002   1.0018083636989579        0.0000000000000000        1.0018083636989579        1.0000000000000000        6.9400066739805622E-310
  0.31500335770344229        8.9129583144267500E-005  -1.4269183458459622E-004   1.0000000000000000E-002   1.2000000000000000E-002   1.0018097352597748        0.0000000000000000        1.0018097352597748        1.0000000000000000        6.9400066739805622E-310
  0.32500325985429529        8.6532178227884983E-005  -1.3853510006178738E-004   1.0000000000000000E-002   1.2000000000000000E-002   1.0018110700392842        0.0000000000000000        1.0018110700392842        1.0000000000000000        6.9400066739805622E-310
  0.33500314913889573        8.3593242745933784E-005  -1.3383147371559545E-004   1.0000000000000000E-002   1.2000000000000000E-002   1.0018123627678066        0.0000000000000000        1.0018123627678066        1.0000000000000000        6.9400066739805622E-310
  0.34500302599409205        8.0324373365308572E-005  -1.2859943257659268E-004   1.0000000000000000E-002   1.2000000000000000E-002   1.0018136083413589        0.0000000000000000        1.0018136083413589        1.0000000000000000        6.9400066739805622E-310
  0.35500289090580961        7.6738468724674996E-005  -1.2285965794145426E-004   1.0000000000000000E-002   1.2000000000000000E-002   1.0018148018417861        0.0000000000000000        1.0018148018417861        1.0000000000000000        6.9400066739805622E-310
  0.36500274440712654        7.2849679678709006E-005  -1.1663477807832834E-004   1.0000000000000000E-002   1.2000000000000000E-002   1.0018159385564700        0.0000000000000000        1.0018159385564700        1.0000000000000000        6.9400066739805622E-310
  0.37500258707617468        6.8673352439765467E-005  -1.0994937256558757E-004   1.0000000000000000E-002   1.2000000000000000E-002   1.0018170139968268        0.0000000000000000        1.0018170139968268        1.0000000000000000        6.9400066739805622E-310
  0.38500241953385445        6.4225968966351670E-005  -1.0282977768305557E-004   1.0000000000000000E-002   1.2000000000000000E-002   1.0018180239159415        0.0000000000000000        1.0018180239159415        1.0000000000000000        6.9400066739805622E-310
  0.39500224244139098        5.9525081326779719E-005  -9.5304126282336199E-005   1.0000000000000000E-002   1.2000000000000000E-002   1.0018189643254065        0.0000000000000000        1.0018189643254065        1.0000000000000000        6.9400066739805622E-310
  0.40500205649772025        5.4589242364525397E-005  -8.7402150334980888E-005   1.0000000000000000E-002   1.2000000000000000E-002   1.0018198315114577        0.0000000000000000        1.0018198315114577        1.0000000000000000        6.9400066739805622E-310
  0.41500186243672738        4.9437933168035230E-005  -7.9154994603314321E-005   1.0000000000000000E-002   1.2000000000000000E-002   1.0018206220492838        0.0000000000000000        1.0018206220492838        1.0000000000000000        6.9400066739805622E-310
  0.42500166102435488        4.4091485348050333E-005  -7.0595218350177902E-005   1.0000000000000000E-002   1.2000000000000000E-002   1.0018213328164416        0.0000000000000000        1.0018213328164416        1.0000000000000000        6.9400066739805622E-310
  0.43500145305557941        3.8571001121250947E-005  -6.1756678355173733E-005   1.0000000000000000E-002   1.2000000000000000E-002   1.0018219610057444        0.0000000000000000        1.0018219610057444        1.0000000000000000        6.9400066739805622E-310
  0.44500123935126518        3.2898270041848714E-005  -5.2674217886128361E-005   1.0000000000000000E-002   1.2000000000000000E-002   1.0018225041360922        0.0000000000000000        1.0018225041360922        1.0000000000000000        6.9400066739805622E-310
  0.45500102075493060        2.7095682888828829E-005  -4.3383719872558402E-005   1.0000000000000000E-002   1.2000000000000000E-002   1.0018229600621049        0.0000000000000000        1.0018229600621049        1.0000000000000000        6.9400066739805622E-310
  0.46500079812941414        2.1186143335212582E-005  -3.3921883960452703E-005   1.0000000000000000E-002   1.2000000000000000E-002   1.0018233269829435        0.0000000000000000        1.0018233269829435        1.0000000000000000        6.9400066739805622E-310
  0.47500057235346671        1.5192977113961333E-005  -2.4326080469982969E-005   1.0000000000000000E-002   1.2000000000000000E-002   1.0018236034493508        0.0000000000000000        1.0018236034493508        1.0000000000000000        6.9400066739805622E-310
  0.48500034431828060        9.1398409682220163E-006  -1.4634185268924682E-005   1.0000000000000000E-002   1.2000000000000000E-002   1.0018237883692684        0.0000000000000000        1.0018237883692684        1.0000000000000000        6.9400066739805622E-310
  0.49500011492397222        3.0506274720882094E-006  -4.8844858122620849E-006   1.0000000000000000E-002   1.2000000000000000E-002   1.0018238810121591        0.0000000000000000        1.0018238810121591        1.0000000000000000        6.9400066739805622E-310
  0.50499988507602700       -3.0506274990543503E-006   4.8844805187187035E-006   1.0000000000000000E-002   1.2000000000000000E-002   1.0018238810121862        0.0000000000000000        1.0018238810121862        1.0000000000000000        6.9400066739805622E-310
  0.51499965568171790       -9.1398409035750659E-006   1.4634198810981047E-005   1.0000000000000000E-002   1.2000000000000000E-002   1.0018237883692538        0.0000000000000000        1.0018237883692538        1.0000000000000000        6.9400066739805622E-310
  0.52499942764653285       -1.5192977245429483E-005   2.4326070844793435E-005   1.0000000000000000E-002   1.2000000000000000E-002   1.0018236034493173        0.0000000000000000        1.0018236034493173        1.0000000000000000        6.9400066739805622E-310
  0.53499920187058514       -2.1186143261574479E-005   3.3921885161269927E-005   1.0000000000000000E-002   1.2000000000000000E-002   1.0018233269829540        0.0000000000000000        1.0018233269829540        1.0000000000000000        6.9400066739805622E-310
  0.54499897924506857       -2.7095682818277269E-005   4.3383728231205509E-005   1.0000000000000000E-002   1.2000000000000000E-002   1.0018229600620672        0.0000000000000000        1.0018229600620672        1.0000000000000000        6.9400066739805622E-310
  0.55499876064873499       -3.2898270102019251E-005   5.2674201841185209E-005   1.0000000000000000E-002   1.2000000000000000E-002   1.0018225041360858        0.0000000000000000        1.0018225041360858        1.0000000000000000        6.9400066739805622E-310
  0.56499854694441998       -3.8571001150184650E-005   6.1756680330482538E-005   1.0000000000000000E-002   1.2000000000000000E-002   1.0018219610058112        0.0000000000000000        1.0018219610058112        1.0000000000000000        6.9400066739805622E-310
  0.57499833897564356       -4.4091485391948100E-005   7.0595245881044377E-005   1.0000000000000000E-002   1.2000000000000000E-002   1.0018213328163663        0.0000000000000000        1.0018213328163663        1.0000000000000000        6.9400066739805622E-310
  0.58499813756327379       -4.9437933034159402E-005   7.9154963198213579E-005   1.0000000000000000E-002   1.2000000000000000E-002   1.0018206220492298        0.0000000000000000        1.0018206220492298        1.0000000000000000        6.9400066739805622E-310
  0.59499794350227941       -5.4589242469451583E-005   8.7402156566440681E-005   1.0000000000000000E-002   1.2000000000000000E-002   1.0018198315115205        0.0000000000000000        1.0018198315115205        1.0000000000000000        6.9400066739805622E-310
  0.60499775755860863       -5.9525081146734951E-005   9.5304130720563762E-005   1.0000000000000000E-002   1.2000000000000000E-002   1.0018189643254127        0.0000000000000000        1.0018189643254127        1.0000000000000000        6.9400066739805622E-310
  0.61499758046614517       -6.4225968974660752E-005   1.0282978128461906E-004   1.0000000000000000E-002   1.2000000000000000E-002   1.0018180239159198        0.0000000000000000        1.0018180239159198        1.0000000000000000        6.9400066739805622E-310
  0.62499741292382538       -6.8673352637489980E-005   1.0994937090913481E-004   1.0000000000000000E-002   1.2000000000000000E-002   1.0018170139967939        0.0000000000000000        1.0018170139967939        1.0000000000000000        6.9400066739805622E-310
  0.63499725559287379       -7.2849679531680119E-005   1.1663477122247912E-004   1.0000000000000000E-002   1.2000000000000000E-002   1.0018159385564736        0.0000000000000000        1.0018159385564736        1.0000000000000000        6.9400066739805622E-310
  0.64499710909419039       -7.6738468763559283E-005   1.2285965680014499E-004   1.0000000000000000E-002   1.2000000000000000E-002   1.0018148018418283        0.0000000000000000        1.0018148018418283        1.0000000000000000        6.9400066739805622E-310
  0.65499697400590728       -8.0324373491508322E-005   1.2859944593301975E-004   1.0000000000000000E-002   1.2000000000000000E-002   1.0018136083413456        0.0000000000000000        1.0018136083413456        1.0000000000000000        6.9400066739805622E-310
  0.66499685086110460       -8.3593242753890961E-005   1.3383146366230392E-004   1.0000000000000000E-002   1.2000000000000000E-002   1.0018123627677775        0.0000000000000000        1.0018123627677775        1.0000000000000000        6.9400066739805622E-310
  0.67499674014570477       -8.6532178171131377E-005   1.3853509491035254E-004   1.0000000000000000E-002   1.2000000000000000E-002   1.0018110700393248        0.0000000000000000        1.0018110700393248        1.0000000000000000        6.9400066739805622E-310
  0.68499664229655710       -8.9129583121446237E-005   1.4269184337489804E-004   1.0000000000000000E-002   1.2000000000000000E-002   1.0018097352598003        0.0000000000000000        1.0018097352598003        1.0000000000000000        6.9400066739805622E-310
  0.69499655769972202       -9.1375209428573562E-005   1.4628524167559220E-004   1.0000000000000000E-002   1.2000000000000000E-002   1.0018083636989119        0.0000000000000000        1.0018083636989119        1.0000000000000000        6.9400066739805622E-310
  0.70499648668893944       -9.3260198080232594E-005   1.4930114402478267E-004   1.0000000000000000E-002   1.2000000000000000E-002   1.0018069607716467        0.0000000000000000        1.0018069607716467        1.0000000000000000        6.9400066739805622E-310
  0.71499642954431453       -9.4777113163471612E-005   1.5172775651084436E-004   1.0000000000000000E-002   1.2000000000000000E-002   1.0018055320160359        0.0000000000000000        1.0018055320160359        1.0000000000000000        6.9400066739805622E-310
  0.72499638649122611       -9.5919971529346529E-005   1.5355541909123360E-004   1.0000000000000000E-002   1.2000000000000000E-002   1.0018040830719313        0.0000000000000000        1.0018040830719313        1.0000000000000000        6.9400066739805622E-310
  0.73499635769942318       -9.6684267341807354E-005   1.5477702681376826E-004   1.0000000000000000E-002   1.2000000000000000E-002   1.0018026196586693        0.0000000000000000        1.0018026196586693        1.0000000000000000        6.9400066739805622E-310
  0.74499634328237185       -9.7066988216275285E-005   1.5538770743095398E-004   1.0000000000000000E-002   1.2000000000000000E-002   1.0018011475523894        0.0000000000000000        1.0018011475523894        1.0000000000000000        6.9400066739805622E-310
  0.75499634329679555       -9.7066627557011750E-005   1.5538518952329383E-004   1.0000000000000000E-002   1.2000000000000000E-002   1.0017996725630933        0.0000000000000000        1.0017996725630933        1.0000000000000000        6.9400066739805622E-310
  0.76499635774247121       -9.6683191490537994E-005   1.5476940869607603E-004   1.0000000000000000E-002   1.2000000000000000E-002   1.0017982005118033        0.0000000000000000        1.0017982005118033        1.0000000000000000        6.9400066739805622E-310
  0.77499638656221637       -9.5918197605974321E-005   1.5354289253899367E-004   1.0000000000000000E-002   1.2000000000000000E-002   1.0017967372078087        0.0000000000000000        1.0017967372078087        1.0000000000000000        6.9400066739805622E-310
  0.78499642964212923       -9.4774668705474441E-005   1.5171047416284722E-004   1.0000000000000000E-002   1.2000000000000000E-002   1.0017952884253964        0.0000000000000000        1.0017952884253964        1.0000000000000000        6.9400066739805622E-310
  0.79499648681203328       -9.3257121832149734E-005   1.4927944367482127E-004   1.0000000000000000E-002   1.2000000000000000E-002   1.0017938598812703        0.0000000000000000        1.0017938598812703        1.0000000000000000        6.9400066739805622E-310
  0.80499655784615787       -9.1371550123273287E-005   1.4625937217260798E-004   1.0000000000000000E-002   1.2000000000000000E-002   1.0017924572120589        0.0000000000000000        1.0017924572120589        1.0000000000000000        6.9400066739805622E-310
  0.81499664246402281       -8.9125398085704047E-005   1.4266227597037329E-004   1.0000000000000000E-002   1.2000000000000000E-002   1.0017910859518815        0.0000000000000000        1.0017910859518815        1.0000000000000000        6.9400066739805622E-310
  0.82499674033155934       -8.6527533667790657E-005   1.3850229216139098E-004   1.0000000000000000E-002   1.2000000000000000E-002   1.0017897515106888        0.0000000000000000        1.0017897515106888        1.0000000000000000        6.9400066739805622E-310
  0.83499685106241750       -8.3588211903989120E-005   1.3379593102857967E-004   1.0000000000000000E-002   1.2000000000000000E-002   1.0017884591529451        0.0000000000000000        1.0017884591529451        1.0000000000000000        6.9400066739805622E-310
  0.84499697421950437       -8.0319035494622027E-005   1.2856173033881646E-004   1.0000000000000000E-002   1.2000000000000000E-002   1.0017872139767170        0.0000000000000000        1.0017872139767170        1.0000000000000000        6.9400066739805622E-310
  0.85499710931670214       -7.6732908049411945E-005   1.2282037757938014E-004   1.0000000000000000E-002   1.2000000000000000E-002   1.0017860208939018        0.0000000000000000        1.0017860208939018        1.0000000000000000        6.9400066739805622E-310
  0.86499725582079101       -7.2843983970531933E-005   1.1659454847912087E-004   1.0000000000000000E-002   1.2000000000000000E-002   1.0017848846105311        0.0000000000000000        1.0017848846105311        1.0000000000000000        6.9400066739805622E-310
  0.87499741315355550       -6.8667611555385297E-005   1.0990879371508555E-004   1.0000000000000000E-002   1.2000000000000000E-002   1.0017838096085134        0.0000000000000000        1.0017838096085134        1.0000000000000000        6.9400066739805622E-310
  0.88499758069406220       -6.4220273098481456E-005   1.0278956403020345E-004   1.0000000000000000E-002   1.2000000000000000E-002   1.0017828001276710        0.0000000000000000        1.0017828001276710        1.0000000000000000        6.9400066739805622E-310
  0.89499775778112034       -5.9519520642401767E-005   9.5264859191424023E-005   1.0000000000000000E-002   1.2000000000000000E-002   1.0017818601493880        0.0000000000000000        1.0017818601493880        1.0000000000000000        6.9400066739805622E-310
  0.90499794371587783       -5.4583904481400085E-005   8.7364423520419621E-005   1.0000000000000000E-002   1.2000000000000000E-002   1.0017809933809969        0.0000000000000000        1.0017809933809969        1.0000000000000000        6.9400066739805622E-310
  0.91499813776458694       -4.9432902382133410E-005   7.9119443467057238E-005   1.0000000000000000E-002   1.2000000000000000E-002   1.0017802032406500        0.0000000000000000        1.0017802032406500        1.0000000000000000        6.9400066739805622E-310
  0.92499833916149932       -4.4086840764818231E-005   7.0562429235643265E-005   1.0000000000000000E-002   1.2000000000000000E-002   1.0017794928442161        0.0000000000000000        1.0017794928442161        1.0000000000000000        6.9400066739805622E-310
  0.93499854711188624       -3.8566816141399176E-005   6.1727105604703070E-005   1.0000000000000000E-002   1.2000000000000000E-002   1.0017788649932136        0.0000000000000000        1.0017788649932136        1.0000000000000000        6.9400066739805622E-310
  0.94499876079516942       -3.2894610497916821E-005   5.2648367027785525E-005   1.0000000000000000E-002   1.2000000000000000E-002   1.0017783221635146        0.0000000000000000        1.0017783221635146        1.0000000000000000        6.9400066739805622E-310
  0.95499897936816369       -2.7092606824268400E-005   4.3362001013846907E-005   1.0000000000000000E-002   1.2000000000000000E-002   1.0017778664955561        0.0000000000000000        1.0017778664955561        1.0000000000000000        6.9400066739805622E-310
  0.96499920196839972       -2.1183698762141760E-005   3.3904616770996654E-005   1.0000000000000000E-002   1.2000000000000000E-002   1.0017774997862150        0.0000000000000000        1.0017774997862150        1.0000000000000000        6.9400066739805622E-310
  0.97499942771752413       -1.5191203086448716E-005   2.4313538398601509E-005   1.0000000000000000E-002   1.2000000000000000E-002   1.0017772234815028        0.0000000000000000        1.0017772234815028        1.0000000000000000        6.9400066739805622E-310
  0.98499965572476667       -9.1387651988807362E-006   1.4626584079913130E-005   1.0000000000000000E-002   1.2000000000000000E-002   1.0017770386708453        0.0000000000000000        1.0017770386708453        1.0000000000000000        6.9400066739805622E-310
  0.99499988509045234       -3.0502669223552218E-006   4.8819439291136746E-006   1.0000000000000000E-002   1.2000000000000000E-002   1.0017769460829726        0.0000000000000000        1.0017769460829726        1.0000000000000000        6.9400066739805622E-310
   1.0050001149095482        3.0502656403886849E-006  -4.5703246192019265E-006   1.0000000000000000E-002   1.2000000000000000E-002   1.0017769460829604        0.0000000000000000        1.0017769460829604        1.0000000000000000        6.9400066739805622E-310
   1.0150003442752340        9.1387610286282665E-006  -1.3692966042810895E-005   1.0000000000000000E-002   1.2000000000000000E-002   1.0017770386707956        0.0000000000000000        1.0017770386707956        1.0000000000000000        6.9400066739805622E-310
   1.0250005722824773        1.5191196443570450E-005  -2.2761607646692994E-005   1.0000000000000000E-002   1.2000000000000000E-002   1.0017772234814755        0.0000000000000000        1.0017772234814755        1.0000000000000000        6.9400066739805622E-310
   1.0350007980316018        2.1183689549083672E-005  -3.1740490877396610E-005   1.0000000000000000E-002   1.2000000000000000E-002   1.0017774997862929        0.0000000000000000        1.0017774997862929        1.0000000000000000        6.9400066739805622E-310
   1.0450010206318361        2.7092594821288511E-005  -4.0594184260278610E-005   1.0000000000000000E-002   1.2000000000000000E-002   1.0017778664956505        0.0000000000000000        1.0017778664956505        1.0000000000000000        6.9400066739805622E-310
  -5.0001149095476594E-003  -3.0506408552547995E-006  -3.5767633061438002E+077   1.0000000000000000E-002   1.2000000000000000E-002   1.0017769460829726        0.0000000000000000        1.0017769460829726        1.0000000000000000        6.9400066739805622E-310
  -1.5000344275233335E-002  -9.1398855479529177E-006   0.0000000000000000        1.0000000000000000E-002   1.2000000000000000E-002   1.0017770386708453        0.0000000000000000        1.0017770386708453        1.0000000000000000        6.9400066739805622E-310
  -2.5000572282475875E-002  -1.5193065409207654E-005  -3.5767633061438002E+077   1.0000000000000000E-002   1.2000000000000000E-002   1.0017772234815028        0.0000000000000000        1.0017772234815028        1.0000000000000000        6.9400066739805622E-310
  -3.5000798031600278E-002  -2.1186295724648135E-005   6.9400068546417920E-310   1.0000000000000000E-002   1.2000000000000000E-002   1.0017774997862150        0.0000000000000000        1.0017774997862150        1.0000000000000000        6.9400066739805622E-310
  -4.5001020631836308E-002  -2.7095928199449685E-005   6.9400066883177543E-310   1.0000000000000000E-002   1.2000000000000000E-002   1.0017778664955561        0.0000000000000000        1.0017778664955561        1.0000000000000000        6.9400066739805622E-310
