 # x, v, a, m, h, rho, u, P, c, ke
   4.1016000000001140     
   5.0004816034038497E-003  -1.0545428874764238E-007  -2.0465292902116516E-005   1.0000000000000000E-002   1.2000000000000000E-002   1.0017020717820566        0.0000000000000000        1.0017020717820566        1.0000000000000000        6.9400066739805622E-310
   1.5001442909440643E-002  -3.1595664529402524E-007  -6.1315175023501922E-005   1.0000000000000000E-002   1.2000000000000000E-002   1.0017024598672881        0.0000000000000000        1.0017024598672881        1.0000000000000000        6.9400066739805622E-310
   2.5002398520656034E-002  -5.2524297034818495E-007  -1.0192300427025458E-004   1.0000000000000000E-002   1.2000000000000000E-002   1.0017032345068386        0.0000000000000000        1.0017032345068386        1.0000000000000000        6.9400066739805622E-310
   3.5003344665486540E-002  -7.3250646556645278E-007  -1.4212856329365309E-004   1.0000000000000000E-002   1.2000000000000000E-002   1.0017043926445257        0.0000000000000000        1.0017043926445257        1.0000000000000000        6.9400066739805622E-310
   4.5004277609734494E-002  -9.3694881163297736E-007  -1.8177317017453731E-004   1.0000000000000000E-002   1.2000000000000000E-002   1.0017059297115505        0.0000000000000000        1.0017059297115505        1.0000000000000000        6.9400066739805622E-310
   5.5005193671307587E-002  -1.1377803840777203E-006  -2.2070029693388449E-004   1.0000000000000000E-002   1.2000000000000000E-002   1.0017078396438936        0.0000000000000000        1.0017078396438936        1.0000000000000000        6.9400066739805622E-310
   6.5006089234761658E-002  -1.3342260656485935E-006  -2.5875638470207463E-004   1.0000000000000000E-002   1.2000000000000000E-002   1.0017101149066534        0.0000000000000000        1.0017101149066534        1.0000000000000000        6.9400066739805622E-310
   7.5006960765558878E-002  -1.5255249908271286E-006  -2.9579113702027371E-004   1.0000000000000000E-002   1.2000000000000000E-002   1.0017127465234996        0.0000000000000000        1.0017127465234996        1.0000000000000000        6.9400066739805622E-310
   8.5007804824034611E-002  -1.7109348146146385E-006  -3.3165848522553887E-004   1.0000000000000000E-002   1.2000000000000000E-002   1.0017157241121351        0.0000000000000000        1.0017157241121351        1.0000000000000000        6.9400066739805622E-310
   9.5008618078959189E-002  -1.8897355289557664E-006  -3.6621680028936510E-004   1.0000000000000000E-002   1.2000000000000000E-002   1.0017190359254020        0.0000000000000000        1.0017190359254020        1.0000000000000000        6.9400066739805622E-310
  0.10500939732069611       -2.0612299848416778E-006  -3.9932967534905828E-004   1.0000000000000000E-002   1.2000000000000000E-002   1.0017226688969472        0.0000000000000000        1.0017226688969472        1.0000000000000000        6.9400066739805622E-310
  0.11501013947387242       -2.2247474509202691E-006  -4.3086651967083611E-004   1.0000000000000000E-002   1.2000000000000000E-002   1.0017266086935770        0.0000000000000000        1.0017266086935770        1.0000000000000000        6.9400066739805622E-310
  0.12501084160950415       -2.3796463109459229E-006  -4.6070275705112351E-004   1.0000000000000000E-002   1.2000000000000000E-002   1.0017308397712736        0.0000000000000000        1.0017308397712736        1.0000000000000000        6.9400066739805622E-310
  0.13501150095657050       -2.5253170971977202E-006  -4.8872066602623221E-004   1.0000000000000000E-002   1.2000000000000000E-002   1.0017353454361129        0.0000000000000000        1.0017353454361129        1.0000000000000000        6.9400066739805622E-310
  0.14501211491294691       -2.6611831458178643E-006  -5.1480977325013555E-004   1.0000000000000000E-002   1.2000000000000000E-002   1.0017401079111519        0.0000000000000000        1.0017401079111519        1.0000000000000000        6.9400066739805622E-310
  0.15501268105566077       -2.7867041088499069E-006  -5.3886697390570504E-004   1.0000000000000000E-002   1.2000000000000000E-002   1.0017451084056059        0.0000000000000000        1.0017451084056059        1.0000000000000000        6.9400066739805622E-310
  0.16501319715047350       -2.9013792825490246E-006  -5.6079741367920377E-004   1.0000000000000000E-002   1.2000000000000000E-002   1.0017503271889232        0.0000000000000000        1.0017503271889232        1.0000000000000000        6.9400066739805622E-310
  0.17501366116068279       -3.0047465677578762E-006  -5.8051450629648116E-004   1.0000000000000000E-002   1.2000000000000000E-002   1.0017557436690638        0.0000000000000000        1.0017557436690638        1.0000000000000000        6.9400066739805622E-310
  0.18501407125516794       -3.0963869111887132E-006  -5.9794049937789140E-004   1.0000000000000000E-002   1.2000000000000000E-002   1.0017613364734879        0.0000000000000000        1.0017613364734879        1.0000000000000000        6.9400066739805622E-310
  0.19501442581560699       -3.1759261172234970E-006  -6.1300661319130256E-004   1.0000000000000000E-002   1.2000000000000000E-002   1.0017670835336627        0.0000000000000000        1.0017670835336627        1.0000000000000000        6.9400066739805622E-310
  0.20501472344286312       -3.2430348827147355E-006  -6.2565334367103986E-004   1.0000000000000000E-002   1.2000000000000000E-002   1.0017729621715072        0.0000000000000000        1.0017729621715072        1.0000000000000000        6.9400066739805622E-310
  0.21501496296251188       -3.2974323076328153E-006  -6.3583087443763731E-004   1.0000000000000000E-002   1.2000000000000000E-002   1.0017789491893723        0.0000000000000000        1.0017789491893723        1.0000000000000000        6.9400066739805622E-310
  0.22501514342946130       -3.3388854880399408E-006  -6.4349898070403810E-004   1.0000000000000000E-002   1.2000000000000000E-002   1.0017850209614321        0.0000000000000000        1.0017850209614321        1.0000000000000000        6.9400066739805622E-310
  0.23501526413169035       -3.3672117379047212E-006  -6.4862748217819899E-004   1.0000000000000000E-002   1.2000000000000000E-002   1.0017911535268025        0.0000000000000000        1.0017911535268025        1.0000000000000000        6.9400066739805622E-310
  0.24501532459304629       -3.3822790635720663E-006  -6.5119612999797738E-004   1.0000000000000000E-002   1.2000000000000000E-002   1.0017973226843842        0.0000000000000000        1.0017973226843842        1.0000000000000000        6.9400066739805622E-310
  0.25501532457512310       -3.3840086344022732E-006  -6.5119473710062437E-004   1.0000000000000000E-002   1.2000000000000000E-002   1.0018035040876416        0.0000000000000000        1.0018035040876416        1.0000000000000000        6.9400066739805622E-310
  0.26501526407820847       -3.3723728386013617E-006  -6.4862344208549416E-004   1.0000000000000000E-002   1.2000000000000000E-002   1.0018096733414097        0.0000000000000000        1.0018096733414097        1.0000000000000000        6.9400066739805622E-310
  0.27501514334126304       -3.3473964532825343E-006  -6.4349233471805434E-004   1.0000000000000000E-002   1.2000000000000000E-002   1.0018158060980809        0.0000000000000000        1.0018158060980809        1.0000000000000000        6.9400066739805622E-310
  0.28501496284098621       -3.3091595223781925E-006  -6.3582169986187154E-004   1.0000000000000000E-002   1.2000000000000000E-002   1.0018218781532788        0.0000000000000000        1.0018218781532788        1.0000000000000000        6.9400066739805622E-310
  0.29501472328992517       -3.2577933967532572E-006  -6.2564176938195715E-004   1.0000000000000000E-002   1.2000000000000000E-002   1.0018278655414905        0.0000000000000000        1.0018278655414905        1.0000000000000000        6.9400066739805622E-310
  0.30501442563366954       -3.1934828128906368E-006  -6.1299283299653951E-004   1.0000000000000000E-002   1.2000000000000000E-002   1.0018337446310135        0.0000000000000000        1.0018337446310135        1.0000000000000000        6.9400066739805622E-310
  0.31501407104710266       -3.1164649056610582E-006  -5.9792476691900021E-004   1.0000000000000000E-002   1.2000000000000000E-002   1.0018394922172946        0.0000000000000000        1.0018394922172946        1.0000000000000000        6.9400066739805622E-310
  0.32501366092977058       -3.0270291018702628E-006  -5.8049704322105100E-004   1.0000000000000000E-002   1.2000000000000000E-002   1.0018450856140035        0.0000000000000000        1.0018450856140035        1.0000000000000000        6.9400066739805622E-310
  0.33501319690035625       -2.9255152012640055E-006  -5.6077850492552983E-004   1.0000000000000000E-002   1.2000000000000000E-002   1.0018505027431666        0.0000000000000000        1.0018505027431666        1.0000000000000000        6.9400066739805622E-310
  0.34501268079028319       -2.8123133173784353E-006  -5.3884692689809555E-004   1.0000000000000000E-002   1.2000000000000000E-002   1.0018557222221443        0.0000000000000000        1.0018557222221443        1.0000000000000000        6.9400066739805622E-310
  0.35501211463649085       -2.6878607693161669E-006  -5.1478882891142774E-004   1.0000000000000000E-002   1.2000000000000000E-002   1.0018607234475705        0.0000000000000000        1.0018607234475705        1.0000000000000000        6.9400066739805622E-310
  0.36501150067340182       -2.5526427443931872E-006  -4.8869930378003801E-004   1.0000000000000000E-002   1.2000000000000000E-002   1.0018654866777319        0.0000000000000000        1.0018654866777319        1.0000000000000000        6.9400066739805622E-310
  0.37501084132408180       -2.4071894553807222E-006  -4.6068115971742429E-004   1.0000000000000000E-002   1.2000000000000000E-002   1.0018699931099233        0.0000000000000000        1.0018699931099233        1.0000000000000000        6.9400066739805622E-310
  0.38501013919070026       -2.2520731383429266E-006  -4.3084509626911682E-004   1.0000000000000000E-002   1.2000000000000000E-002   1.0018742249546588        0.0000000000000000        1.0018742249546588        1.0000000000000000        6.9400066739805622E-310
  0.39500939704424110       -2.0879074886009534E-006  -3.9930879194383095E-004   1.0000000000000000E-002   1.2000000000000000E-002   1.0018781655064288        0.0000000000000000        1.0018781655064288        1.0000000000000000        6.9400066739805622E-310
  0.40500861781357822       -1.9153445280926974E-006  -3.6619670792159553E-004   1.0000000000000000E-002   1.2000000000000000E-002   1.0018817992090197        0.0000000000000000        1.0018817992090197        1.0000000000000000        6.9400066739805622E-310
  0.41500780457391645       -1.7350709564997766E-006  -3.3163958092963242E-004   1.0000000000000000E-002   1.2000000000000000E-002   1.0018851117177403        0.0000000000000000        1.0018851117177403        1.0000000000000000        6.9400066739805622E-310
  0.42500696053464637       -1.5478075845024288E-006  -2.9577367118616138E-004   1.0000000000000000E-002   1.2000000000000000E-002   1.0018880899554305        0.0000000000000000        1.0018880899554305        1.0000000000000000        6.9400066739805622E-310
  0.43500608902669724       -1.3543040105234069E-006  -2.5874064899245042E-004   1.0000000000000000E-002   1.2000000000000000E-002   1.0018907221645204        0.0000000000000000        1.0018907221645204        1.0000000000000000        6.9400066739805622E-310
  0.44500519348937301       -1.1553371058448883E-006  -2.2068655732354614E-004   1.0000000000000000E-002   1.2000000000000000E-002   1.0018929979535567        0.0000000000000000        1.0018929979535567        1.0000000000000000        6.9400066739805622E-310
  0.45500427745679695       -9.5170687204948247E-007  -1.8176159787408608E-004   1.0000000000000000E-002   1.2000000000000000E-002   1.0018949083377759        0.0000000000000000        1.0018949083377759        1.0000000000000000        6.9400066739805622E-310
  0.46500334454395875       -7.4423385042057206E-007  -1.4211936197039421E-004   1.0000000000000000E-002   1.2000000000000000E-002   1.0018964457750221        0.0000000000000000        1.0018964457750221        1.0000000000000000        6.9400066739805622E-310
  0.47500239843245629       -5.3375419089152614E-007  -1.0191635441447744E-004   1.0000000000000000E-002   1.2000000000000000E-002   1.0018976041957333        0.0000000000000000        1.0018976041957333        1.0000000000000000        6.9400066739805622E-310
  0.48500144285595675       -3.2111781498725387E-007  -6.1311107964812095E-005   1.0000000000000000E-002   1.2000000000000000E-002   1.0018983790264253        0.0000000000000000        1.0018983790264253        1.0000000000000000        6.9400066739805622E-310
  0.49500048158548327       -1.0718351494774749E-007  -2.0463976444951015E-005   1.0000000000000000E-002   1.2000000000000000E-002   1.0018987672080673        0.0000000000000000        1.0018987672080673        1.0000000000000000        6.9400066739805622E-310
  0.50499951841451496        1.0718377099575483E-007   2.0463990511920827E-005   1.0000000000000000E-002   1.2000000000000000E-002   1.0018987672080122        0.0000000000000000        1.0018987672080122        1.0000000000000000        6.9400066739805622E-310
  0.51499855714404252        3.2111764481079956E-007   6.1311112139250667E-005   1.0000000000000000E-002   1.2000000000000000E-002   1.0018983790262750        0.0000000000000000        1.0018983790262750        1.0000000000000000        6.9400066739805622E-310
  0.52499760156754538        5.3375413748997558E-007   1.0191631116818201E-004   1.0000000000000000E-002   1.2000000000000000E-002   1.0018976041957632        0.0000000000000000        1.0018976041957632        1.0000000000000000        6.9400066739805622E-310
  0.53499665545603969        7.4423365048668405E-007   1.4211939490849090E-004   1.0000000000000000E-002   1.2000000000000000E-002   1.0018964457750985        0.0000000000000000        1.0018964457750985        1.0000000000000000        6.9400066739805622E-310
  0.54499572254320283        9.5170687670068523E-007   1.8176160279104181E-004   1.0000000000000000E-002   1.2000000000000000E-002   1.0018949083376776        0.0000000000000000        1.0018949083376776        1.0000000000000000        6.9400066739805622E-310
  0.55499480651062771        1.1553372358166442E-006   2.2068655167117868E-004   1.0000000000000000E-002   1.2000000000000000E-002   1.0018929979534725        0.0000000000000000        1.0018929979534725        1.0000000000000000        6.9400066739805622E-310
  0.56499391097330431        1.3543039613615613E-006   2.5874062761133132E-004   1.0000000000000000E-002   1.2000000000000000E-002   1.0018907221645474        0.0000000000000000        1.0018907221645474        1.0000000000000000        6.9400066739805622E-310
  0.57499303946535385        1.5478076641315471E-006   2.9577366900301882E-004   1.0000000000000000E-002   1.2000000000000000E-002   1.0018880899555707        0.0000000000000000        1.0018880899555707        1.0000000000000000        6.9400066739805622E-310
  0.58499219542608194        1.7350711513593673E-006   3.3163960943927151E-004   1.0000000000000000E-002   1.2000000000000000E-002   1.0018851117177567        0.0000000000000000        1.0018851117177567        1.0000000000000000        6.9400066739805622E-310
  0.59499138218642178        1.9153443795119241E-006   3.6619669659287979E-004   1.0000000000000000E-002   1.2000000000000000E-002   1.0018817992089597        0.0000000000000000        1.0018817992089597        1.0000000000000000        6.9400066739805622E-310
  0.60499060295575868        2.0879074126852485E-006   3.9930879517680040E-004   1.0000000000000000E-002   1.2000000000000000E-002   1.0018781655064075        0.0000000000000000        1.0018781655064075        1.0000000000000000        6.9400066739805622E-310
  0.61498986080929996        2.2520734115174154E-006   4.3084510785895702E-004   1.0000000000000000E-002   1.2000000000000000E-002   1.0018742249545736        0.0000000000000000        1.0018742249545736        1.0000000000000000        6.9400066739805622E-310
  0.62498915867591964        2.4071891293888164E-006   4.6068115526587405E-004   1.0000000000000000E-002   1.2000000000000000E-002   1.0018699931097923        0.0000000000000000        1.0018699931097923        1.0000000000000000        6.9400066739805622E-310
  0.63498849932660151        2.5526430317708375E-006   4.8869925941108505E-004   1.0000000000000000E-002   1.2000000000000000E-002   1.0018654866778380        0.0000000000000000        1.0018654866778380        1.0000000000000000        6.9400066739805622E-310
  0.64498788536350793        2.6878607074377932E-006   5.1478888901534958E-004   1.0000000000000000E-002   1.2000000000000000E-002   1.0018607234476009        0.0000000000000000        1.0018607234476009        1.0000000000000000        6.9400066739805622E-310
  0.65498731920971953        2.8123131975738895E-006   5.3884688428151861E-004   1.0000000000000000E-002   1.2000000000000000E-002   1.0018557222220912        0.0000000000000000        1.0018557222220912        1.0000000000000000        6.9400066739805622E-310
  0.66498680309964420        2.9255152350488811E-006   5.6077849388280754E-004   1.0000000000000000E-002   1.2000000000000000E-002   1.0018505027433680        0.0000000000000000        1.0018505027433680        1.0000000000000000        6.9400066739805622E-310
  0.67498633907022776        3.0270292017061404E-006   5.8049704793017298E-004   1.0000000000000000E-002   1.2000000000000000E-002   1.0018450856142227        0.0000000000000000        1.0018450856142227        1.0000000000000000        6.9400066739805622E-310
  0.68498592895289323        3.1164650214126920E-006   5.9792479382814179E-004   1.0000000000000000E-002   1.2000000000000000E-002   1.0018394922173646        0.0000000000000000        1.0018394922173646        1.0000000000000000        6.9400066739805622E-310
  0.69498557436632757        3.1934827184924025E-006   6.1299282980264991E-004   1.0000000000000000E-002   1.2000000000000000E-002   1.0018337446309911        0.0000000000000000        1.0018337446309911        1.0000000000000000        6.9400066739805622E-310
  0.70498527671007083        3.2577932597304030E-006   6.2564182497926168E-004   1.0000000000000000E-002   1.2000000000000000E-002   1.0018278655412218        0.0000000000000000        1.0018278655412218        1.0000000000000000        6.9400066739805622E-310
  0.71498503715901662        3.3091593972413273E-006   6.3582163756237264E-004   1.0000000000000000E-002   1.2000000000000000E-002   1.0018218781530370        0.0000000000000000        1.0018218781530370        1.0000000000000000        6.9400066739805622E-310
  0.72498485665873813        3.3473967865848584E-006   6.4349233944138717E-004   1.0000000000000000E-002   1.2000000000000000E-002   1.0018158060981097        0.0000000000000000        1.0018158060981097        1.0000000000000000        6.9400066739805622E-310
  0.73498473592179325        3.3723725000488127E-006   6.4862343626526098E-004   1.0000000000000000E-002   1.2000000000000000E-002   1.0018096733414261        0.0000000000000000        1.0018096733414261        1.0000000000000000        6.9400066739805622E-310
  0.74498467542487790        3.3840088043165005E-006   6.5119473800390182E-004   1.0000000000000000E-002   1.2000000000000000E-002   1.0018035040877005        0.0000000000000000        1.0018035040877005        1.0000000000000000        6.9400066739805622E-310
  0.75498467540695413        3.3822793431426144E-006   6.5119613292008438E-004   1.0000000000000000E-002   1.2000000000000000E-002   1.0017973226844130        0.0000000000000000        1.0017973226844130        1.0000000000000000        6.9400066739805622E-310
  0.76498473586831028        3.3672114326590735E-006   6.4862746620075740E-004   1.0000000000000000E-002   1.2000000000000000E-002   1.0017911535268984        0.0000000000000000        1.0017911535268984        1.0000000000000000        6.9400066739805622E-310
  0.77498485657053695        3.3388851340045159E-006   6.4349901592386516E-004   1.0000000000000000E-002   1.2000000000000000E-002   1.0017850209614394        0.0000000000000000        1.0017850209614394        1.0000000000000000        6.9400066739805622E-310
  0.78498503703748856        3.2974324735072672E-006   6.3583086403351530E-004   1.0000000000000000E-002   1.2000000000000000E-002   1.0017789491892655        0.0000000000000000        1.0017789491892655        1.0000000000000000        6.9400066739805622E-310
  0.79498527655713758        3.2430350179209827E-006   6.2565333690756120E-004   1.0000000000000000E-002   1.2000000000000000E-002   1.0017729621714835        0.0000000000000000        1.0017729621714835        1.0000000000000000        6.9400066739805622E-310
  0.80498557418439387        3.1759262790790846E-006   6.1300660263974294E-004   1.0000000000000000E-002   1.2000000000000000E-002   1.0017670835337094        0.0000000000000000        1.0017670835337094        1.0000000000000000        6.9400066739805622E-310
  0.81498592874483178        3.0963867108157533E-006   5.9794050381700714E-004   1.0000000000000000E-002   1.2000000000000000E-002   1.0017613364735616        0.0000000000000000        1.0017613364735616        1.0000000000000000        6.9400066739805622E-310
  0.82498633883931649        3.0047466231845753E-006   5.8051451712692881E-004   1.0000000000000000E-002   1.2000000000000000E-002   1.0017557436690745        0.0000000000000000        1.0017557436690745        1.0000000000000000        6.9400066739805622E-310
  0.83498680284952587        2.9013792072957733E-006   5.6079743314896291E-004   1.0000000000000000E-002   1.2000000000000000E-002   1.0017503271887969        0.0000000000000000        1.0017503271887969        1.0000000000000000        6.9400066739805622E-310
  0.84498731894434131        2.7867043575630384E-006   5.3886694096316745E-004   1.0000000000000000E-002   1.2000000000000000E-002   1.0017451084055373        0.0000000000000000        1.0017451084055373        1.0000000000000000        6.9400066739805622E-310
  0.85498788508705403        2.6611830255387661E-006   5.1480976483109231E-004   1.0000000000000000E-002   1.2000000000000000E-002   1.0017401079112738        0.0000000000000000        1.0017401079112738        1.0000000000000000        6.9400066739805622E-310
  0.86498849904342878        2.5253168896666263E-006   4.8872068234739885E-004   1.0000000000000000E-002   1.2000000000000000E-002   1.0017353454361919        0.0000000000000000        1.0017353454361919        1.0000000000000000        6.9400066739805622E-310
  0.87498915839049518        2.3796466180325625E-006   4.6070276296106272E-004   1.0000000000000000E-002   1.2000000000000000E-002   1.0017308397712572        0.0000000000000000        1.0017308397712572        1.0000000000000000        6.9400066739805622E-310
  0.88498986052612727        2.2247473280447778E-006   4.3086652354151767E-004   1.0000000000000000E-002   1.2000000000000000E-002   1.0017266086935184        0.0000000000000000        1.0017266086935184        1.0000000000000000        6.9400066739805622E-310
  0.89499060267930441        2.0612298181494744E-006   3.9932967250866369E-004   1.0000000000000000E-002   1.2000000000000000E-002   1.0017226688968806        0.0000000000000000        1.0017226688968806        1.0000000000000000        6.9400066739805622E-310
  0.90499138192104189        1.8897356167789699E-006   3.6621679420889564E-004   1.0000000000000000E-002   1.2000000000000000E-002   1.0017190359253754        0.0000000000000000        1.0017190359253754        1.0000000000000000        6.9400066739805622E-310
  0.91499219517596642        1.7109350279904326E-006   3.3165848516869545E-004   1.0000000000000000E-002   1.2000000000000000E-002   1.0017157241121375        0.0000000000000000        1.0017157241121375        1.0000000000000000        6.9400066739805622E-310
  0.92499303923444209        1.5255247561198851E-006   2.9579113853817063E-004   1.0000000000000000E-002   1.2000000000000000E-002   1.0017127465234952        0.0000000000000000        1.0017127465234952        1.0000000000000000        6.9400066739805622E-310
  0.93499391076523952        1.3342260169302027E-006   2.5875637824324116E-004   1.0000000000000000E-002   1.2000000000000000E-002   1.0017101149066712        0.0000000000000000        1.0017101149066712        1.0000000000000000        6.9400066739805622E-310
  0.94499480632869304        1.1377805216073896E-006   2.2070029997589558E-004   1.0000000000000000E-002   1.2000000000000000E-002   1.0017078396439292        0.0000000000000000        1.0017078396439292        1.0000000000000000        6.9400066739805622E-310
  0.95499572239026587        9.3694883884331649E-007   1.8177317632073198E-004   1.0000000000000000E-002   1.2000000000000000E-002   1.0017059297115400        0.0000000000000000        1.0017059297115400        1.0000000000000000        6.9400066739805622E-310
  0.96499665533451440        7.3250659131855719E-007   1.4212855756134957E-004   1.0000000000000000E-002   1.2000000000000000E-002   1.0017043926445217        0.0000000000000000        1.0017043926445217        1.0000000000000000        6.9400066739805622E-310
  0.97499760147934433        5.2524266346622084E-007   1.0192301263778347E-004   1.0000000000000000E-002   1.2000000000000000E-002   1.0017032345068160        0.0000000000000000        1.0017032345068160        1.0000000000000000        6.9400066739805622E-310
  0.98499855709056094        3.1595680783062919E-007   6.1315145207352373E-005   1.0000000000000000E-002   1.2000000000000000E-002   1.0017024598673587        0.0000000000000000        1.0017024598673587        1.0000000000000000        6.9400066739805622E-310
  0.99499951839659506        1.0545422749103429E-007   2.0465317263074212E-005   1.0000000000000000E-002   1.2000000000000000E-002   1.0017020717821636        0.0000000000000000        1.0017020717821636        1.0000000000000000        6.9400066739805622E-310
   1.0050004816034039       -1.0546030116274150E-007  -2.0473282983601848E-005   1.0000000000000000E-002   1.2000000000000000E-002   1.0017020717820566        0.0000000000000000        1.0017020717820566        1.0000000000000000        6.9400066739805622E-310
   1.0150014429094407       -3.1597466228885466E-007  -6.1339094646228887E-005   1.0000000000000000E-002   1.2000000000000000E-002   1.0017024598672881        0.0000000000000000        1.0017024598672881        1.0000000000000000        6.9400066739805622E-310
   1.0250023985206560       -5.2527291742979943E-007  -1.0196279481267112E-004   1.0000000000000000E-002   1.2000000000000000E-002   1.0017032345068386        0.0000000000000000        1.0017032345068386        1.0000000000000000        6.9400066739805622E-310
   1.0350033446654865       -7.3254822428240459E-007  -1.4218406956434393E-004   1.0000000000000000E-002   1.2000000000000000E-002   1.0017043926445257        0.0000000000000000        1.0017043926445257        1.0000000000000000        6.9400066739805622E-310
   1.0450042776097346       -9.3700222277408721E-007  -1.8184421810030216E-004   1.0000000000000000E-002   1.2000000000000000E-002   1.0017059297115505        0.0000000000000000        1.0017059297115505        1.0000000000000000        6.9400066739805622E-310
  -5.0004816034049382E-003   1.0546381038657805E-007  -3.5767633061438002E+077   1.0000000000000000E-002   1.2000000000000000E-002   1.0017020717821636        0.0000000000000000        1.0017020717821636        1.0000000000000000        6.9400066739805622E-310
  -1.5001442909439056E-002   3.1598552689935236E-007   0.0000000000000000        1.0000000000000000E-002   1.2000000000000000E-002   1.0017024598673587        0.0000000000000000        1.0017024598673587        1.0000000000000000        6.9400066739805622E-310
  -2.5002398520655666E-002   5.2529039343339940E-007  -3.5767633061438002E+077   1.0000000000000000E-002   1.2000000000000000E-002   1.0017032345068160        0.0000000000000000        1.0017032345068160        1.0000000000000000        6.9400066739805622E-310
  -3.5003344665485603E-002   7.3257320710451136E-007   6.9400068546417920E-310   1.0000000000000000E-002   1.2000000000000000E-002   1.0017043926445217        0.0000000000000000        1.0017043926445217        1.0000000000000000        6.9400066739805622E-310
  -4.5004277609734133E-002   9.3703409614853221E-007   6.9400066883177543E-310   1.0000000000000000E-002   1.2000000000000000E-002   1.0017059297115400        0.0000000000000000        1.0017059297115400        1.0000000000000000        6.9400066739805622E-310
