 # x, v, a, m, h, rho, u, P, c, ke
  0.30000000000000093     
   5.0004466344052969E-003  -1.1791452621426435E-006  -1.8979312317313202E-005   1.0000000000000000E-002   1.2000000000000000E-002   1.0017092115249138        0.0000000000000000        1.0017092115249138        1.0000000000000000        6.9400066739805622E-310
   1.5001338140463859E-002  -3.5327825209325642E-006  -5.6863036999921235E-005   1.0000000000000000E-002   1.2000000000000000E-002   1.0017095714351891        0.0000000000000000        1.0017095714351891        1.0000000000000000        6.9400066739805622E-310
   2.5002224365222144E-002  -5.8724787911071657E-006  -9.4522318130785266E-005   1.0000000000000000E-002   1.2000000000000000E-002   1.0017102898358290        0.0000000000000000        1.0017102898358290        1.0000000000000000        6.9400066739805622E-310
   3.5003101810980965E-002  -8.1890010622711570E-006  -1.3180853397898318E-004   1.0000000000000000E-002   1.2000000000000000E-002   1.0017113638925743        0.0000000000000000        1.0017113638925743        1.0000000000000000        6.9400066739805622E-310
   4.5003967014694071E-002  -1.0473207857889056E-005  -1.6857451903806719E-004   1.0000000000000000E-002   1.2000000000000000E-002   1.0017127893680977        0.0000000000000000        1.0017127893680977        1.0000000000000000        6.9400066739805622E-310
   5.5004816561638456E-002  -1.2716085115036604E-005  -2.0467515739586162E-004   1.0000000000000000E-002   1.2000000000000000E-002   1.0017145606385889        0.0000000000000000        1.0017145606385889        1.0000000000000000        6.9400066739805622E-310
   6.5005647098893657E-002  -1.4908781873803534E-005  -2.3996796713099400E-004   1.0000000000000000E-002   1.2000000000000000E-002   1.0017166707159457        0.0000000000000000        1.0017166707159457        1.0000000000000000        6.9400066739805622E-310
   7.5006455348576320E-002  -1.7042645187729743E-005  -2.7431365311691991E-004   1.0000000000000000E-002   1.2000000000000000E-002   1.0017191112753359        0.0000000000000000        1.0017191112753359        1.0000000000000000        6.9400066739805622E-310
   8.5007238120778525E-002  -1.9109254231539134E-005  -3.0757665495517728E-004   1.0000000000000000E-002   1.2000000000000000E-002   1.0017218726879755        0.0000000000000000        1.0017218726879755        1.0000000000000000        6.9400066739805622E-310
   9.5007992326159529E-002  -2.1100453486859539E-005  -3.3962570336232289E-004   1.0000000000000000E-002   1.2000000000000000E-002   1.0017249440591407        0.0000000000000000        1.0017249440591407        1.0000000000000000        6.9400066739805622E-310
  0.10500871498813795       -2.3008384850538208E-005  -3.7033430470589934E-004   1.0000000000000000E-002   1.2000000000000000E-002   1.0017283132711108        0.0000000000000000        1.0017283132711108        1.0000000000000000        6.9400066739805622E-310
  0.11500940325464105       -2.4825518851874974E-005  -3.9958126216621537E-004   1.0000000000000000E-002   1.2000000000000000E-002   1.0017319670308835        0.0000000000000000        1.0017319670308835        1.0000000000000000        6.9400066739805622E-310
  0.12501005440936114       -2.6544684259864080E-005  -4.2725114098463024E-004   1.0000000000000000E-002   1.2000000000000000E-002   1.0017358909225669        0.0000000000000000        1.0017358909225669        1.0000000000000000        6.9400066739805622E-310
  0.13501066588247704       -2.8159096451308562E-005  -4.5323474526348662E-004   1.0000000000000000E-002   1.2000000000000000E-002   1.0017400694642302        0.0000000000000000        1.0017400694642302        1.0000000000000000        6.9400066739805622E-310
  0.14501123526079565       -2.9662383976872662E-005  -4.7742953599883009E-004   1.0000000000000000E-002   1.2000000000000000E-002   1.0017444861690070        0.0000000000000000        1.0017444861690070        1.0000000000000000        6.9400066739805622E-310
  0.15501176029727487       -3.1048613826876790E-005  -4.9974002394836958E-004   1.0000000000000000E-002   1.2000000000000000E-002   1.0017491236100451        0.0000000000000000        1.0017491236100451        1.0000000000000000        6.9400066739805622E-310
  0.16501223891989186       -3.2312315007455496E-005  -5.2007816678489860E-004   1.0000000000000000E-002   1.2000000000000000E-002   1.0017539634892083        0.0000000000000000        1.0017539634892083        1.0000000000000000        6.9400066739805622E-310
  0.17501266923981923       -3.3448499875847179E-005  -5.3836370801274569E-004   1.0000000000000000E-002   1.2000000000000000E-002   1.0017589867092804        0.0000000000000000        1.0017589867092804        1.0000000000000000        6.9400066739805622E-310
  0.18501304955887748       -3.4452684046817143E-005  -5.5452447547299499E-004   1.0000000000000000E-002   1.2000000000000000E-002   1.0017641734491889        0.0000000000000000        1.0017641734491889        1.0000000000000000        6.9400066739805622E-310
  0.19501337837623753       -3.5320903938860979E-005  -5.6849671641856503E-004   1.0000000000000000E-002   1.2000000000000000E-002   1.0017695032422476        0.0000000000000000        1.0017695032422476        1.0000000000000000        6.9400066739805622E-310
  0.20501365439433950       -3.6049732443699286E-005  -5.8022529142842671E-004   1.0000000000000000E-002   1.2000000000000000E-002   1.0017749550569188        0.0000000000000000        1.0017749550569188        1.0000000000000000        6.9400066739805622E-310
  0.21501387652401271       -3.6636292611412991E-005  -5.8966392206105667E-004   1.0000000000000000E-002   1.2000000000000000E-002   1.0017805073796737        0.0000000000000000        1.0017805073796737        1.0000000000000000        6.9400066739805622E-310
  0.22501404388877194       -3.7078268795827989E-005  -5.9677537395241842E-004   1.0000000000000000E-002   1.2000000000000000E-002   1.0017861382999218        0.0000000000000000        1.0017861382999218        1.0000000000000000        6.9400066739805622E-310
  0.23501415582827342       -3.7373915970323166E-005  -6.0153159115383659E-004   1.0000000000000000E-002   1.2000000000000000E-002   1.0017918255964375        0.0000000000000000        1.0017918255964375        1.0000000000000000        6.9400066739805622E-310
  0.24501421190091896       -3.7522066641191911E-005  -6.0391382310243102E-004   1.0000000000000000E-002   1.2000000000000000E-002   1.0017975468250568        0.0000000000000000        1.0017975468250568        1.0000000000000000        6.9400066739805622E-310
  0.25501421188559470       -3.7522135226480889E-005  -6.0391266970150070E-004   1.0000000000000000E-002   1.2000000000000000E-002   1.0018032794071905        0.0000000000000000        1.0018032794071905        1.0000000000000000        6.9400066739805622E-310
  0.26501415578254284       -3.7374120688619775E-005  -6.0152816022185362E-004   1.0000000000000000E-002   1.2000000000000000E-002   1.0018090007189535        0.0000000000000000        1.0018090007189535        1.0000000000000000        6.9400066739805622E-310
  0.27501404381335576       -3.7078606365946013E-005  -5.9676970778799188E-004   1.0000000000000000E-002   1.2000000000000000E-002   1.0018146881804375        0.0000000000000000        1.0018146881804375        1.0000000000000000        6.9400066739805622E-310
  0.28501387642010118       -3.6636757693918681E-005  -5.8965613150707696E-004   1.0000000000000000E-002   1.2000000000000000E-002   1.0018203193449249        0.0000000000000000        1.0018203193449249        1.0000000000000000        6.9400066739805622E-310
  0.29501365426357001       -3.6050317813366751E-005  -5.8021546814757130E-004   1.0000000000000000E-002   1.2000000000000000E-002   1.0018258719872948        0.0000000000000000        1.0018258719872948        1.0000000000000000        6.9400066739805622E-310
  0.30501337822067343       -3.5321600215766997E-005  -5.6848503817086282E-004   1.0000000000000000E-002   1.2000000000000000E-002   1.0018313241918715        0.0000000000000000        1.0018313241918715        1.0000000000000000        6.9400066739805622E-310
  0.31501304938097208       -3.4453480339546028E-005  -5.5451112363424926E-004   1.0000000000000000E-002   1.2000000000000000E-002   1.0018366544390807        0.0000000000000000        1.0018366544390807        1.0000000000000000        6.9400066739805622E-310
  0.32501266904237786       -3.3449383688064174E-005  -5.3834888403958558E-004   1.0000000000000000E-002   1.2000000000000000E-002   1.0018418416901542        0.0000000000000000        1.0018418416901542        1.0000000000000000        6.9400066739805622E-310
  0.33501223870602881       -3.2313272304290248E-005  -5.2006211953248282E-004   1.0000000000000000E-002   1.2000000000000000E-002   1.0018468654703803        0.0000000000000000        1.0018468654703803        1.0000000000000000        6.9400066739805622E-310
  0.34501176007036211       -3.1049629499874110E-005  -4.9972299045286661E-004   1.0000000000000000E-002   1.2000000000000000E-002   1.0018517059498464        0.0000000000000000        1.0018517059498464        1.0000000000000000        6.9400066739805622E-310
  0.35501123502441190       -2.9663441993081651E-005  -4.7741178957494412E-004   1.0000000000000000E-002   1.2000000000000000E-002   1.0018563440218164        0.0000000000000000        1.0018563440218164        1.0000000000000000        6.9400066739805622E-310
  0.36501066564035040       -2.8160180249973287E-005  -4.5321656905628060E-004   1.0000000000000000E-002   1.2000000000000000E-002   1.0018607613782420        0.0000000000000000        1.0018607613782420        1.0000000000000000        6.9400066739805622E-310
  0.37501005416531025       -2.6545776682205493E-005  -4.2723282467704848E-004   1.0000000000000000E-002   1.2000000000000000E-002   1.0018649405820197        0.0000000000000000        1.0018649405820197        1.0000000000000000        6.9400066739805622E-310
  0.38500940301251441       -2.4826602640904734E-005  -3.9956308585598066E-004   1.0000000000000000E-002   1.2000000000000000E-002   1.0018688651358199        0.0000000000000000        1.0018688651358199        1.0000000000000000        6.9400066739805622E-310
  0.39500871475175409       -2.3009442877648460E-005  -3.7031655579689016E-004   1.0000000000000000E-002   1.2000000000000000E-002   1.0018725195472269        0.0000000000000000        1.0018725195472269        1.0000000000000000        6.9400066739805622E-310
  0.40500799209924704       -2.1101469144290771E-005  -3.3960867628834990E-004   1.0000000000000000E-002   1.2000000000000000E-002   1.0018758893901492        0.0000000000000000        1.0018758893901492        1.0000000000000000        6.9400066739805622E-310
  0.41500723790691513       -1.9110211488800398E-005  -3.0756060003067631E-004   1.0000000000000000E-002   1.2000000000000000E-002   1.0018789613616110        0.0000000000000000        1.0018789613616110        1.0000000000000000        6.9400066739805622E-310
  0.42500645515113517       -1.7043529030073030E-005  -2.7429883716845183E-004   1.0000000000000000E-002   1.2000000000000000E-002   1.0018817233344035        0.0000000000000000        1.0018817233344035        1.0000000000000000        6.9400066739805622E-310
  0.43500564692098792       -1.4909578212166246E-005  -2.3995461096415482E-004   1.0000000000000000E-002   1.2000000000000000E-002   1.0018841644049814        0.0000000000000000        1.0018841644049814        1.0000000000000000        6.9400066739805622E-310
  0.44500481640607392       -1.2716781374293820E-005  -2.0466347033121224E-004   1.0000000000000000E-002   1.2000000000000000E-002   1.0018862749364223        0.0000000000000000        1.0018862749364223        1.0000000000000000        6.9400066739805622E-310
  0.45500396688392525       -1.0473793177717930E-005  -1.6856470844128779E-004   1.0000000000000000E-002   1.2000000000000000E-002   1.0018880465968405        0.0000000000000000        1.0018880465968405        1.0000000000000000        6.9400066739805622E-310
  0.46500310170706938       -8.1894662010680021E-006  -1.3180073427498940E-004   1.0000000000000000E-002   1.2000000000000000E-002   1.0018894723919938        0.0000000000000000        1.0018894723919938        1.0000000000000000        6.9400066739805622E-310
  0.47500222428980665       -5.8728163149059157E-006  -9.4516655890330981E-005   1.0000000000000000E-002   1.2000000000000000E-002   1.0018905466929540        0.0000000000000000        1.0018905466929540        1.0000000000000000        6.9400066739805622E-310
  0.48500133809473389       -3.5329872433347939E-006  -5.6859607365566944E-005   1.0000000000000000E-002   1.2000000000000000E-002   1.0018912652585867        0.0000000000000000        1.0018912652585867        1.0000000000000000        6.9400066739805622E-310
  0.49500044661908188       -1.1792138337848804E-006  -1.8978168934147277E-005   1.0000000000000000E-002   1.2000000000000000E-002   1.0018916252520573        0.0000000000000000        1.0018916252520573        1.0000000000000000        6.9400066739805622E-310
  0.50499955338091840        1.1792137903284659E-006   1.8978167884320385E-005   1.0000000000000000E-002   1.2000000000000000E-002   1.0018916252520615        0.0000000000000000        1.0018916252520615        1.0000000000000000        6.9400066739805622E-310
  0.51499866190526633        3.5329872054493848E-006   5.6859603915881962E-005   1.0000000000000000E-002   1.2000000000000000E-002   1.0018912652586107        0.0000000000000000        1.0018912652586107        1.0000000000000000        6.9400066739805622E-310
  0.52499777571019313        5.8728164403565249E-006   9.4516660289478693E-005   1.0000000000000000E-002   1.2000000000000000E-002   1.0018905466929773        0.0000000000000000        1.0018905466929773        1.0000000000000000        6.9400066739805622E-310
  0.53499689829293029        8.1894661791367301E-006   1.3180074032526079E-004   1.0000000000000000E-002   1.2000000000000000E-002   1.0018894723919656        0.0000000000000000        1.0018894723919656        1.0000000000000000        6.9400066739805622E-310
  0.54499603311607525        1.0473793176065927E-005   1.6856469488057968E-004   1.0000000000000000E-002   1.2000000000000000E-002   1.0018880465968485        0.0000000000000000        1.0018880465968485        1.0000000000000000        6.9400066739805622E-310
  0.55499518359392552        1.2716781382302345E-005   2.0466348388659128E-004   1.0000000000000000E-002   1.2000000000000000E-002   1.0018862749364332        0.0000000000000000        1.0018862749364332        1.0000000000000000        6.9400066739805622E-310
  0.56499435307901225        1.4909578151737772E-005   2.3995460801540247E-004   1.0000000000000000E-002   1.2000000000000000E-002   1.0018841644049361        0.0000000000000000        1.0018841644049361        1.0000000000000000        6.9400066739805622E-310
  0.57499354484886545        1.7043528969276817E-005   2.7429882342655532E-004   1.0000000000000000E-002   1.2000000000000000E-002   1.0018817233344428        0.0000000000000000        1.0018817233344428        1.0000000000000000        6.9400066739805622E-310
  0.58499276209308404        1.9110211503557678E-005   3.0756061991521477E-004   1.0000000000000000E-002   1.2000000000000000E-002   1.0018789613616168        0.0000000000000000        1.0018789613616168        1.0000000000000000        6.9400066739805622E-310
  0.59499200790075346        2.1101469227895369E-005   3.3960866522786404E-004   1.0000000000000000E-002   1.2000000000000000E-002   1.0018758893901156        0.0000000000000000        1.0018758893901156        1.0000000000000000        6.9400066739805622E-310
  0.60499128524824586        2.3009442922721730E-005   3.7031656225394727E-004   1.0000000000000000E-002   1.2000000000000000E-002   1.0018725195472196        0.0000000000000000        1.0018725195472196        1.0000000000000000        6.9400066739805622E-310
  0.61499059698748615        2.4826602574831689E-005   3.9956308070454583E-004   1.0000000000000000E-002   1.2000000000000000E-002   1.0018688651357988        0.0000000000000000        1.0018688651357988        1.0000000000000000        6.9400066739805622E-310
  0.62498994583469025        2.6545776719731753E-005   4.2723281854772921E-004   1.0000000000000000E-002   1.2000000000000000E-002   1.0018649405820552        0.0000000000000000        1.0018649405820552        1.0000000000000000        6.9400066739805622E-310
  0.63498933435964933        2.8160180242339908E-005   4.5321657823382822E-004   1.0000000000000000E-002   1.2000000000000000E-002   1.0018607613782606        0.0000000000000000        1.0018607613782606        1.0000000000000000        6.9400066739805622E-310
  0.64498876497558821        2.9663442011789780E-005   4.7741178741755874E-004   1.0000000000000000E-002   1.2000000000000000E-002   1.0018563440218031        0.0000000000000000        1.0018563440218031        1.0000000000000000        6.9400066739805622E-310
  0.65498823992963795        3.1049629528020188E-005   4.9972299083034244E-004   1.0000000000000000E-002   1.2000000000000000E-002   1.0018517059498435        0.0000000000000000        1.0018517059498435        1.0000000000000000        6.9400066739805622E-310
  0.66498776129397130        3.2313272196116606E-005   5.2006212177158062E-004   1.0000000000000000E-002   1.2000000000000000E-002   1.0018468654703643        0.0000000000000000        1.0018468654703643        1.0000000000000000        6.9400066739805622E-310
  0.67498733095762253        3.3449383683689019E-005   5.3834888109260959E-004   1.0000000000000000E-002   1.2000000000000000E-002   1.0018418416901405        0.0000000000000000        1.0018418416901405        1.0000000000000000        6.9400066739805622E-310
  0.68498695061902837        3.4453480403130346E-005   5.5451111780158158E-004   1.0000000000000000E-002   1.2000000000000000E-002   1.0018366544391075        0.0000000000000000        1.0018366544391075        1.0000000000000000        6.9400066739805622E-310
  0.69498662177932635        3.5321600211645606E-005   5.6848504506668007E-004   1.0000000000000000E-002   1.2000000000000000E-002   1.0018313241918939        0.0000000000000000        1.0018313241918939        1.0000000000000000        6.9400066739805622E-310
  0.70498634573642993        3.6050317815100865E-005   5.8021546925601797E-004   1.0000000000000000E-002   1.2000000000000000E-002   1.0018258719872799        0.0000000000000000        1.0018258719872799        1.0000000000000000        6.9400066739805622E-310
  0.71498612357989899        3.6636757683988582E-005   5.8965612782468924E-004   1.0000000000000000E-002   1.2000000000000000E-002   1.0018203193449229        0.0000000000000000        1.0018203193449229        1.0000000000000000        6.9400066739805622E-310
  0.72498595618664419        3.7078606345098628E-005   5.9676971251398925E-004   1.0000000000000000E-002   1.2000000000000000E-002   1.0018146881804315        0.0000000000000000        1.0018146881804315        1.0000000000000000        6.9400066739805622E-310
  0.73498584421745738        3.7374120729814646E-005   6.0152816152481137E-004   1.0000000000000000E-002   1.2000000000000000E-002   1.0018090007189180        0.0000000000000000        1.0018090007189180        1.0000000000000000        6.9400066739805622E-310
  0.74498578811440608        3.7522135267889911E-005   6.0391265853265708E-004   1.0000000000000000E-002   1.2000000000000000E-002   1.0018032794072016        0.0000000000000000        1.0018032794072016        1.0000000000000000        6.9400066739805622E-310
  0.75498578809908101        3.7522066524683512E-005   6.0391382748914424E-004   1.0000000000000000E-002   1.2000000000000000E-002   1.0017975468250981        0.0000000000000000        1.0017975468250981        1.0000000000000000        6.9400066739805622E-310
  0.76498584417172644        3.7373916049933035E-005   6.0153159396580946E-004   1.0000000000000000E-002   1.2000000000000000E-002   1.0017918255964460        0.0000000000000000        1.0017918255964460        1.0000000000000000        6.9400066739805622E-310
  0.77498595611122789        3.7078268775556227E-005   5.9677537470737008E-004   1.0000000000000000E-002   1.2000000000000000E-002   1.0017861382999131        0.0000000000000000        1.0017861382999131        1.0000000000000000        6.9400066739805622E-310
  0.78498612347598740        3.6636292566987665E-005   5.8966391710146837E-004   1.0000000000000000E-002   1.2000000000000000E-002   1.0017805073796875        0.0000000000000000        1.0017805073796875        1.0000000000000000        6.9400066739805622E-310
  0.79498634560565995        3.6049732454774221E-005   5.8022530355117397E-004   1.0000000000000000E-002   1.2000000000000000E-002   1.0017749550568966        0.0000000000000000        1.0017749550568966        1.0000000000000000        6.9400066739805622E-310
  0.80498662162376311        3.5320903916151768E-005   5.6849670090741711E-004   1.0000000000000000E-002   1.2000000000000000E-002   1.0017695032422409        0.0000000000000000        1.0017695032422409        1.0000000000000000        6.9400066739805622E-310
  0.81498695044112213        3.4452684092007801E-005   5.5452448422510514E-004   1.0000000000000000E-002   1.2000000000000000E-002   1.0017641734492162        0.0000000000000000        1.0017641734492162        1.0000000000000000        6.9400066739805622E-310
  0.82498733076018071        3.3448499849258246E-005   5.3836370925530730E-004   1.0000000000000000E-002   1.2000000000000000E-002   1.0017589867092582        0.0000000000000000        1.0017589867092582        1.0000000000000000        6.9400066739805622E-310
  0.83498776108010830        3.2312315010884143E-005   5.2007816344890045E-004   1.0000000000000000E-002   1.2000000000000000E-002   1.0017539634891979        0.0000000000000000        1.0017539634891979        1.0000000000000000        6.9400066739805622E-310
  0.84498823970272530        3.1048613794804247E-005   4.9974002191888189E-004   1.0000000000000000E-002   1.2000000000000000E-002   1.0017491236100591        0.0000000000000000        1.0017491236100591        1.0000000000000000        6.9400066739805622E-310
  0.85498876473920415        2.9662383958173932E-005   4.7742954268414906E-004   1.0000000000000000E-002   1.2000000000000000E-002   1.0017444861689988        0.0000000000000000        1.0017444861689988        1.0000000000000000        6.9400066739805622E-310
  0.86498933411752332        2.8159096512911703E-005   4.5323473919101076E-004   1.0000000000000000E-002   1.2000000000000000E-002   1.0017400694642200        0.0000000000000000        1.0017400694642200        1.0000000000000000        6.9400066739805622E-310
  0.87498994559063892        2.6544684312420465E-005   4.2725114187724955E-004   1.0000000000000000E-002   1.2000000000000000E-002   1.0017358909225820        0.0000000000000000        1.0017358909225820        1.0000000000000000        6.9400066739805622E-310
  0.88499059674535896        2.4825518825330863E-005   3.9958126049377540E-004   1.0000000000000000E-002   1.2000000000000000E-002   1.0017319670308975        0.0000000000000000        1.0017319670308975        1.0000000000000000        6.9400066739805622E-310
  0.89499128501186187        2.3008384846410372E-005   3.7033430430444270E-004   1.0000000000000000E-002   1.2000000000000000E-002   1.0017283132711390        0.0000000000000000        1.0017283132711390        1.0000000000000000        6.9400066739805622E-310
  0.90499200767383980        2.1100453446465158E-005   3.3962571485002258E-004   1.0000000000000000E-002   1.2000000000000000E-002   1.0017249440591165        0.0000000000000000        1.0017249440591165        1.0000000000000000        6.9400066739805622E-310
  0.91499276187922185        1.9109254217746446E-005   3.0757664464609036E-004   1.0000000000000000E-002   1.2000000000000000E-002   1.0017218726879453        0.0000000000000000        1.0017218726879453        1.0000000000000000        6.9400066739805622E-310
  0.92499354465142369        1.7042645243082747E-005   2.7431365476715541E-004   1.0000000000000000E-002   1.2000000000000000E-002   1.0017191112753487        0.0000000000000000        1.0017191112753487        1.0000000000000000        6.9400066739805622E-310
  0.93499435290110633        1.4908781899118807E-005   2.3996797053271735E-004   1.0000000000000000E-002   1.2000000000000000E-002   1.0017166707159300        0.0000000000000000        1.0017166707159300        1.0000000000000000        6.9400066739805622E-310
  0.94499518343836197        1.2716085025244976E-005   2.0467514909405793E-004   1.0000000000000000E-002   1.2000000000000000E-002   1.0017145606386000        0.0000000000000000        1.0017145606386000        1.0000000000000000        6.9400066739805622E-310
  0.95499603298530567        1.0473207821905092E-005   1.6857452487695213E-004   1.0000000000000000E-002   1.2000000000000000E-002   1.0017127893681190        0.0000000000000000        1.0017127893681190        1.0000000000000000        6.9400066739805622E-310
  0.96499689818901901        8.1890011451520146E-006   1.3180852977079383E-004   1.0000000000000000E-002   1.2000000000000000E-002   1.0017113638925865        0.0000000000000000        1.0017113638925865        1.0000000000000000        6.9400066739805622E-310
  0.97499777563477741        5.8724787552233137E-006   9.4522320362777634E-005   1.0000000000000000E-002   1.2000000000000000E-002   1.0017102898358532        0.0000000000000000        1.0017102898358532        1.0000000000000000        6.9400066739805622E-310
  0.98499866185953555        3.5327825992815749E-006   5.6863042335209002E-005   1.0000000000000000E-002   1.2000000000000000E-002   1.0017095714351774        0.0000000000000000        1.0017095714351774        1.0000000000000000        6.9400066739805622E-310
  0.99499955336559454        1.1791452258410090E-006   1.8979309011513124E-005   1.0000000000000000E-002   1.2000000000000000E-002   1.0017092115248933        0.0000000000000000        1.0017092115248933        1.0000000000000000        6.9400066739805622E-310
   1.0050004466344054       -1.1791508711492360E-006  -1.9097226064523909E-005   1.0000000000000000E-002   1.2000000000000000E-002   1.0017092115249138        0.0000000000000000        1.0017092115249138        1.0000000000000000        6.9400066739805622E-310
   1.0150013381404639       -3.5327993268311038E-006  -5.7216306123208938E-005   1.0000000000000000E-002   1.2000000000000000E-002   1.0017095714351891        0.0000000000000000        1.0017095714351891        1.0000000000000000        6.9400066739805622E-310
   1.0250022243652221       -5.8725067267385739E-006  -9.5109554236749716E-005   1.0000000000000000E-002   1.2000000000000000E-002   1.0017102898358290        0.0000000000000000        1.0017102898358290        1.0000000000000000        6.9400066739805622E-310
   1.0350031018109809       -8.1890400173300689E-006  -1.3262741945485601E-004   1.0000000000000000E-002   1.2000000000000000E-002   1.0017113638925743        0.0000000000000000        1.0017113638925743        1.0000000000000000        6.9400066739805622E-310
   1.0450039670146940       -1.0473257679753023E-005  -1.6962182490232180E-004   1.0000000000000000E-002   1.2000000000000000E-002   1.0017127893680977        0.0000000000000000        1.0017127893680977        1.0000000000000000        6.9400066739805622E-310
  -5.0004466344054643E-003   1.1792867203019569E-006  -3.5767633061438002E+077   1.0000000000000000E-002   1.2000000000000000E-002   1.0017092115248933        0.0000000000000000        1.0017092115248933        1.0000000000000000        6.9400066739805622E-310
  -1.5001338140464449E-002   3.5332065258841967E-006   0.0000000000000000        1.0000000000000000E-002   1.2000000000000000E-002   1.0017095714351774        0.0000000000000000        1.0017095714351774        1.0000000000000000        6.9400066739805622E-310
  -2.5002224365222592E-002   5.8731834352187362E-006  -3.5767633061438002E+077   1.0000000000000000E-002   1.2000000000000000E-002   1.0017102898358532        0.0000000000000000        1.0017102898358532        1.0000000000000000        6.9400066739805622E-310
  -3.5003101810980985E-002   8.1899838120342808E-006   6.9400068546417920E-310   1.0000000000000000E-002   1.2000000000000000E-002   1.0017113638925865        0.0000000000000000        1.0017113638925865        1.0000000000000000        6.9400066739805622E-310
  -4.5003967014694335E-002   1.0474464587725038E-005   6.9400066883177543E-310   1.0000000000000000E-002   1.2000000000000000E-002   1.0017127893681190        0.0000000000000000        1.0017127893681190        1.0000000000000000        6.9400066739805622E-310
