 # x, v, a, m, h, rho, u, P, c, ke
   1.9007999999999774     
   4.9999158806641724E-003   3.0924499663421289E-006   3.5731766621083239E-006   1.0000000000000000E-002   1.2000000000000000E-002   1.0018175900685613        0.0000000000000000        1.0018175900685613        1.0000000000000000        6.9400066739805622E-310
   1.4999747973845942E-002   9.2651498060529337E-006   1.0705405354194397E-005   1.0000000000000000E-002   1.2000000000000000E-002   1.0018175222977037        0.0000000000000000        1.0018175222977037        1.0000000000000000        6.9400066739805622E-310
   2.4999581061274083E-002   1.5401297822943154E-005   1.7795487671001808E-005   1.0000000000000000E-002   1.2000000000000000E-002   1.0018173870230809        0.0000000000000000        1.0018173870230809        1.0000000000000000        6.9400066739805622E-310
   3.4999415801429887E-002   2.1476686471385445E-005   2.4815410226253221E-005   1.0000000000000000E-002   1.2000000000000000E-002   1.0018171847777841        0.0000000000000000        1.0018171847777841        1.0000000000000000        6.9400066739805622E-310
   4.4999252846276053E-002   2.7467346710297245E-005   3.1737588776614700E-005   1.0000000000000000E-002   1.2000000000000000E-002   1.0018169163588180        0.0000000000000000        1.0018169163588180        1.0000000000000000        6.9400066739805622E-310
   5.4999092838699991E-002   3.3349644590983619E-005   3.8534675469215074E-005   1.0000000000000000E-002   1.2000000000000000E-002   1.0018165828239081        0.0000000000000000        1.0018165828239081        1.0000000000000000        6.9400066739805622E-310
   6.4998936409970356E-002   3.9100372547298127E-005   4.5179884114787683E-005   1.0000000000000000E-002   1.2000000000000000E-002   1.0018161854877554        0.0000000000000000        1.0018161854877554        1.0000000000000000        6.9400066739805622E-310
   7.4998784177250810E-002   4.4696841728104149E-005   5.1647054419845517E-005   1.0000000000000000E-002   1.2000000000000000E-002   1.0018157259163596        0.0000000000000000        1.0018157259163596        1.0000000000000000        6.9400066739805622E-310
   8.4998636741170641E-002   5.0116971002132330E-005   5.7910680654416069E-005   1.0000000000000000E-002   1.2000000000000000E-002   1.0018152059209773        0.0000000000000000        1.0018152059209773        1.0000000000000000        6.9400066739805622E-310
   9.4998494683455448E-002   5.5339374524175494E-005   6.3946062211606147E-005   1.0000000000000000E-002   1.2000000000000000E-002   1.0018146275511757        0.0000000000000000        1.0018146275511757        1.0000000000000000        6.9400066739805622E-310
  0.10499835856463320        6.0343445785565439E-005   6.9729394719608706E-005   1.0000000000000000E-002   1.2000000000000000E-002   1.0018139930867287        0.0000000000000000        1.0018139930867287        1.0000000000000000        6.9400066739805622E-310
  0.11499822892182424        6.5109438725675624E-005   7.5237842729336535E-005   1.0000000000000000E-002   1.2000000000000000E-002   1.0018133050287878        0.0000000000000000        1.0018133050287878        1.0000000000000000        6.9400066739805622E-310
  0.12499810626661881        6.9618546090227762E-005   8.0449734819687535E-005   1.0000000000000000E-002   1.2000000000000000E-002   1.0018125660897665        0.0000000000000000        1.0018125660897665        1.0000000000000000        6.9400066739805622E-310
  0.13499799108306609        7.3852972841875346E-005   8.5344488088168191E-005   1.0000000000000000E-002   1.2000000000000000E-002   1.0018117791826224        0.0000000000000000        1.0018117791826224        1.0000000000000000        6.9400066739805622E-310
  0.14499788382576220        7.7796006847351054E-005   8.9902724645263277E-005   1.0000000000000000E-002   1.2000000000000000E-002   1.0018109474099708        0.0000000000000000        1.0018109474099708        1.0000000000000000        6.9400066739805622E-310
  0.15499778491804936        8.1432085343527400E-005   9.4106489098244595E-005   1.0000000000000000E-002   1.2000000000000000E-002   1.0018100740516054        0.0000000000000000        1.0018100740516054        1.0000000000000000        6.9400066739805622E-310
  0.16499769475034945        8.4746855720675259E-005   9.7939206068708984E-005   1.0000000000000000E-002   1.2000000000000000E-002   1.0018091625512173        0.0000000000000000        1.0018091625512173        1.0000000000000000        6.9400066739805622E-310
  0.17499761367862438        8.7727231944172184E-005   1.0138570231799093E-004   1.0000000000000000E-002   1.2000000000000000E-002   1.0018082165031759        0.0000000000000000        1.0018082165031759        1.0000000000000000        6.9400066739805622E-310
  0.18499754202296684        9.0361447238767909E-005   1.0443232245815892E-004   1.0000000000000000E-002   1.2000000000000000E-002   1.0018072396386477        0.0000000000000000        1.0018072396386477        1.0000000000000000        6.9400066739805622E-310
  0.19499748006633127        9.2639099729714347E-005   1.0706705859231391E-004   1.0000000000000000E-002   1.2000000000000000E-002   1.0018062358105879        0.0000000000000000        1.0018062358105879        1.0000000000000000        6.9400066739805622E-310
  0.20499742805341967        9.4551194111390207E-005   1.0927947949035399E-004   1.0000000000000000E-002   1.2000000000000000E-002   1.0018052089784315        0.0000000000000000        1.0018052089784315        1.0000000000000000        6.9400066739805622E-310
  0.21499738618971256        9.6090176377059032E-005   1.1106078877620718E-004   1.0000000000000000E-002   1.2000000000000000E-002   1.0018041631928594        0.0000000000000000        1.0018041631928594        1.0000000000000000        6.9400066739805622E-310
  0.22499735464065088        9.7249965515612411E-005   1.1240395444733764E-004   1.0000000000000000E-002   1.2000000000000000E-002   1.0018031025796394        0.0000000000000000        1.0018031025796394        1.0000000000000000        6.9400066739805622E-310
  0.23499733353098456        9.8025975834331239E-005   1.1330361096550945E-004   1.0000000000000000E-002   1.2000000000000000E-002   1.0018020313233578        0.0000000000000000        1.0018020313233578        1.0000000000000000        6.9400066739805622E-310
  0.24499732294427259        9.8415136028174319E-005   1.1375617278197581E-004   1.0000000000000000E-002   1.2000000000000000E-002   1.0018009536510548        0.0000000000000000        1.0018009536510548        1.0000000000000000        6.9400066739805622E-310
  0.25499732292255106        9.8415901110029204E-005   1.1375980773298267E-004   1.0000000000000000E-002   1.2000000000000000E-002   1.0017998738154581        0.0000000000000000        1.0017998738154581        1.0000000000000000        6.9400066739805622E-310
  0.26499733346616183        9.8028259016255280E-005   1.1331447187856725E-004   1.0000000000000000E-002   1.2000000000000000E-002   1.0017987960781594        0.0000000000000000        1.0017987960781594        1.0000000000000000        6.9400066739805622E-310
  0.27499735453375013        9.7253730835061603E-005   1.1242184643034392E-004   1.0000000000000000E-002   1.2000000000000000E-002   1.0017977246929646        0.0000000000000000        1.0017977246929646        1.0000000000000000        6.9400066739805622E-310
  0.28499738604241770        9.6095364441617747E-005   1.1108547388705148E-004   1.0000000000000000E-002   1.2000000000000000E-002   1.0017966638888445        0.0000000000000000        1.0017966638888445        1.0000000000000000        6.9400066739805622E-310
  0.29499742786805583        9.4557722851474393E-005   1.0931051541174241E-004   1.0000000000000000E-002   1.2000000000000000E-002   1.0017956178534386        0.0000000000000000        1.0017956178534386        1.0000000000000000        6.9400066739805622E-310
  0.30499747984581999        9.2646866617891185E-005   1.0710400019409150E-004   1.0000000000000000E-002   1.2000000000000000E-002   1.0017945907165038        0.0000000000000000        1.0017945907165038        1.0000000000000000        6.9400066739805622E-310
  0.31499754177078682        9.0370329541025792E-005   1.0447456370243913E-004   1.0000000000000000E-002   1.2000000000000000E-002   1.0017935865334140        0.0000000000000000        1.0017935865334140        1.0000000000000000        6.9400066739805622E-310
  0.32499761339875288        8.7737089789487684E-005   1.0143257061034916E-004   1.0000000000000000E-002   1.2000000000000000E-002   1.0017926092693583        0.0000000000000000        1.0017926092693583        1.0000000000000000        6.9400066739805622E-310
  0.33499769444719935        8.4757533400227648E-005   9.7989978807611067E-005   1.0000000000000000E-002   1.2000000000000000E-002   1.0017916627835297        0.0000000000000000        1.0017916627835297        1.0000000000000000        6.9400066739805622E-310
  0.34499778459640146        8.1443414332932858E-005   9.4160362031026068E-005   1.0000000000000000E-002   1.2000000000000000E-002   1.0017907508139547        0.0000000000000000        1.0017907508139547        1.0000000000000000        6.9400066739805622E-310
  0.35499788349068873        7.7807808805844289E-005   8.9958857575567208E-005   1.0000000000000000E-002   1.2000000000000000E-002   1.0017898769623672        0.0000000000000000        1.0017898769623672        1.0000000000000000        6.9400066739805622E-310
  0.36499799073985278        7.3865061389140338E-005   8.5401959681874473E-005   1.0000000000000000E-002   1.2000000000000000E-002   1.0017890446803508        0.0000000000000000        1.0017890446803508        1.0000000000000000        6.9400066739805622E-310
  0.37499810592067684        6.9630730840087812E-005   8.0507674840468724E-005   1.0000000000000000E-002   1.2000000000000000E-002   1.0017882572557555        0.0000000000000000        1.0017882572557555        1.0000000000000000        6.9400066739805622E-310
  0.38499822857860860        6.5121527486942284E-005   7.5295361878779943E-005   1.0000000000000000E-002   1.2000000000000000E-002   1.0017875177990538        0.0000000000000000        1.0017875177990538        1.0000000000000000        6.9400066739805622E-310
  0.39499835822956075        6.0355247848572328E-005   6.9785495902863204E-005   1.0000000000000000E-002   1.2000000000000000E-002   1.0017868292316860        0.0000000000000000        1.0017868292316860        1.0000000000000000        6.9400066739805622E-310
  0.40499849436180757        5.5350703765734135E-005   6.3999925596469609E-005   1.0000000000000000E-002   1.2000000000000000E-002   1.0017861942742041        0.0000000000000000        1.0017861942742041        1.0000000000000000        6.9400066739805622E-310
  0.41499863643801954        5.0127648550318582E-005   5.7961452723631623E-005   1.0000000000000000E-002   1.2000000000000000E-002   1.0017856154352518        0.0000000000000000        1.0017856154352518        1.0000000000000000        6.9400066739805622E-310
  0.42499878389737666        4.4706699346287209E-005   5.1693948909914411E-005   1.0000000000000000E-002   1.2000000000000000E-002   1.0017850950019769        0.0000000000000000        1.0017850950019769        1.0000000000000000        6.9400066739805622E-310
  0.43499893615778890        3.9109254823300781E-005   4.5222125818256131E-005   1.0000000000000000E-002   1.2000000000000000E-002   1.0017846350309272        0.0000000000000000        1.0017846350309272        1.0000000000000000        6.9400066739805622E-310
  0.44499909261818854        3.3357411536939319E-005   3.8571593874436871E-005   1.0000000000000000E-002   1.2000000000000000E-002   1.0017842373398527        0.0000000000000000        1.0017842373398527        1.0000000000000000        6.9400066739805622E-310
  0.45499925266091062        2.7473875511664407E-005   3.1768632136497388E-005   1.0000000000000000E-002   1.2000000000000000E-002   1.0017839035002278        0.0000000000000000        1.0017839035002278        1.0000000000000000        6.9400066739805622E-310
  0.46499941565413344        2.1481874263936199E-005   2.4840093336919722E-005   1.0000000000000000E-002   1.2000000000000000E-002   1.0017836348314046        0.0000000000000000        1.0017836348314046        1.0000000000000000        6.9400066739805622E-310
  0.47499958095437084        1.5405063350365802E-005   1.7813398710764261E-005   1.0000000000000000E-002   1.2000000000000000E-002   1.0017834323951329        0.0000000000000000        1.0017834323951329        1.0000000000000000        6.9400066739805622E-310
  0.48499974790902228        9.2674329902567806E-006   1.0716259575715981E-005   1.0000000000000000E-002   1.2000000000000000E-002   1.0017832969915375        0.0000000000000000        1.0017832969915375        1.0000000000000000        6.9400066739805622E-310
  0.49499991585894210        3.0932150659918851E-006   3.5768146942061207E-006   1.0000000000000000E-002   1.2000000000000000E-002   1.0017832291557067        0.0000000000000000        1.0017832291557067        1.0000000000000000        6.9400066739805622E-310
  0.50500008414105768       -3.0932149728738161E-006  -3.5767989281509927E-006   1.0000000000000000E-002   1.2000000000000000E-002   1.0017832291556255        0.0000000000000000        1.0017832291556255        1.0000000000000000        6.9400066739805622E-310
  0.51500025209097966       -9.2674330881859171E-006  -1.0716301783730842E-005   1.0000000000000000E-002   1.2000000000000000E-002   1.0017832969915899        0.0000000000000000        1.0017832969915899        1.0000000000000000        6.9400066739805622E-310
  0.52500041904562778       -1.5405063218787860E-005  -1.7813370422281594E-005   1.0000000000000000E-002   1.2000000000000000E-002   1.0017834323952495        0.0000000000000000        1.0017834323952495        1.0000000000000000        6.9400066739805622E-310
  0.53500058434586584       -2.1481874387986322E-005  -2.4840093943545583E-005   1.0000000000000000E-002   1.2000000000000000E-002   1.0017836348313816        0.0000000000000000        1.0017836348313816        1.0000000000000000        6.9400066739805622E-310
  0.54500074733908888       -2.7473875669752363E-005  -3.1768644185525829E-005   1.0000000000000000E-002   1.2000000000000000E-002   1.0017839035002798        0.0000000000000000        1.0017839035002798        1.0000000000000000        6.9400066739805622E-310
  0.55500090738180941       -3.3357411504494799E-005  -3.8571566455480877E-005   1.0000000000000000E-002   1.2000000000000000E-002   1.0017842373398238        0.0000000000000000        1.0017842373398238        1.0000000000000000        6.9400066739805622E-310
  0.56500106384221127       -3.9109254772468958E-005  -4.5222145681478310E-005   1.0000000000000000E-002   1.2000000000000000E-002   1.0017846350308648        0.0000000000000000        1.0017846350308648        1.0000000000000000        6.9400066739805622E-310
  0.57500121610262267       -4.4706699360153538E-005  -5.1693941141905952E-005   1.0000000000000000E-002   1.2000000000000000E-002   1.0017850950019731        0.0000000000000000        1.0017850950019731        1.0000000000000000        6.9400066739805622E-310
  0.58500136356198051       -5.0127648704353306E-005  -5.7961453623356363E-005   1.0000000000000000E-002   1.2000000000000000E-002   1.0017856154352152        0.0000000000000000        1.0017856154352152        1.0000000000000000        6.9400066739805622E-310
  0.59500150563819254       -5.5350703636619243E-005  -6.3999926480207137E-005   1.0000000000000000E-002   1.2000000000000000E-002   1.0017861942741724        0.0000000000000000        1.0017861942741724        1.0000000000000000        6.9400066739805622E-310
  0.60500164177044014       -6.0355247677176451E-005  -6.9785519851706113E-005   1.0000000000000000E-002   1.2000000000000000E-002   1.0017868292317706        0.0000000000000000        1.0017868292317706        1.0000000000000000        6.9400066739805622E-310
  0.61500177142138956       -6.5121527670541554E-005  -7.5295327544466772E-005   1.0000000000000000E-002   1.2000000000000000E-002   1.0017875177990925        0.0000000000000000        1.0017875177990925        1.0000000000000000        6.9400066739805622E-310
  0.62500189407932316       -6.9630730759875648E-005  -8.0507685684239050E-005   1.0000000000000000E-002   1.2000000000000000E-002   1.0017882572556798        0.0000000000000000        1.0017882572556798        1.0000000000000000        6.9400066739805622E-310
  0.63500200926014727       -7.3865061400968997E-005  -8.5401966372522509E-005   1.0000000000000000E-002   1.2000000000000000E-002   1.0017890446803683        0.0000000000000000        1.0017890446803683        1.0000000000000000        6.9400066739805622E-310
  0.64500211650931061       -7.7807808715022231E-005  -8.9958840590043110E-005   1.0000000000000000E-002   1.2000000000000000E-002   1.0017898769623241        0.0000000000000000        1.0017898769623241        1.0000000000000000        6.9400066739805622E-310
  0.65500221540359960       -8.1443414502294832E-005  -9.4160381012287075E-005   1.0000000000000000E-002   1.2000000000000000E-002   1.0017907508139297        0.0000000000000000        1.0017907508139297        1.0000000000000000        6.9400066739805622E-310
  0.66500230555280049       -8.4757533358518946E-005  -9.7989966572065157E-005   1.0000000000000000E-002   1.2000000000000000E-002   1.0017916627835326        0.0000000000000000        1.0017916627835326        1.0000000000000000        6.9400066739805622E-310
  0.67500238660124812       -8.7737089692923814E-005  -1.0143259105976909E-004   1.0000000000000000E-002   1.2000000000000000E-002   1.0017926092693923        0.0000000000000000        1.0017926092693923        1.0000000000000000        6.9400066739805622E-310
  0.68500245822921235       -9.0370329507026350E-005  -1.0447454333206707E-004   1.0000000000000000E-002   1.2000000000000000E-002   1.0017935865334620        0.0000000000000000        1.0017935865334620        1.0000000000000000        6.9400066739805622E-310
  0.69500252015417974       -9.2646866641181311E-005  -1.0710398983171387E-004   1.0000000000000000E-002   1.2000000000000000E-002   1.0017945907163974        0.0000000000000000        1.0017945907163974        1.0000000000000000        6.9400066739805622E-310
  0.70500257213194595       -9.4557722837677053E-005  -1.0931054930463091E-004   1.0000000000000000E-002   1.2000000000000000E-002   1.0017956178534517        0.0000000000000000        1.0017956178534517        1.0000000000000000        6.9400066739805622E-310
  0.71500261395758158       -9.6095364419575442E-005  -1.1108544760585204E-004   1.0000000000000000E-002   1.2000000000000000E-002   1.0017966638888844        0.0000000000000000        1.0017966638888844        1.0000000000000000        6.9400066739805622E-310
  0.72500264546625071       -9.7253730941902286E-005  -1.1242185600135457E-004   1.0000000000000000E-002   1.2000000000000000E-002   1.0017977246929335        0.0000000000000000        1.0017977246929335        1.0000000000000000        6.9400066739805622E-310
  0.73500266653383817       -9.8028259127353422E-005  -1.1331446297191405E-004   1.0000000000000000E-002   1.2000000000000000E-002   1.0017987960781292        0.0000000000000000        1.0017987960781292        1.0000000000000000        6.9400066739805622E-310
  0.74500267707745060       -9.8415900965587860E-005  -1.1375984647266080E-004   1.0000000000000000E-002   1.2000000000000000E-002   1.0017998738155631        0.0000000000000000        1.0017998738155631        1.0000000000000000        6.9400066739805622E-310
  0.75500267705572510       -9.8415135925826406E-005  -1.1375613248976180E-004   1.0000000000000000E-002   1.2000000000000000E-002   1.0018009536511523        0.0000000000000000        1.0018009536511523        1.0000000000000000        6.9400066739805622E-310
  0.76500266646901494       -9.8025975912398715E-005  -1.1330361649619647E-004   1.0000000000000000E-002   1.2000000000000000E-002   1.0018020313232965        0.0000000000000000        1.0018020313232965        1.0000000000000000        6.9400066739805622E-310
  0.77500264535934826       -9.7249965646377981E-005  -1.1240394170819457E-004   1.0000000000000000E-002   1.2000000000000000E-002   1.0018031025795515        0.0000000000000000        1.0018031025795515        1.0000000000000000        6.9400066739805622E-310
  0.78500261381028880       -9.6090176374516117E-005  -1.1106081680178903E-004   1.0000000000000000E-002   1.2000000000000000E-002   1.0018041631928352        0.0000000000000000        1.0018041631928352        1.0000000000000000        6.9400066739805622E-310
  0.79500257194657997       -9.4551193932032810E-005  -1.0927946763494845E-004   1.0000000000000000E-002   1.2000000000000000E-002   1.0018052089784837        0.0000000000000000        1.0018052089784837        1.0000000000000000        6.9400066739805622E-310
  0.80500251993366889       -9.2639099740900996E-005  -1.0706706853547132E-004   1.0000000000000000E-002   1.2000000000000000E-002   1.0018062358106239        0.0000000000000000        1.0018062358106239        1.0000000000000000        6.9400066739805622E-310
  0.81500245797703219       -9.0361447320594354E-005  -1.0443231362788907E-004   1.0000000000000000E-002   1.2000000000000000E-002   1.0018072396386977        0.0000000000000000        1.0018072396386977        1.0000000000000000        6.9400066739805622E-310
  0.82500238632137457       -8.7727232046489224E-005  -1.0138568774209489E-004   1.0000000000000000E-002   1.2000000000000000E-002   1.0018082165031152        0.0000000000000000        1.0018082165031152        1.0000000000000000        6.9400066739805622E-310
  0.83500230524965091       -8.4746855487297394E-005  -9.7939213987707774E-005   1.0000000000000000E-002   1.2000000000000000E-002   1.0018091625511287        0.0000000000000000        1.0018091625511287        1.0000000000000000        6.9400066739805622E-310
  0.84500221508195150       -8.1432085467831057E-005  -9.4106499304302815E-005   1.0000000000000000E-002   1.2000000000000000E-002   1.0018100740515961        0.0000000000000000        1.0018100740515961        1.0000000000000000        6.9400066739805622E-310
  0.85500211617423827       -7.7796006879143399E-005  -8.9902722684165326E-005   1.0000000000000000E-002   1.2000000000000000E-002   1.0018109474099997        0.0000000000000000        1.0018109474099997        1.0000000000000000        6.9400066739805622E-310
  0.86500200891693402       -7.3852972720605991E-005  -8.5344474716642083E-005   1.0000000000000000E-002   1.2000000000000000E-002   1.0018117791825822        0.0000000000000000        1.0018117791825822        1.0000000000000000        6.9400066739805622E-310
  0.87500189373338255       -6.9618546023471686E-005  -8.0449745994748412E-005   1.0000000000000000E-002   1.2000000000000000E-002   1.0018125660897168        0.0000000000000000        1.0018125660897168        1.0000000000000000        6.9400066739805622E-310
  0.88500177107817701       -6.5109438736707883E-005  -7.5237850375664550E-005   1.0000000000000000E-002   1.2000000000000000E-002   1.0018133050288240        0.0000000000000000        1.0018133050288240        1.0000000000000000        6.9400066739805622E-310
  0.89500164143536731       -6.0343445868380189E-005  -6.9729389623240934E-005   1.0000000000000000E-002   1.2000000000000000E-002   1.0018139930867751        0.0000000000000000        1.0018139930867751        1.0000000000000000        6.9400066739805622E-310
  0.90500150531654477       -5.5339374572746755E-005  -6.3946054333463564E-005   1.0000000000000000E-002   1.2000000000000000E-002   1.0018146275511639        0.0000000000000000        1.0018146275511639        1.0000000000000000        6.9400066739805622E-310
  0.91500136325883019       -5.0116971155039422E-005  -5.7910686003914691E-005   1.0000000000000000E-002   1.2000000000000000E-002   1.0018152059209569        0.0000000000000000        1.0018152059209569        1.0000000000000000        6.9400066739805622E-310
  0.92500121582274986       -4.4696841505434373E-005  -5.1647054589487595E-005   1.0000000000000000E-002   1.2000000000000000E-002   1.0018157259163620        0.0000000000000000        1.0018157259163620        1.0000000000000000        6.9400066739805622E-310
  0.93500106359003043       -3.9100372612742251E-005  -4.5179891103863667E-005   1.0000000000000000E-002   1.2000000000000000E-002   1.0018161854877861        0.0000000000000000        1.0018161854877861        1.0000000000000000        6.9400066739805622E-310
  0.94500090716130003       -3.3349644682170246E-005  -3.8534665001144219E-005   1.0000000000000000E-002   1.2000000000000000E-002   1.0018165828239303        0.0000000000000000        1.0018165828239303        1.0000000000000000        6.9400066739805622E-310
  0.95500074715372407       -2.7467346623479146E-005  -3.1737572491863375E-005   1.0000000000000000E-002   1.2000000000000000E-002   1.0018169163587132        0.0000000000000000        1.0018169163587132        1.0000000000000000        6.9400066739805622E-310
  0.96500058419857249       -2.1476686305657852E-005  -2.4815434533032033E-005   1.0000000000000000E-002   1.2000000000000000E-002   1.0018171847777213        0.0000000000000000        1.0018171847777213        1.0000000000000000        6.9400066739805622E-310
  0.97500041893872735       -1.5401297966004183E-005  -1.7795485800498057E-005   1.0000000000000000E-002   1.2000000000000000E-002   1.0018173870231177        0.0000000000000000        1.0018173870231177        1.0000000000000000        6.9400066739805622E-310
  0.98500025202615560       -9.2651497015989482E-006  -1.0705416307210669E-005   1.0000000000000000E-002   1.2000000000000000E-002   1.0018175222977754        0.0000000000000000        1.0018175222977754        1.0000000000000000        6.9400066739805622E-310
  0.99500008411933583       -3.0924500560133358E-006  -3.5731626466528610E-006   1.0000000000000000E-002   1.2000000000000000E-002   1.0018175900686281        0.0000000000000000        1.0018175900686281        1.0000000000000000        6.9400066739805622E-310
   1.0049999158806642        3.0924511090014294E-006   3.8880125092788376E-006   1.0000000000000000E-002   1.2000000000000000E-002   1.0018175900685613        0.0000000000000000        1.0018175900685613        1.0000000000000000        6.9400066739805622E-310
   1.0149997479738460        9.2651532195720010E-006   1.1648664205665682E-005   1.0000000000000000E-002   1.2000000000000000E-002   1.0018175222977037        0.0000000000000000        1.0018175222977037        1.0000000000000000        6.9400066739805622E-310
   1.0249995810612740        1.5401303499706744E-005   1.9363448547693451E-005   1.0000000000000000E-002   1.2000000000000000E-002   1.0018173870230809        0.0000000000000000        1.0018173870230809        1.0000000000000000        6.9400066739805622E-310
   1.0349994158014300        2.1476694386387432E-005   2.7001913215585205E-005   1.0000000000000000E-002   1.2000000000000000E-002   1.0018171847777841        0.0000000000000000        1.0018171847777841        1.0000000000000000        6.9400066739805622E-310
   1.0449992528462761        2.7467356835229604E-005   3.4533993292562570E-005   1.0000000000000000E-002   1.2000000000000000E-002   1.0018169163588180        0.0000000000000000        1.0018169163588180        1.0000000000000000        6.9400066739805622E-310
  -4.9999158806641741E-003  -3.0928278645508574E-006  -3.5767633061438002E+077   1.0000000000000000E-002   1.2000000000000000E-002   1.0018175900686281        0.0000000000000000        1.0018175900686281        1.0000000000000000        6.9400066739805622E-310
  -1.4999747973844402E-002  -9.2662816016926012E-006   0.0000000000000000        1.0000000000000000E-002   1.2000000000000000E-002   1.0018175222977754        0.0000000000000000        1.0018175222977754        1.0000000000000000        6.9400066739805622E-310
  -2.4999581061272647E-002  -1.5403179531546488E-005  -3.5767633061438002E+077   1.0000000000000000E-002   1.2000000000000000E-002   1.0018173870231177        0.0000000000000000        1.0018173870231177        1.0000000000000000        6.9400066739805622E-310
  -3.4999415801427514E-002  -2.1479310098678569E-005   6.9400068546417920E-310   1.0000000000000000E-002   1.2000000000000000E-002   1.0018171847777213        0.0000000000000000        1.0018171847777213        1.0000000000000000        6.9400066739805622E-310
  -4.4999252846275928E-002  -2.7470702306468226E-005   6.9400066883177543E-310   1.0000000000000000E-002   1.2000000000000000E-002   1.0018169163587132        0.0000000000000000        1.0018169163587132        1.0000000000000000        6.9400066739805622E-310
