 # x, v, a, m, h, rho, u, P, c, ke
  0.85199999999999587     
   4.9996789612558063E-003   2.3423046790555414E-006   1.3640405769344000E-005   1.0000000000000000E-002   1.2000000000000000E-002   1.0018659760842485        0.0000000000000000        1.0018659760842485        1.0000000000000000        6.9400066739805622E-310
   1.4999038150571567E-002   7.0176704648545463E-006   4.0867427809843093E-005   1.0000000000000000E-002   1.2000000000000000E-002   1.0018657173521921        0.0000000000000000        1.0018657173521921        1.0000000000000000        6.9400066739805622E-310
   2.4998401135306127E-002   1.1665342034254034E-005   6.7933223846239343E-005   1.0000000000000000E-002   1.2000000000000000E-002   1.0018652009090243        0.0000000000000000        1.0018652009090243        1.0000000000000000        6.9400066739805622E-310
   3.4997770429100690E-002   1.6266977912625385E-005   9.4731079921750450E-005   1.0000000000000000E-002   1.2000000000000000E-002   1.0018644287924920        0.0000000000000000        1.0018644287924920        1.0000000000000000        6.9400066739805622E-310
   4.4997148520715916E-002   2.0804418315073383E-005   1.2115524189848514E-004   1.0000000000000000E-002   1.2000000000000000E-002   1.0018634040491738        0.0000000000000000        1.0018634040491738        1.0000000000000000        6.9400066739805622E-310
   5.4996537864208501E-002   2.5259756726771211E-005   1.4710149898977676E-004   1.0000000000000000E-002   1.2000000000000000E-002   1.0018621307225761        0.0000000000000000        1.0018621307225761        1.0000000000000000        6.9400066739805622E-310
   6.4995940869255531E-002   2.9615410834617672E-005   1.7246749736976597E-004   1.0000000000000000E-002   1.2000000000000000E-002   1.0018606138369521        0.0000000000000000        1.0018606138369521        1.0000000000000000        6.9400066739805622E-310
   7.4995359891648489E-002   3.3854191281732341E-005   1.9715316748314393E-004   1.0000000000000000E-002   1.2000000000000000E-002   1.0018588593776443        0.0000000000000000        1.0018588593776443        1.0000000000000000        6.9400066739805622E-310
   8.4994797224000315E-002   3.7959370178748888E-005   2.2106112195086070E-004   1.0000000000000000E-002   1.2000000000000000E-002   1.0018568742674434        0.0000000000000000        1.0018568742674434        1.0000000000000000        6.9400066739805622E-310
   9.4994255086701729E-002   4.1914746718455981E-005   2.4409702470329364E-004   1.0000000000000000E-002   1.2000000000000000E-002   1.0018546663393564        0.0000000000000000        1.0018546663393564        1.0000000000000000        6.9400066739805622E-310
  0.10499373561915963        4.5704711172610684E-005   2.6617000682982450E-004   1.0000000000000000E-002   1.2000000000000000E-002   1.0018522443056144        0.0000000000000000        1.0018522443056144        1.0000000000000000        6.9400066739805622E-310
  0.11499324087135929        4.9314306591117466E-005   2.8719295295775993E-004   1.0000000000000000E-002   1.2000000000000000E-002   1.0018496177233507        0.0000000000000000        1.0018496177233507        1.0000000000000000        6.9400066739805622E-310
  0.12499277279577305        5.2729287679535138E-005   3.0708291064396320E-004   1.0000000000000000E-002   1.2000000000000000E-002   1.0018467969569878        0.0000000000000000        1.0018467969569878        1.0000000000000000        6.9400066739805622E-310
  0.13499233323965659        5.5936177129619262E-005   3.2576140535578446E-004   1.0000000000000000E-002   1.2000000000000000E-002   1.0018437931371591        0.0000000000000000        1.0018437931371591        1.0000000000000000        6.9400066739805622E-310
  0.14499192393776134        5.8922318705634050E-005   3.4315470147827654E-004   1.0000000000000000E-002   1.2000000000000000E-002   1.0018406181169284        0.0000000000000000        1.0018406181169284        1.0000000000000000        6.9400066739805622E-310
  0.15499154650548527        6.1675927405213248E-005   3.5919415083451867E-004   1.0000000000000000E-002   1.2000000000000000E-002   1.0018372844250789        0.0000000000000000        1.0018372844250789        1.0000000000000000        6.9400066739805622E-310
  0.16499120243249824        6.4186135676183611E-005   3.7381641714429037E-004   1.0000000000000000E-002   1.2000000000000000E-002   1.0018338052167044        0.0000000000000000        1.0018338052167044        1.0000000000000000        6.9400066739805622E-310
  0.17499089307685814        6.6443036605271441E-005   3.8696379806424375E-004   1.0000000000000000E-002   1.2000000000000000E-002   1.0018301942212284        0.0000000000000000        1.0018301942212284        1.0000000000000000        6.9400066739805622E-310
  0.18499061965965219        6.8437722649139417E-005   3.9858437959239268E-004   1.0000000000000000E-002   1.2000000000000000E-002   1.0018264656881211        0.0000000000000000        1.0018264656881211        1.0000000000000000        6.9400066739805622E-310
  0.19499038326017515        7.0162321259828862E-005   4.0863222710196823E-004   1.0000000000000000E-002   1.2000000000000000E-002   1.0018226343310124        0.0000000000000000        1.0018226343310124        1.0000000000000000        6.9400066739805622E-310
  0.20499018481166117        7.1610025521941548E-005   4.1706767886129370E-004   1.0000000000000000E-002   1.2000000000000000E-002   1.0018187152694897        0.0000000000000000        1.0018187152694897        1.0000000000000000        6.9400066739805622E-310
  0.21499002509760101        7.2775121477487243E-005   4.2385739190820004E-004   1.0000000000000000E-002   1.2000000000000000E-002   1.0018147239693047        0.0000000000000000        1.0018147239693047        1.0000000000000000        6.9400066739805622E-310
  0.22498990474864344        7.3653010219935583E-005   4.2897452205803432E-004   1.0000000000000000E-002   1.2000000000000000E-002   1.0018106761815191        0.0000000000000000        1.0018106761815191        1.0000000000000000        6.9400066739805622E-310
  0.23498982424010142        7.4240226286251151E-005   4.3239882542955854E-004   1.0000000000000000E-002   1.2000000000000000E-002   1.0018065878802822        0.0000000000000000        1.0018065878802822        1.0000000000000000        6.9400066739805622E-310
  0.24498978389007134        7.4534451258702526E-005   4.3411671898674342E-004   1.0000000000000000E-002   1.2000000000000000E-002   1.0018024751998893        0.0000000000000000        1.0018024751998893        1.0000000000000000        6.9400066739805622E-310
  0.25498978385816956        7.4534523381947484E-005   4.3412139040466258E-004   1.0000000000000000E-002   1.2000000000000000E-002   1.0017983543710167        0.0000000000000000        1.0017983543710167        1.0000000000000000        6.9400066739805622E-310
  0.26498982414489963        7.4240441382088953E-005   4.3241275291894254E-004   1.0000000000000000E-002   1.2000000000000000E-002   1.0017942416566485        0.0000000000000000        1.0017942416566485        1.0000000000000000        6.9400066739805622E-310
  0.27498990459164269        7.3653364921477348E-005   4.2899748730818033E-004   1.0000000000000000E-002   1.2000000000000000E-002   1.0017901532880551        0.0000000000000000        1.0017901532880551        1.0000000000000000        6.9400066739805622E-310
  0.28499002488127628        7.2775610270069119E-005   4.2388905130597010E-004   1.0000000000000000E-002   1.2000000000000000E-002   1.0017861054004993        0.0000000000000000        1.0017861054004993        1.0000000000000000        6.9400066739805622E-310
  0.29499018453942449        7.1610640818863130E-005   4.1710752424073405E-004   1.0000000000000000E-002   1.2000000000000000E-002   1.0017821139696643        0.0000000000000000        1.0017821139696643        1.0000000000000000        6.9400066739805622E-310
  0.30499038293632053        7.0163053164488381E-005   4.0867961907586903E-004   1.0000000000000000E-002   1.2000000000000000E-002   1.0017781947487592        0.0000000000000000        1.0017781947487592        1.0000000000000000        6.9400066739805622E-310
  0.31499061928928723        6.8438559552071464E-005   3.9863856226496353E-004   1.0000000000000000E-002   1.2000000000000000E-002   1.0017743632061324        0.0000000000000000        1.0017743632061324        1.0000000000000000        6.9400066739805622E-310
  0.32499089266582226        6.6443965341811886E-005   3.8702394602108114E-004   1.0000000000000000E-002   1.2000000000000000E-002   1.0017706344642165        0.0000000000000000        1.0017706344642165        1.0000000000000000        6.9400066739805622E-310
  0.33499120198727345        6.4187141728610172E-005   3.7388158902285085E-004   1.0000000000000000E-002   1.2000000000000000E-002   1.0017670232397569        0.0000000000000000        1.0017670232397569        1.0000000000000000        6.9400066739805622E-310
  0.34499154603309551        6.1676994909044876E-005   3.5926326719959434E-004   1.0000000000000000E-002   1.2000000000000000E-002   1.0017635437860490        0.0000000000000000        1.0017635437860490        1.0000000000000000        6.9400066739805622E-310
  0.35499192344565483        5.8923430726862297E-005   3.4322671292397189E-004   1.0000000000000000E-002   1.2000000000000000E-002   1.0017602098364231        0.0000000000000000        1.0017602098364231        1.0000000000000000        6.9400066739805622E-310
  0.36499233273559467        5.5937316114749323E-005   3.2583515976547517E-004   1.0000000000000000E-002   1.2000000000000000E-002   1.0017570345499323        0.0000000000000000        1.0017570345499323        1.0000000000000000        6.9400066739805622E-310
  0.37499277228770389        5.2730435699151649E-005   3.0715727470553844E-004   1.0000000000000000E-002   1.2000000000000000E-002   1.0017540304595094        0.0000000000000000        1.0017540304595094        1.0000000000000000        6.9400066739805622E-310
  0.38499324036729732        4.9315445583432325E-005   2.8726671797496550E-004   1.0000000000000000E-002   1.2000000000000000E-002   1.0017512094224947        0.0000000000000000        1.0017512094224947        1.0000000000000000        6.9400066739805622E-310
  0.39499373512705455        4.5705823217528647E-005   2.6624200431779599E-004   1.0000000000000000E-002   1.2000000000000000E-002   1.0017485825739947        0.0000000000000000        1.0017485825739947        1.0000000000000000        6.9400066739805622E-310
  0.40499425461431265        4.1915814182528323E-005   2.4416615426758881E-004   1.0000000000000000E-002   1.2000000000000000E-002   1.0017461602824806        0.0000000000000000        1.0017461602824806        1.0000000000000000        6.9400066739805622E-310
  0.41499479677877771        3.7960376264346573E-005   2.2112626995607343E-004   1.0000000000000000E-002   1.2000000000000000E-002   1.0017439521091023        0.0000000000000000        1.0017439521091023        1.0000000000000000        6.9400066739805622E-310
  0.42499535948061340        3.3855120095870443E-005   1.9721330810806847E-004   1.0000000000000000E-002   1.2000000000000000E-002   1.0017419667700640        0.0000000000000000        1.0017419667700640        1.0000000000000000        6.9400066739805622E-310
  0.43499594049888940        2.9616247623796355E-005   1.7252170042958426E-004   1.0000000000000000E-002   1.2000000000000000E-002   1.0017402121018850        0.0000000000000000        1.0017402121018850        1.0000000000000000        6.9400066739805622E-310
  0.44499653754035279        2.5260488562620680E-005   1.4714890277200965E-004   1.0000000000000000E-002   1.2000000000000000E-002   1.0017386950306033        0.0000000000000000        1.0017386950306033        1.0000000000000000        6.9400066739805622E-310
  0.45499714824847926        2.0805033550482635E-005   1.2119507685781628E-004   1.0000000000000000E-002   1.2000000000000000E-002   1.0017374215446111        0.0000000000000000        1.0017374215446111        1.0000000000000000        6.9400066739805622E-310
  0.46499777021277633        1.6267466694248549E-005   9.4762723469976606E-005   1.0000000000000000E-002   1.2000000000000000E-002   1.0017363966707655        0.0000000000000000        1.0017363966707655        1.0000000000000000        6.9400066739805622E-310
  0.47499840097830387        1.1665696764956459E-005   6.7956217922215956E-005   1.0000000000000000E-002   1.2000000000000000E-002   1.0017356244544018        0.0000000000000000        1.0017356244544018        1.0000000000000000        6.9400066739805622E-310
  0.48499903805537015        7.0178855966559898E-006   4.0881340528819976E-005   1.0000000000000000E-002   1.2000000000000000E-002   1.0017351079438073        0.0000000000000000        1.0017351079438073        1.0000000000000000        6.9400066739805622E-310
  0.49499967892935426        2.3423768698091736E-006   1.3645071157419864E-005   1.0000000000000000E-002   1.2000000000000000E-002   1.0017348491778832        0.0000000000000000        1.0017348491778832        1.0000000000000000        6.9400066739805622E-310
  0.50500032107064563       -2.3423768698464566E-006  -1.3645066236911418E-005   1.0000000000000000E-002   1.2000000000000000E-002   1.0017348491778528        0.0000000000000000        1.0017348491778528        1.0000000000000000        6.9400066739805622E-310
  0.51500096194463063       -7.0178855779456130E-006  -4.0881361643485548E-005   1.0000000000000000E-002   1.2000000000000000E-002   1.0017351079438608        0.0000000000000000        1.0017351079438608        1.0000000000000000        6.9400066739805622E-310
  0.52500159902169474       -1.1665696820749679E-005  -6.7956188574136434E-005   1.0000000000000000E-002   1.2000000000000000E-002   1.0017356244544189        0.0000000000000000        1.0017356244544189        1.0000000000000000        6.9400066739805622E-310
  0.53500222978722400       -1.6267466749742323E-005  -9.4762734991427067E-005   1.0000000000000000E-002   1.2000000000000000E-002   1.0017363966706936        0.0000000000000000        1.0017363966706936        1.0000000000000000        6.9400066739805622E-310
  0.54500285175152119       -2.0805033383040037E-005  -1.2119509270203110E-004   1.0000000000000000E-002   1.2000000000000000E-002   1.0017374215446724        0.0000000000000000        1.0017374215446724        1.0000000000000000        6.9400066739805622E-310
  0.55500346245964605       -2.5260488556012607E-005  -1.4714888267786108E-004   1.0000000000000000E-002   1.2000000000000000E-002   1.0017386950306395        0.0000000000000000        1.0017386950306395        1.0000000000000000        6.9400066739805622E-310
  0.56500405950111021       -2.9616247735339129E-005  -1.7252169849868437E-004   1.0000000000000000E-002   1.2000000000000000E-002   1.0017402121018217        0.0000000000000000        1.0017402121018217        1.0000000000000000        6.9400066739805622E-310
  0.57500464051938693       -3.3855120024708271E-005  -1.9721331932398556E-004   1.0000000000000000E-002   1.2000000000000000E-002   1.0017419667700451        0.0000000000000000        1.0017419667700451        1.0000000000000000        6.9400066739805622E-310
  0.58500520322122229       -3.7960376408844302E-005  -2.2112627139403429E-004   1.0000000000000000E-002   1.2000000000000000E-002   1.0017439521091409        0.0000000000000000        1.0017439521091409        1.0000000000000000        6.9400066739805622E-310
  0.59500574538568674       -4.1915814018844804E-005  -2.4416614411659765E-004   1.0000000000000000E-002   1.2000000000000000E-002   1.0017461602824775        0.0000000000000000        1.0017461602824775        1.0000000000000000        6.9400066739805622E-310
  0.60500626487294562       -4.5705823294415386E-005  -2.6624201824532179E-004   1.0000000000000000E-002   1.2000000000000000E-002   1.0017485825740069        0.0000000000000000        1.0017485825740069        1.0000000000000000        6.9400066739805622E-310
  0.61500675963270190       -4.9315445646674617E-005  -2.8726671302070628E-004   1.0000000000000000E-002   1.2000000000000000E-002   1.0017512094225556        0.0000000000000000        1.0017512094225556        1.0000000000000000        6.9400066739805622E-310
  0.62500722771229478       -5.2730435602863870E-005  -3.0715725670393823E-004   1.0000000000000000E-002   1.2000000000000000E-002   1.0017540304594577        0.0000000000000000        1.0017540304594577        1.0000000000000000        6.9400066739805622E-310
  0.63500766726440583       -5.5937316143906989E-005  -3.2583518327555794E-004   1.0000000000000000E-002   1.2000000000000000E-002   1.0017570345499101        0.0000000000000000        1.0017570345499101        1.0000000000000000        6.9400066739805622E-310
  0.64500807655434433       -5.8923430771366587E-005  -3.4322670442588077E-004   1.0000000000000000E-002   1.2000000000000000E-002   1.0017602098364689        0.0000000000000000        1.0017602098364689        1.0000000000000000        6.9400066739805622E-310
  0.65500845396690388       -6.1676994847732714E-005  -3.5926326619506455E-004   1.0000000000000000E-002   1.2000000000000000E-002   1.0017635437860468        0.0000000000000000        1.0017635437860468        1.0000000000000000        6.9400066739805622E-310
  0.66500879801272583       -6.4187141737779256E-005  -3.7388158546480810E-004   1.0000000000000000E-002   1.2000000000000000E-002   1.0017670232397380        0.0000000000000000        1.0017670232397380        1.0000000000000000        6.9400066739805622E-310
  0.67500910733417752       -6.6443965447664265E-005  -3.8702394792267114E-004   1.0000000000000000E-002   1.2000000000000000E-002   1.0017706344641926        0.0000000000000000        1.0017706344641926        1.0000000000000000        6.9400066739805622E-310
  0.68500938071071249       -6.8438559472655484E-005  -3.9863855824595618E-004   1.0000000000000000E-002   1.2000000000000000E-002   1.0017743632060954        0.0000000000000000        1.0017743632060954        1.0000000000000000        6.9400066739805622E-310
  0.69500961706368014       -7.0163053146017710E-005  -4.0867964050494976E-004   1.0000000000000000E-002   1.2000000000000000E-002   1.0017781947487989        0.0000000000000000        1.0017781947487989        1.0000000000000000        6.9400066739805622E-310
  0.70500981546057440       -7.1610640795941768E-005  -4.1710751012136171E-004   1.0000000000000000E-002   1.2000000000000000E-002   1.0017821139697418        0.0000000000000000        1.0017821139697418        1.0000000000000000        6.9400066739805622E-310
  0.71500997511872255       -7.2775610225610812E-005  -4.2388903597956329E-004   1.0000000000000000E-002   1.2000000000000000E-002   1.0017861054004400        0.0000000000000000        1.0017861054004400        1.0000000000000000        6.9400066739805622E-310
  0.72501009540835759       -7.3653365099601547E-005  -4.2899750033242867E-004   1.0000000000000000E-002   1.2000000000000000E-002   1.0017901532879858        0.0000000000000000        1.0017901532879858        1.0000000000000000        6.9400066739805622E-310
  0.73501017585510076       -7.4240441297708331E-005  -4.3241276049688082E-004   1.0000000000000000E-002   1.2000000000000000E-002   1.0017942416566785        0.0000000000000000        1.0017942416566785        1.0000000000000000        6.9400066739805622E-310
  0.74501021614182983       -7.4534523353476402E-005  -4.3412137306564347E-004   1.0000000000000000E-002   1.2000000000000000E-002   1.0017983543709934        0.0000000000000000        1.0017983543709934        1.0000000000000000        6.9400066739805622E-310
  0.75501021610992969       -7.4534451211827967E-005  -4.3411674522619847E-004   1.0000000000000000E-002   1.2000000000000000E-002   1.0018024751999091        0.0000000000000000        1.0018024751999091        1.0000000000000000        6.9400066739805622E-310
  0.76501017575989760       -7.4240226279639903E-005  -4.3239880935086461E-004   1.0000000000000000E-002   1.2000000000000000E-002   1.0018065878803526        0.0000000000000000        1.0018065878803526        1.0000000000000000        6.9400066739805622E-310
  0.77501009525135589       -7.3653010180403335E-005  -4.2897451226409089E-004   1.0000000000000000E-002   1.2000000000000000E-002   1.0018106761814685        0.0000000000000000        1.0018106761814685        1.0000000000000000        6.9400066739805622E-310
  0.78500997490239921       -7.2775121480510771E-005  -4.2385739910333342E-004   1.0000000000000000E-002   1.2000000000000000E-002   1.0018147239692439        0.0000000000000000        1.0018147239692439        1.0000000000000000        6.9400066739805622E-310
  0.79500981518833957       -7.1610025602999877E-005  -4.1706769794735976E-004   1.0000000000000000E-002   1.2000000000000000E-002   1.0018187152695468        0.0000000000000000        1.0018187152695468        1.0000000000000000        6.9400066739805622E-310
  0.80500961673982374       -7.0162321364354219E-005  -4.0863220755671392E-004   1.0000000000000000E-002   1.2000000000000000E-002   1.0018226343310663        0.0000000000000000        1.0018226343310663        1.0000000000000000        6.9400066739805622E-310
  0.81500938034034731       -6.8437722607560779E-005  -3.9858437361584009E-004   1.0000000000000000E-002   1.2000000000000000E-002   1.0018264656880613        0.0000000000000000        1.0018264656880613        1.0000000000000000        6.9400066739805622E-310
  0.82500910692314211       -6.6443036586333085E-005  -3.8696380363756333E-004   1.0000000000000000E-002   1.2000000000000000E-002   1.0018301942211658        0.0000000000000000        1.0018301942211658        1.0000000000000000        6.9400066739805622E-310
  0.83500879756750268       -6.4186135674533862E-005  -3.7381643421596777E-004   1.0000000000000000E-002   1.2000000000000000E-002   1.0018338052167459        0.0000000000000000        1.0018338052167459        1.0000000000000000        6.9400066739805622E-310
  0.84500845349451392       -6.1675927380240169E-005  -3.5919412805096584E-004   1.0000000000000000E-002   1.2000000000000000E-002   1.0018372844250925        0.0000000000000000        1.0018372844250925        1.0000000000000000        6.9400066739805622E-310
  0.85500807606223928       -5.8922318754158603E-005  -3.4315471326529234E-004   1.0000000000000000E-002   1.2000000000000000E-002   1.0018406181168900        0.0000000000000000        1.0018406181168900        1.0000000000000000        6.9400066739805622E-310
  0.86500766676034357       -5.5936177046495229E-005  -3.2576140424644962E-004   1.0000000000000000E-002   1.2000000000000000E-002   1.0018437931371791        0.0000000000000000        1.0018437931371791        1.0000000000000000        6.9400066739805622E-310
  0.87500722720422697       -5.2729287765565564E-005  -3.0708290523318027E-004   1.0000000000000000E-002   1.2000000000000000E-002   1.0018467969569680        0.0000000000000000        1.0018467969569680        1.0000000000000000        6.9400066739805622E-310
  0.88500675912864146       -4.9314306593103135E-005  -2.8719297021950752E-004   1.0000000000000000E-002   1.2000000000000000E-002   1.0018496177233909        0.0000000000000000        1.0018496177233909        1.0000000000000000        6.9400066739805622E-310
  0.89500626438083952       -4.5704711138285033E-005  -2.6616999409778686E-004   1.0000000000000000E-002   1.2000000000000000E-002   1.0018522443056723        0.0000000000000000        1.0018522443056723        1.0000000000000000        6.9400066739805622E-310
  0.90500574491329777       -4.1914746705332676E-005  -2.4409702669903055E-004   1.0000000000000000E-002   1.2000000000000000E-002   1.0018546663393639        0.0000000000000000        1.0018546663393639        1.0000000000000000        6.9400066739805622E-310
  0.91500520277599873       -3.7959370153296232E-005  -2.2106111249087235E-004   1.0000000000000000E-002   1.2000000000000000E-002   1.0018568742674188        0.0000000000000000        1.0018568742674188        1.0000000000000000        6.9400066739805622E-310
  0.92500464010835148       -3.3854191272425698E-005  -1.9715316843438302E-004   1.0000000000000000E-002   1.2000000000000000E-002   1.0018588593775837        0.0000000000000000        1.0018588593775837        1.0000000000000000        6.9400066739805622E-310
  0.93500405913074469       -2.9615410887954083E-005  -1.7246749037713727E-004   1.0000000000000000E-002   1.2000000000000000E-002   1.0018606138368624        0.0000000000000000        1.0018606138368624        1.0000000000000000        6.9400066739805622E-310
  0.94500346213579345       -2.5259756721443119E-005  -1.4710152775343488E-004   1.0000000000000000E-002   1.2000000000000000E-002   1.0018621307225823        0.0000000000000000        1.0018621307225823        1.0000000000000000        6.9400066739805622E-310
  0.95500285147928421       -2.0804418233278484E-005  -1.2115523493871905E-004   1.0000000000000000E-002   1.2000000000000000E-002   1.0018634040492842        0.0000000000000000        1.0018634040492842        1.0000000000000000        6.9400066739805622E-310
  0.96500222957089876       -1.6266978003733381E-005  -9.4731070829467967E-005   1.0000000000000000E-002   1.2000000000000000E-002   1.0018644287925207        0.0000000000000000        1.0018644287925207        1.0000000000000000        6.9400066739805622E-310
  0.97500159886469362       -1.1665342037026236E-005  -6.7933229811245610E-005   1.0000000000000000E-002   1.2000000000000000E-002   1.0018652009090481        0.0000000000000000        1.0018652009090481        1.0000000000000000        6.9400066739805622E-310
  0.98500096184942731       -7.0176704360008865E-006  -4.0867409540013000E-005   1.0000000000000000E-002   1.2000000000000000E-002   1.0018657173521603        0.0000000000000000        1.0018657173521603        1.0000000000000000        6.9400066739805622E-310
  0.99500032103874458       -2.3423046593816846E-006  -1.3640418282889755E-005   1.0000000000000000E-002   1.2000000000000000E-002   1.0018659760841839        0.0000000000000000        1.0018659760841839        1.0000000000000000        6.9400066739805622E-310
   1.0049996789612559        2.3423087527611806E-006   1.3877617328184044E-005   1.0000000000000000E-002   1.2000000000000000E-002   1.0018659760842485        0.0000000000000000        1.0018659760842485        1.0000000000000000        6.9400066739805622E-310
   1.0149990381505716        7.0176826718419678E-006   4.1578126720231978E-005   1.0000000000000000E-002   1.2000000000000000E-002   1.0018657173521921        0.0000000000000000        1.0018657173521921        1.0000000000000000        6.9400066739805622E-310
   1.0249984011353062        1.1665362322607431E-005   6.9114608563403124E-005   1.0000000000000000E-002   1.2000000000000000E-002   1.0018652009090243        0.0000000000000000        1.0018652009090243        1.0000000000000000        6.9400066739805622E-310
   1.0349977704291007        1.6267006207452133E-005   9.6378486216686099E-005   1.0000000000000000E-002   1.2000000000000000E-002   1.0018644287924920        0.0000000000000000        1.0018644287924920        1.0000000000000000        6.9400066739805622E-310
   1.0449971485207159        2.0804454501227187E-005   1.2326216865332640E-004   1.0000000000000000E-002   1.2000000000000000E-002   1.0018634040491738        0.0000000000000000        1.0018634040491738        1.0000000000000000        6.9400066739805622E-310
  -4.9996789612554160E-003  -2.3425893124049703E-006  -3.5767633061438002E+077   1.0000000000000000E-002   1.2000000000000000E-002   1.0018659760841839        0.0000000000000000        1.0018659760841839        1.0000000000000000        6.9400066739805622E-310
  -1.4999038150572686E-002  -7.0185232749395562E-006   0.0000000000000000        1.0000000000000000E-002   1.2000000000000000E-002   1.0018657173521603        0.0000000000000000        1.0018657173521603        1.0000000000000000        6.9400066739805622E-310
  -2.4998401135306381E-002  -1.1666759698235994E-005  -3.5767633061438002E+077   1.0000000000000000E-002   1.2000000000000000E-002   1.0018652009090481        0.0000000000000000        1.0018652009090481        1.0000000000000000        6.9400066739805622E-310
  -3.4997770429101238E-002  -1.6268954897652345E-005   6.9400068546417920E-310   1.0000000000000000E-002   1.2000000000000000E-002   1.0018644287925207        0.0000000000000000        1.0018644287925207        1.0000000000000000        6.9400066739805622E-310
  -4.4997148520715791E-002  -2.0806946539832469E-005   6.9400066883177543E-310   1.0000000000000000E-002   1.2000000000000000E-002   1.0018634040492842        0.0000000000000000        1.0018634040492842        1.0000000000000000        6.9400066739805622E-310
