 # x, v, a, m, h, rho, u, P, c, ke
   4.6512000000000535     
   4.9995715362050313E-003   1.4370404367696867E-006   1.8199326656365145E-005   1.0000000000000000E-002   1.2000000000000000E-002   1.0018879170854649        0.0000000000000000        1.0018879170854649        1.0000000000000000        6.9400066739805622E-310
   1.4998716298798615E-002   4.3054435443916535E-006   5.4526315937941661E-005   1.0000000000000000E-002   1.2000000000000000E-002   1.0018875718667515        0.0000000000000000        1.0018875718667515        1.0000000000000000        6.9400066739805622E-310
   2.4997866125286577E-002   7.1568346327869157E-006   9.0638450870983434E-005   1.0000000000000000E-002   1.2000000000000000E-002   1.0018868827899869        0.0000000000000000        1.0018868827899869        1.0000000000000000        6.9400066739805622E-310
   3.4997024369427802E-002   9.9799484414840910E-006   1.2639348652676574E-004   1.0000000000000000E-002   1.2000000000000000E-002   1.0018858525712682        0.0000000000000000        1.0018858525712682        1.0000000000000000        6.9400066739805622E-310
   4.4996194351822387E-002   1.2763630873669148E-005   1.6165050526151248E-004   1.0000000000000000E-002   1.2000000000000000E-002   1.0018844852713844        0.0000000000000000        1.0018844852713844        1.0000000000000000        6.9400066739805622E-310
   5.4995379346822221E-002   1.5496883470650836E-005   1.9627066347371880E-004   1.0000000000000000E-002   1.2000000000000000E-002   1.0018827862796500        0.0000000000000000        1.0018827862796500        1.0000000000000000        6.9400066739805622E-310
   6.4994582569641121E-002   1.8168909695741041E-005   2.3011747471990418E-004   1.0000000000000000E-002   1.2000000000000000E-002   1.0018807622927621        0.0000000000000000        1.0018807622927621        1.0000000000000000        6.9400066739805622E-310
   7.4993807163679121E-002   2.0769153643532047E-005   2.6305747955923664E-004   1.0000000000000000E-002   1.2000000000000000E-002   1.0018784212892495        0.0000000000000000        1.0018784212892495        1.0000000000000000        6.9400066739805622E-310
   8.4993056188126762E-002   2.3287345083463885E-005   2.9496093227088238E-004   1.0000000000000000E-002   1.2000000000000000E-002   1.0018757724973504        0.0000000000000000        1.0018757724973504        1.0000000000000000        6.9400066739805622E-310
   9.4992332605921201E-002   2.5713539079211415E-005   3.2570197949066682E-004   1.0000000000000000E-002   1.2000000000000000E-002   1.0018728263589050        0.0000000000000000        1.0018728263589050        1.0000000000000000        6.9400066739805622E-310
  0.10499163927205310        2.8038154228766282E-005   3.5515947507480661E-004   1.0000000000000000E-002   1.2000000000000000E-002   1.0018695944884317        0.0000000000000000        1.0018695944884317        1.0000000000000000        6.9400066739805622E-310
  0.11499097892232135        3.0252012900622632E-005   3.8321719080869343E-004   1.0000000000000000E-002   1.2000000000000000E-002   1.0018660896273521        0.0000000000000000        1.0018660896273521        1.0000000000000000        6.9400066739805622E-310
  0.12499035416253439        3.2346374671825085E-005   4.0976449688301386E-004   1.0000000000000000E-002   1.2000000000000000E-002   1.0018623255940098        0.0000000000000000        1.0018623255940098        1.0000000000000000        6.9400066739805622E-310
  0.13498976745824021        3.4312973714514210E-005   4.3469656082795183E-004   1.0000000000000000E-002   1.2000000000000000E-002   1.0018583172294346        0.0000000000000000        1.0018583172294346        1.0000000000000000        6.9400066739805622E-310
  0.14498922112498711        3.6144049584454081E-005   4.5791499025416016E-004   1.0000000000000000E-002   1.2000000000000000E-002   1.0018540803392271        0.0000000000000000        1.0018540803392271        1.0000000000000000        6.9400066739805622E-310
  0.15498871731918637        3.7832378066956098E-005   4.7932815987916655E-004   1.0000000000000000E-002   1.2000000000000000E-002   1.0018496316307266        0.0000000000000000        1.0018496316307266        1.0000000000000000        6.9400066739805622E-310
  0.16498825802960404        3.9371300705389781E-005   4.9885143643813024E-004   1.0000000000000000E-002   1.2000000000000000E-002   1.0018449886476815        0.0000000000000000        1.0018449886476815        1.0000000000000000        6.9400066739805622E-310
  0.17498784506949647        4.0754748909541095E-005   5.1640772719885319E-004   1.0000000000000000E-002   1.2000000000000000E-002   1.0018401697011317        0.0000000000000000        1.0018401697011317        1.0000000000000000        6.9400066739805622E-310
  0.18498748006945390        4.1977270514239123E-005   5.3192752526509679E-004   1.0000000000000000E-002   1.2000000000000000E-002   1.0018351937975067        0.0000000000000000        1.0018351937975067        1.0000000000000000        6.9400066739805622E-310
  0.19498716447094064        4.3034049814040406E-005   5.4534944821416076E-004   1.0000000000000000E-002   1.2000000000000000E-002   1.0018300805640334        0.0000000000000000        1.0018300805640334        1.0000000000000000        6.9400066739805622E-310
  0.20498689952059390        4.3920924858624241E-005   5.5662043437010311E-004   1.0000000000000000E-002   1.2000000000000000E-002   1.0018248501705969        0.0000000000000000        1.0018248501705969        1.0000000000000000        6.9400066739805622E-310
  0.21498668626529549        4.4634407202779857E-005   5.6569574710430004E-004   1.0000000000000000E-002   1.2000000000000000E-002   1.0018195232506624        0.0000000000000000        1.0018195232506624        1.0000000000000000        6.9400066739805622E-310
  0.22498652554801493        4.5171692309487121E-005   5.7253927904277191E-004   1.0000000000000000E-002   1.2000000000000000E-002   1.0018141208207307        0.0000000000000000        1.0018141208207307        1.0000000000000000        6.9400066739805622E-310
  0.23498641800445239        4.5530672427363404E-005   5.7712390418451776E-004   1.0000000000000000E-002   1.2000000000000000E-002   1.0018086641967419        0.0000000000000000        1.0018086641967419        1.0000000000000000        6.9400066739805622E-310
  0.24498636406051974        4.5709943330462083E-005   5.7943130402016152E-004   1.0000000000000000E-002   1.2000000000000000E-002   1.0018031749095939        0.0000000000000000        1.0018031749095939        1.0000000000000000        6.9400066739805622E-310
  0.25498636393063823        4.5708811287470353E-005   5.7945199483011578E-004   1.0000000000000000E-002   1.2000000000000000E-002   1.0017976746213857        0.0000000000000000        1.0017976746213857        1.0000000000000000        6.9400066739805622E-310
  0.26498641761685204        4.5527294258996665E-005   5.7718574456444571E-004   1.0000000000000000E-002   1.2000000000000000E-002   1.0017921850395624        0.0000000000000000        1.0017921850395624        1.0000000000000000        6.9400066739805622E-310
  0.27498652490880765        4.5166121304647636E-005   5.7264130043233052E-004   1.0000000000000000E-002   1.2000000000000000E-002   1.0017867278303803        0.0000000000000000        1.0017867278303803        1.0000000000000000        6.9400066739805622E-310
  0.28498668538456512        4.4626731399594843E-005   5.6583624826522794E-004   1.0000000000000000E-002   1.2000000000000000E-002   1.0017813245343792        0.0000000000000000        1.0017813245343792        1.0000000000000000        6.9400066739805622E-310
  0.29498689841222608        4.3911265273309199E-005   5.5679728725444022E-004   1.0000000000000000E-002   1.2000000000000000E-002   1.0017759964811894        0.0000000000000000        1.0017759964811894        1.0000000000000000        6.9400066739805622E-310
  0.30498716315241381        4.3022558472579409E-005   5.4555990426941037E-004   1.0000000000000000E-002   1.2000000000000000E-002   1.0017707647045708        0.0000000000000000        1.0017707647045708        1.0000000000000000        6.9400066739805622E-310
  0.31498747856156889        4.1964129083941005E-005   5.3216812614476083E-004   1.0000000000000000E-002   1.2000000000000000E-002   1.0017656498602709        0.0000000000000000        1.0017656498602709        1.0000000000000000        6.9400066739805622E-310
  0.32498784339603193        4.0740164115888806E-005   5.1667472752292554E-004   1.0000000000000000E-002   1.2000000000000000E-002   1.0017606721439913        0.0000000000000000        1.0017606721439913        1.0000000000000000        6.9400066739805622E-310
  0.33498825621694828        3.9355502830523833E-005   4.9914069018797136E-004   1.0000000000000000E-002   1.2000000000000000E-002   1.0017558512110047        0.0000000000000000        1.0017558512110047        1.0000000000000000        6.9400066739805622E-310
  0.34498871539592763        3.7815616327520876E-005   4.7963505636960946E-004   1.0000000000000000E-002   1.2000000000000000E-002   1.0017512060990201        0.0000000000000000        1.0017512060990201        1.0000000000000000        6.9400066739805622E-310
  0.35498921912145670        3.6126588166905797E-005   4.5823468978145598E-004   1.0000000000000000E-002   1.2000000000000000E-002   1.0017467551528851        0.0000000000000000        1.0017467551528851        1.0000000000000000        6.9400066739805622E-310
  0.36498976540603445        3.4295088421393826E-005   4.3502403886996888E-004   1.0000000000000000E-002   1.2000000000000000E-002   1.0017425159515148        0.0000000000000000        1.0017425159515148        1.0000000000000000        6.9400066739805622E-310
  0.37499035209401993        3.2328347070934783E-005   4.1009452498208532E-004   1.0000000000000000E-002   1.2000000000000000E-002   1.0017385052389411        0.0000000000000000        1.0017385052389411        1.0000000000000000        6.9400066739805622E-310
  0.38499097687011469        3.0234127224722306E-005   3.8354467081269661E-004   1.0000000000000000E-002   1.2000000000000000E-002   1.0017347388575890        0.0000000000000000        1.0017347388575890        1.0000000000000000        6.9400066739805622E-310
  0.39499163726852105        2.8020692950995334E-005   3.5547918910960874E-004   1.0000000000000000E-002   1.2000000000000000E-002   1.0017312316852793        0.0000000000000000        1.0017312316852793        1.0000000000000000        6.9400066739805622E-310
  0.40499233068266111        2.5696777325593127E-005   3.2600889420120183E-004   1.0000000000000000E-002   1.2000000000000000E-002   1.0017279975770130        0.0000000000000000        1.0017279975770130        1.0000000000000000        6.9400066739805622E-310
  0.41499305437547263        2.3271547629325386E-005   2.9525015220244200E-004   1.0000000000000000E-002   1.2000000000000000E-002   1.0017250493097012        0.0000000000000000        1.0017250493097012        1.0000000000000000        6.9400066739805622E-310
  0.42499380549021459        2.0754569042984999E-005   2.6332451009025704E-004   1.0000000000000000E-002   1.2000000000000000E-002   1.0017223985313957        0.0000000000000000        1.0017223985313957        1.0000000000000000        6.9400066739805622E-310
  0.43499458106175820        1.8155767772251169E-005   2.3035807327076441E-004   1.0000000000000000E-002   1.2000000000000000E-002   1.0017200557150820        0.0000000000000000        1.0017200557150820        1.0000000000000000        6.9400066739805622E-310
  0.44499537802830008        1.5485392398937289E-005   1.9648104453384718E-004   1.0000000000000000E-002   1.2000000000000000E-002   1.0017180301177295        0.0000000000000000        1.0017180301177295        1.0000000000000000        6.9400066739805622E-310
  0.45499619324345292        1.2753970787059994E-005   1.6182740111680971E-004   1.0000000000000000E-002   1.2000000000000000E-002   1.0017163297429561        0.0000000000000000        1.0017163297429561        1.0000000000000000        6.9400066739805622E-310
  0.46499702348869509        9.9722728179926457E-006   1.2653402459772423E-004   1.0000000000000000E-002   1.2000000000000000E-002   1.0017149613094551        0.0000000000000000        1.0017149613094551        1.0000000000000000        6.9400066739805622E-310
  0.47499786548607903        7.1512638691625843E-006   9.0740463551952644E-005   1.0000000000000000E-002   1.2000000000000000E-002   1.0017139302245415        0.0000000000000000        1.0017139302245415        1.0000000000000000        6.9400066739805622E-310
  0.48499871591119997        4.3020653370692507E-006   5.4588113576059527E-005   1.0000000000000000E-002   1.2000000000000000E-002   1.0017132405628131        0.0000000000000000        1.0017132405628131        1.0000000000000000        6.9400066739805622E-310
  0.49499957140632167        1.4359085965907637E-006   1.8220074636587924E-005   1.0000000000000000E-002   1.2000000000000000E-002   1.0017128950493674        0.0000000000000000        1.0017128950493674        1.0000000000000000        6.9400066739805622E-310
  0.50500042859367711       -1.4359085237593995E-006  -1.8220026443138693E-005   1.0000000000000000E-002   1.2000000000000000E-002   1.0017128950491412        0.0000000000000000        1.0017128950491412        1.0000000000000000        6.9400066739805622E-310
  0.51500128408880430       -4.3020654151604207E-006  -5.4588185993686977E-005   1.0000000000000000E-002   1.2000000000000000E-002   1.0017132405627107        0.0000000000000000        1.0017132405627107        1.0000000000000000        6.9400066739805622E-310
  0.52500213451392208       -7.1512639063403173E-006  -9.0740462918681430E-005   1.0000000000000000E-002   1.2000000000000000E-002   1.0017139302247620        0.0000000000000000        1.0017139302247620        1.0000000000000000        6.9400066739805622E-310
  0.53500297651130402       -9.9722726476520381E-006  -1.2653399506490359E-004   1.0000000000000000E-002   1.2000000000000000E-002   1.0017149613095282        0.0000000000000000        1.0017149613095282        1.0000000000000000        6.9400066739805622E-310
  0.54500380675654680       -1.2753970783574818E-005  -1.6182739517134337E-004   1.0000000000000000E-002   1.2000000000000000E-002   1.0017163297428808        0.0000000000000000        1.0017163297428808        1.0000000000000000        6.9400066739805622E-310
  0.55500462197170086       -1.5485392595494791E-005  -1.9648106513248109E-004   1.0000000000000000E-002   1.2000000000000000E-002   1.0017180301177164        0.0000000000000000        1.0017180301177164        1.0000000000000000        6.9400066739805622E-310
  0.56500541893824185       -1.8155768027123668E-005  -2.3035807623461579E-004   1.0000000000000000E-002   1.2000000000000000E-002   1.0017200557151751        0.0000000000000000        1.0017200557151751        1.0000000000000000        6.9400066739805622E-310
  0.57500619450978419       -2.0754568811067090E-005  -2.6332448801635877E-004   1.0000000000000000E-002   1.2000000000000000E-002   1.0017223985314001        0.0000000000000000        1.0017223985314001        1.0000000000000000        6.9400066739805622E-310
  0.58500694562452737       -2.3271547429443696E-005  -2.9525015649678465E-004   1.0000000000000000E-002   1.2000000000000000E-002   1.0017250493096257        0.0000000000000000        1.0017250493096257        1.0000000000000000        6.9400066739805622E-310
  0.59500766931733939       -2.5696777464841566E-005  -3.2600890277834083E-004   1.0000000000000000E-002   1.2000000000000000E-002   1.0017279975769973        0.0000000000000000        1.0017279975769973        1.0000000000000000        6.9400066739805622E-310
  0.60500836273147918       -2.8020692902777780E-005  -3.5547918317302418E-004   1.0000000000000000E-002   1.2000000000000000E-002   1.0017312316852780        0.0000000000000000        1.0017312316852780        1.0000000000000000        6.9400066739805622E-310
  0.61500902312988570       -3.0234127614160256E-005  -3.8354466713652613E-004   1.0000000000000000E-002   1.2000000000000000E-002   1.0017347388575348        0.0000000000000000        1.0017347388575348        1.0000000000000000        6.9400066739805622E-310
  0.62500964790598168       -3.2328346650237574E-005  -4.1009455251650451E-004   1.0000000000000000E-002   1.2000000000000000E-002   1.0017385052390033        0.0000000000000000        1.0017385052390033        1.0000000000000000        6.9400066739805622E-310
  0.63501023459396444       -3.4295088375482635E-005  -4.3502400386419282E-004   1.0000000000000000E-002   1.2000000000000000E-002   1.0017425159515418        0.0000000000000000        1.0017425159515418        1.0000000000000000        6.9400066739805622E-310
  0.64501078087854424       -3.6126588221830700E-005  -4.5823470261829868E-004   1.0000000000000000E-002   1.2000000000000000E-002   1.0017467551528052        0.0000000000000000        1.0017467551528052        1.0000000000000000        6.9400066739805622E-310
  0.65501128460407321       -3.7815616574241448E-005  -4.7963506147752355E-004   1.0000000000000000E-002   1.2000000000000000E-002   1.0017512060990323        0.0000000000000000        1.0017512060990323        1.0000000000000000        6.9400066739805622E-310
  0.66501174378305217       -3.9355502478167065E-005  -4.9914067711309684E-004   1.0000000000000000E-002   1.2000000000000000E-002   1.0017558512109797        0.0000000000000000        1.0017558512109797        1.0000000000000000        6.9400066739805622E-310
  0.67501215660396940       -4.0740164323288605E-005  -5.1667473827166077E-004   1.0000000000000000E-002   1.2000000000000000E-002   1.0017606721439440        0.0000000000000000        1.0017606721439440        1.0000000000000000        6.9400066739805622E-310
  0.68501252143843294       -4.1964129171148150E-005  -5.3216815958556651E-004   1.0000000000000000E-002   1.2000000000000000E-002   1.0017656498604375        0.0000000000000000        1.0017656498604375        1.0000000000000000        6.9400066739805622E-310
  0.69501283684758364       -4.3022558335512693E-005  -5.4555984501902799E-004   1.0000000000000000E-002   1.2000000000000000E-002   1.0017707647046139        0.0000000000000000        1.0017707647046139        1.0000000000000000        6.9400066739805622E-310
  0.70501310158777486       -4.3911265401947320E-005  -5.5679731378788233E-004   1.0000000000000000E-002   1.2000000000000000E-002   1.0017759964810788        0.0000000000000000        1.0017759964810788        1.0000000000000000        6.9400066739805622E-310
  0.71501331461543505       -4.4626731109645070E-005  -5.6583624802897248E-004   1.0000000000000000E-002   1.2000000000000000E-002   1.0017813245344076        0.0000000000000000        1.0017813245344076        1.0000000000000000        6.9400066739805622E-310
  0.72501347509119229       -4.5166121631968956E-005  -5.7264128824474625E-004   1.0000000000000000E-002   1.2000000000000000E-002   1.0017867278303372        0.0000000000000000        1.0017867278303372        1.0000000000000000        6.9400066739805622E-310
  0.73501358238314929       -4.5527294292001568E-005  -5.7718577984910979E-004   1.0000000000000000E-002   1.2000000000000000E-002   1.0017921850396208        0.0000000000000000        1.0017921850396208        1.0000000000000000        6.9400066739805622E-310
  0.74501363606936077       -4.5708811270882006E-005  -5.7945199952236237E-004   1.0000000000000000E-002   1.2000000000000000E-002   1.0017976746216362        0.0000000000000000        1.0017976746216362        1.0000000000000000        6.9400066739805622E-310
  0.75501363593947590       -4.5709943521333389E-005  -5.7943124733483842E-004   1.0000000000000000E-002   1.2000000000000000E-002   1.0018031749095992        0.0000000000000000        1.0018031749095992        1.0000000000000000        6.9400066739805622E-310
  0.76501358199554670       -4.5530672317051362E-005  -5.7712392724518224E-004   1.0000000000000000E-002   1.2000000000000000E-002   1.0018086641965940        0.0000000000000000        1.0018086641965940        1.0000000000000000        6.9400066739805622E-310
  0.77501347445198410       -4.5171691924350713E-005  -5.7253927988476505E-004   1.0000000000000000E-002   1.2000000000000000E-002   1.0018141208207003        0.0000000000000000        1.0018141208207003        1.0000000000000000        6.9400066739805622E-310
  0.78501331373470373       -4.4634407190350556E-005  -5.6569572489628683E-004   1.0000000000000000E-002   1.2000000000000000E-002   1.0018195232505231        0.0000000000000000        1.0018195232505231        1.0000000000000000        6.9400066739805622E-310
  0.79501310047940799       -4.3920924775552258E-005  -5.5662044597504234E-004   1.0000000000000000E-002   1.2000000000000000E-002   1.0018248501704201        0.0000000000000000        1.0018248501704201        1.0000000000000000        6.9400066739805622E-310
  0.80501283552906233       -4.3034050109131425E-005  -5.4534946950557384E-004   1.0000000000000000E-002   1.2000000000000000E-002   1.0018300805639997        0.0000000000000000        1.0018300805639997        1.0000000000000000        6.9400066739805622E-310
  0.81501251993054880       -4.1977270566872124E-005  -5.3192755223996357E-004   1.0000000000000000E-002   1.2000000000000000E-002   1.0018351937976930        0.0000000000000000        1.0018351937976930        1.0000000000000000        6.9400066739805622E-310
  0.82501215493050239       -4.0754749103454279E-005  -5.1640768927629921E-004   1.0000000000000000E-002   1.2000000000000000E-002   1.0018401697012691        0.0000000000000000        1.0018401697012691        1.0000000000000000        6.9400066739805622E-310
  0.83501174197039574       -3.9371300456536407E-005  -4.9885143368655349E-004   1.0000000000000000E-002   1.2000000000000000E-002   1.0018449886476368        0.0000000000000000        1.0018449886476368        1.0000000000000000        6.9400066739805622E-310
  0.84501128268081371       -3.7832378026294044E-005  -4.7932816339812945E-004   1.0000000000000000E-002   1.2000000000000000E-002   1.0018496316306935        0.0000000000000000        1.0018496316306935        1.0000000000000000        6.9400066739805622E-310
  0.85501077887501342       -3.6144049514728470E-005  -4.5791501161218662E-004   1.0000000000000000E-002   1.2000000000000000E-002   1.0018540803392864        0.0000000000000000        1.0018540803392864        1.0000000000000000        6.9400066739805622E-310
  0.86501023254175879       -3.4312973594660336E-005  -4.3469655867589552E-004   1.0000000000000000E-002   1.2000000000000000E-002   1.0018583172295970        0.0000000000000000        1.0018583172295970        1.0000000000000000        6.9400066739805622E-310
  0.87500964583746221       -3.2346374666940422E-005  -4.0976443364737491E-004   1.0000000000000000E-002   1.2000000000000000E-002   1.0018623255938670        0.0000000000000000        1.0018623255938670        1.0000000000000000        6.9400066739805622E-310
  0.88500902107768087       -3.0252013049689477E-005  -3.8321723853051992E-004   1.0000000000000000E-002   1.2000000000000000E-002   1.0018660896271401        0.0000000000000000        1.0018660896271401        1.0000000000000000        6.9400066739805622E-310
  0.89500836072794820       -2.8038154365570986E-005  -3.5515947798980818E-004   1.0000000000000000E-002   1.2000000000000000E-002   1.0018695944884606        0.0000000000000000        1.0018695944884606        1.0000000000000000        6.9400066739805622E-310
  0.90500766739407990       -2.5713539013092419E-005  -3.2570197108316989E-004   1.0000000000000000E-002   1.2000000000000000E-002   1.0018728263588941        0.0000000000000000        1.0018728263588941        1.0000000000000000        6.9400066739805622E-310
  0.91500694381187497       -2.3287345166880981E-005  -2.9496095387315791E-004   1.0000000000000000E-002   1.2000000000000000E-002   1.0018757724974019        0.0000000000000000        1.0018757724974019        1.0000000000000000        6.9400066739805622E-310
  0.92500619283632113       -2.0769153746968242E-005  -2.6305748755817149E-004   1.0000000000000000E-002   1.2000000000000000E-002   1.0018784212894385        0.0000000000000000        1.0018784212894385        1.0000000000000000        6.9400066739805622E-310
  0.93500541743035637       -1.8168909534076238E-005  -2.3011742655221212E-004   1.0000000000000000E-002   1.2000000000000000E-002   1.0018807622927728        0.0000000000000000        1.0018807622927728        1.0000000000000000        6.9400066739805622E-310
  0.94500462065317770       -1.5496883599122796E-005  -1.9627066097349655E-004   1.0000000000000000E-002   1.2000000000000000E-002   1.0018827862794231        0.0000000000000000        1.0018827862794231        1.0000000000000000        6.9400066739805622E-310
  0.95500380564818033       -1.2763630517543251E-005  -1.6165054778483068E-004   1.0000000000000000E-002   1.2000000000000000E-002   1.0018844852713544        0.0000000000000000        1.0018844852713544        1.0000000000000000        6.9400066739805622E-310
  0.96500297563057247       -9.9799485513056362E-006  -1.2639347055820593E-004   1.0000000000000000E-002   1.2000000000000000E-002   1.0018858525713406        0.0000000000000000        1.0018858525713406        1.0000000000000000        6.9400066739805622E-310
  0.97500213387471468       -7.1568347579901938E-006  -9.0638479547600070E-005   1.0000000000000000E-002   1.2000000000000000E-002   1.0018868827901202        0.0000000000000000        1.0018868827901202        1.0000000000000000        6.9400066739805622E-310
  0.98500128370119888       -4.3054434485014879E-006  -5.4526274238853034E-005   1.0000000000000000E-002   1.2000000000000000E-002   1.0018875718668374        0.0000000000000000        1.0018875718668374        1.0000000000000000        6.9400066739805622E-310
  0.99500042846379433       -1.4370404609711366E-006  -1.8199339406166359E-005   1.0000000000000000E-002   1.2000000000000000E-002   1.0018879170853998        0.0000000000000000        1.0018879170853998        1.0000000000000000        6.9400066739805622E-310
   1.0049995715362050        1.4370458131740750E-006   1.8343840233470132E-005   1.0000000000000000E-002   1.2000000000000000E-002   1.0018879170854649        0.0000000000000000        1.0018879170854649        1.0000000000000000        6.9400066739805622E-310
   1.0149987162987986        4.3054596635264805E-006   5.4959297161261134E-005   1.0000000000000000E-002   1.2000000000000000E-002   1.0018875718667515        0.0000000000000000        1.0018875718667515        1.0000000000000000        6.9400066739805622E-310
   1.0249978661252865        7.1568614230635795E-006   9.1358157759735548E-005   1.0000000000000000E-002   1.2000000000000000E-002   1.0018868827899869        0.0000000000000000        1.0018868827899869        1.0000000000000000        6.9400066739805622E-310
   1.0349970243694278        9.9799858022673576E-006   1.2739708225684154E-004   1.0000000000000000E-002   1.2000000000000000E-002   1.0018858525712682        0.0000000000000000        1.0018858525712682        1.0000000000000000        6.9400066739805622E-310
   1.0449961943518224        1.2763678655040540E-005   1.6293402292433257E-004   1.0000000000000000E-002   1.2000000000000000E-002   1.0018844852713844        0.0000000000000000        1.0018844852713844        1.0000000000000000        6.9400066739805622E-310
  -4.9995715362056714E-003  -1.4372138771144486E-006  -3.5767633061438002E+077   1.0000000000000000E-002   1.2000000000000000E-002   1.0018879170853998        0.0000000000000000        1.0018879170853998        1.0000000000000000        6.9400066739805622E-310
  -1.4998716298801118E-002  -4.3059630207373897E-006   0.0000000000000000        1.0000000000000000E-002   1.2000000000000000E-002   1.0018875718668374        0.0000000000000000        1.0018875718668374        1.0000000000000000        6.9400066739805622E-310
  -2.4997866125285317E-002  -7.1576984107672213E-006  -3.5767633061438002E+077   1.0000000000000000E-002   1.2000000000000000E-002   1.0018868827901202        0.0000000000000000        1.0018868827901202        1.0000000000000000        6.9400066739805622E-310
  -3.4997024369427532E-002  -9.9811528773024309E-006   6.9400068546417920E-310   1.0000000000000000E-002   1.2000000000000000E-002   1.0018858525713406        0.0000000000000000        1.0018858525713406        1.0000000000000000        6.9400066739805622E-310
  -4.4996194351819674E-002  -1.2765170716390645E-005   6.9400066883177543E-310   1.0000000000000000E-002   1.2000000000000000E-002   1.0018844852713544        0.0000000000000000        1.0018844852713544        1.0000000000000000        6.9400066739805622E-310
