 # x, v, a, m, h, rho, u, P, c, ke
   1.2023999999999897     
   5.0004818146600401E-003   4.9916514251150146E-008  -2.0473692062594750E-005   1.0000000000000000E-002   1.2000000000000000E-002   1.0017020286458926        0.0000000000000000        1.0017020286458926        1.0000000000000000        6.9400066739805622E-310
   1.5001443542428713E-002   1.4954965836256731E-007  -6.1340303024515208E-005   1.0000000000000000E-002   1.2000000000000000E-002   1.0017024168902093        0.0000000000000000        1.0017024168902093        1.0000000000000000        6.9400066739805622E-310
   2.5002399573042459E-002   2.4858363405148660E-007  -1.0196483535551693E-004   1.0000000000000000E-002   1.2000000000000000E-002   1.0017031918474939        0.0000000000000000        1.0017031918474939        1.0000000000000000        6.9400066739805622E-310
   3.5003346133385495E-002   3.4662158749295618E-007  -1.4218694657675002E-004   1.0000000000000000E-002   1.2000000000000000E-002   1.0017043504607255        0.0000000000000000        1.0017043504607255        1.0000000000000000        6.9400066739805622E-310
   4.5004279487722912E-002   4.4327119598868911E-007  -1.8184793242514985E-004   1.0000000000000000E-002   1.2000000000000000E-002   1.0017058881595489        0.0000000000000000        1.0017058881595489        1.0000000000000000        6.9400066739805622E-310
   5.5005195952441938E-002   5.3814573556736551E-007  -2.2079126671048499E-004   1.0000000000000000E-002   1.2000000000000000E-002   1.0017077988783369        0.0000000000000000        1.0017077988783369        1.0000000000000000        6.9400066739805622E-310
   6.5006091910591174E-002   6.3086584784925912E-007  -2.5886322893242664E-004   1.0000000000000000E-002   1.2000000000000000E-002   1.0017100750797772        0.0000000000000000        1.0017100750797772        1.0000000000000000        6.9400066739805622E-310
   7.5006963826160566E-002   7.2106122286327407E-007  -2.9591361265879357E-004   1.0000000000000000E-002   1.2000000000000000E-002   1.0017127077848067        0.0000000000000000        1.0017127077848067        1.0000000000000000        6.9400066739805622E-310
   8.5007808258031711E-002   8.0837191740214864E-007  -3.3179617790946025E-004   1.0000000000000000E-002   1.2000000000000000E-002   1.0017156866080299        0.0000000000000000        1.0017156866080299        1.0000000000000000        6.9400066739805622E-310
   9.5008621873562502E-002   8.9245039291174210E-007  -3.6636930036237914E-004   1.0000000000000000E-002   1.2000000000000000E-002   1.0017189997983547        0.0000000000000000        1.0017189997983547        1.0000000000000000        6.9400066739805622E-310
  0.10500940146174137        9.7296217666719520E-007  -3.9949654937831980E-004   1.0000000000000000E-002   1.2000000000000000E-002   1.0017226342854575        0.0000000000000000        1.0017226342854575        1.0000000000000000        6.9400066739805622E-310
  0.11501014394585925        1.0495877006112551E-006  -4.3104720436648591E-004   1.0000000000000000E-002   1.2000000000000000E-002   1.0017265757314082        0.0000000000000000        1.0017265757314082        1.0000000000000000        6.9400066739805622E-310
  0.12501084639565063        1.1220232670148858E-006  -4.6089673535387732E-004   1.0000000000000000E-002   1.2000000000000000E-002   1.0017308085870456        0.0000000000000000        1.0017308085870456        1.0000000000000000        6.9400066739805622E-310
  0.13501150603885984        1.1899826141075227E-006  -4.8892732339389511E-004   1.0000000000000000E-002   1.2000000000000000E-002   1.0017353161531024        0.0000000000000000        1.0017353161531024        1.0000000000000000        6.9400066739805622E-310
  0.14501212027218358        1.2531982492599726E-006  -5.1502835544958714E-004   1.0000000000000000E-002   1.2000000000000000E-002   1.0017400806461336        0.0000000000000000        1.0017400806461336        1.0000000000000000        6.9400066739805622E-310
  0.15501268667154372        1.3114214809641029E-006  -5.3909683887454207E-004   1.0000000000000000E-002   1.2000000000000000E-002   1.0017450832687476        0.0000000000000000        1.0017450832687476        1.0000000000000000        6.9400066739805622E-310
  0.16501320300165223        1.3644246241980299E-006  -5.6103778380478531E-004   1.0000000000000000E-002   1.2000000000000000E-002   1.0017503042836469        0.0000000000000000        1.0017503042836469        1.0000000000000000        6.9400066739805622E-310
  0.17501366722483222        1.4120010113552814E-006  -5.8076457335332066E-004   1.0000000000000000E-002   1.2000000000000000E-002   1.0017557230912453        0.0000000000000000        1.0017557230912453        1.0000000000000000        6.9400066739805622E-310
  0.18501407750906187        1.4539661197146699E-006  -5.9819935970129023E-004   1.0000000000000000E-002   1.2000000000000000E-002   1.0017613183109171        0.0000000000000000        1.0017613183109171        1.0000000000000000        6.9400066739805622E-310
  0.19501443223520273        1.4901579773308674E-006  -6.1327334615057794E-004   1.0000000000000000E-002   1.2000000000000000E-002   1.0017670678654629        0.0000000000000000        1.0017670678654629        1.0000000000000000        6.9400066739805622E-310
  0.20501473000338774        1.5204383353963578E-006  -6.2592704828823287E-004   1.0000000000000000E-002   1.2000000000000000E-002   1.0017729490681671        0.0000000000000000        1.0017729490681671        1.0000000000000000        6.9400066739805622E-310
  0.21501496963854380        1.5446926137526032E-006  -6.3611051239487182E-004   1.0000000000000000E-002   1.2000000000000000E-002   1.0017789387121625        0.0000000000000000        1.0017789387121625        1.0000000000000000        6.9400066739805622E-310
  0.22501515019502930        1.5628304204905730E-006  -6.4378353753102857E-004   1.0000000000000000E-002   1.2000000000000000E-002   1.0017850131618784        0.0000000000000000        1.0017850131618784        1.0000000000000000        6.9400066739805622E-310
  0.23501527096036573        1.5747855517289385E-006  -6.4891585342863323E-004   1.0000000000000000E-002   1.2000000000000000E-002   1.0017911484464048        0.0000000000000000        1.0017911484464048        1.0000000000000000        6.9400066739805622E-310
  0.24501533145804630        1.5805168650263447E-006  -6.5148719963925572E-004   1.0000000000000000E-002   1.2000000000000000E-002   1.0017973203540789        0.0000000000000000        1.0017973203540789        1.0000000000000000        6.9400066739805622E-310
  0.25501533144941563        1.5800075529266881E-006  -6.5148742316889496E-004   1.0000000000000000E-002   1.2000000000000000E-002   1.0018035045279523        0.0000000000000000        1.0018035045279523        1.0000000000000000        6.9400066739805622E-310
  0.26501527093460958        1.5732657643174207E-006  -6.4891651223941693E-004   1.0000000000000000E-002   1.2000000000000000E-002   1.0018096765618583        0.0000000000000000        1.0018096765618583        1.0000000000000000        6.9400066739805622E-310
  0.27501515015255540        1.5603239945640366E-006  -6.4378465264791629E-004   1.0000000000000000E-002   1.2000000000000000E-002   1.0018158120969620        0.0000000000000000        1.0018158120969620        1.0000000000000000        6.9400066739805622E-310
  0.28501496958002059        1.5412391380715451E-006  -6.3611202972424508E-004   1.0000000000000000E-002   1.2000000000000000E-002   1.0018218869176303        0.0000000000000000        1.0018218869176303        1.0000000000000000        6.9400066739805622E-310
  0.29501472992973898        1.5160923898494262E-006  -6.2592896066782089E-004   1.0000000000000000E-002   1.2000000000000000E-002   1.0018278770470057        0.0000000000000000        1.0018278770470057        1.0000000000000000        6.9400066739805622E-310
  0.30501443214759028        1.4849878727388808E-006  -6.1327563624491432E-004   1.0000000000000000E-002   1.2000000000000000E-002   1.0018337588420008        0.0000000000000000        1.0018337588420008        1.0000000000000000        6.9400066739805622E-310
  0.31501407740886667        1.4480534230528041E-006  -5.9820198117499501E-004   1.0000000000000000E-002   1.2000000000000000E-002   1.0018395090864218        0.0000000000000000        1.0018395090864218        1.0000000000000000        6.9400066739805622E-310
  0.32501366711363266        1.4054391381718334E-006  -5.8076744672508340E-004   1.0000000000000000E-002   1.2000000000000000E-002   1.0018451050824517        0.0000000000000000        1.0018451050824517        1.0000000000000000        6.9400066739805622E-310
  0.33501320288120445        1.3573170244339187E-006  -5.6104091265662959E-004   1.0000000000000000E-002   1.2000000000000000E-002   1.0018505247406981        0.0000000000000000        1.0018505247406981        1.0000000000000000        6.9400066739805622E-310
  0.34501268654374750        1.3038802691833759E-006  -5.3910017276770361E-004   1.0000000000000000E-002   1.2000000000000000E-002   1.0018557466673355        0.0000000000000000        1.0018557466673355        1.0000000000000000        6.9400066739805622E-310
  0.35501212013905381        1.2453421164970407E-006  -5.1503183528645025E-004   1.0000000000000000E-002   1.2000000000000000E-002   1.0018607502483585        0.0000000000000000        1.0018607502483585        1.0000000000000000        6.9400066739805622E-310
  0.36501150590249443        1.1819357347386791E-006  -4.8893086674617336E-004   1.0000000000000000E-002   1.2000000000000000E-002   1.0018655157312084        0.0000000000000000        1.0018655157312084        1.0000000000000000        6.9400066739805622E-310
  0.37501084625820091        1.1139123433617655E-006  -4.6090030232637247E-004   1.0000000000000000E-002   1.2000000000000000E-002   1.0018700243028320        0.0000000000000000        1.0018700243028320        1.0000000000000000        6.9400066739805622E-310
  0.38501014380949367        1.0415406298447457E-006  -4.3105074398397392E-004   1.0000000000000000E-002   1.2000000000000000E-002   1.0018742581640219        0.0000000000000000        1.0018742581640219        1.0000000000000000        6.9400066739805622E-310
  0.39500940132861151        9.6510615324493679E-007  -3.9950002184774291E-004   1.0000000000000000E-002   1.2000000000000000E-002   1.0018782005997420        0.0000000000000000        1.0018782005997420        1.0000000000000000        6.9400066739805622E-310
  0.40500862174576713        8.8490915110362923E-007  -3.6637264143735138E-004   1.0000000000000000E-002   1.2000000000000000E-002   1.0018818360452533        0.0000000000000000        1.0018818360452533        1.0000000000000000        6.9400066739805622E-310
  0.41500780813758492        8.0126436428955553E-007  -3.3179931529936368E-004   1.0000000000000000E-002   1.2000000000000000E-002   1.0018851501473884        0.0000000000000000        1.0018851501473884        1.0000000000000000        6.9400066739805622E-310
  0.42500696371496133        7.1449926184389201E-007  -2.9591648733173770E-004   1.0000000000000000E-002   1.2000000000000000E-002   1.0018881298212992        0.0000000000000000        1.0018881298212992        1.0000000000000000        6.9400066739805622E-310
  0.43500609181039568        6.2495321283932828E-007  -2.5886585062462331E-004   1.0000000000000000E-002   1.2000000000000000E-002   1.0018907633026961        0.0000000000000000        1.0018907633026961        1.0000000000000000        6.9400066739805622E-310
  0.44500519586482823        5.3297569531218940E-007  -2.2079353986015349E-004   1.0000000000000000E-002   1.2000000000000000E-002   1.0018930401939383        0.0000000000000000        1.0018930401939383        1.0000000000000000        6.9400066739805622E-310
  0.45500427941407390        4.3892517620248862E-007  -1.8184984918612201E-004   1.0000000000000000E-002   1.2000000000000000E-002   1.0018949515049556        0.0000000000000000        1.0018949515049556        1.0000000000000000        6.9400066739805622E-310
  0.46500334607486249        3.4316818410672657E-007  -1.4218847297264858E-004   1.0000000000000000E-002   1.2000000000000000E-002   1.0018964896892248        0.0000000000000000        1.0018964896892248        1.0000000000000000        6.9400066739805622E-310
  0.47500239953056805        2.4607707610255983E-007  -1.0196593617006755E-004   1.0000000000000000E-002   1.2000000000000000E-002   1.0018976486733815        0.0000000000000000        1.0018976486733815        1.0000000000000000        6.9400066739805622E-310
  0.48500144351667324        1.4802994703406028E-007  -6.1340969889300823E-005   1.0000000000000000E-002   1.2000000000000000E-002   1.0018984238812167        0.0000000000000000        1.0018984238812167        1.0000000000000000        6.9400066739805622E-310
  0.49500048180603001        4.9407211823705234E-008  -2.0473922425878754E-005   1.0000000000000000E-002   1.2000000000000000E-002   1.0018988122518331        0.0000000000000000        1.0018988122518331        1.0000000000000000        6.9400066739805622E-310
  0.50499951819397015       -4.9407344651829477E-008   2.0473909013496439E-005   1.0000000000000000E-002   1.2000000000000000E-002   1.0018988122518970        0.0000000000000000        1.0018988122518970        1.0000000000000000        6.9400066739805622E-310
  0.51499855648332538       -1.4802970146515898E-007   6.1340989616631703E-005   1.0000000000000000E-002   1.2000000000000000E-002   1.0018984238812481        0.0000000000000000        1.0018984238812481        1.0000000000000000        6.9400066739805622E-310
  0.52499760046943145       -2.4607721752755336E-007   1.0196593063938053E-004   1.0000000000000000E-002   1.2000000000000000E-002   1.0018976486733455        0.0000000000000000        1.0018976486733455        1.0000000000000000        6.9400066739805622E-310
  0.53499665392513707       -3.4316816015154596E-007   1.4218846697122700E-004   1.0000000000000000E-002   1.2000000000000000E-002   1.0018964896892482        0.0000000000000000        1.0018964896892482        1.0000000000000000        6.9400066739805622E-310
  0.54499572058592494       -4.3892516266985446E-007   1.8184986568048345E-004   1.0000000000000000E-002   1.2000000000000000E-002   1.0018949515049280        0.0000000000000000        1.0018949515049280        1.0000000000000000        6.9400066739805622E-310
  0.55499480413517188       -5.3297573861511098E-007   2.2079353049608841E-004   1.0000000000000000E-002   1.2000000000000000E-002   1.0018930401938726        0.0000000000000000        1.0018930401938726        1.0000000000000000        6.9400066739805622E-310
  0.56499390818960471       -6.2495318763927987E-007   2.5886584136181057E-004   1.0000000000000000E-002   1.2000000000000000E-002   1.0018907633027261        0.0000000000000000        1.0018907633027261        1.0000000000000000        6.9400066739805622E-310
  0.57499303628503784       -7.1449929055702111E-007   2.9591651425242560E-004   1.0000000000000000E-002   1.2000000000000000E-002   1.0018881298212401        0.0000000000000000        1.0018881298212401        1.0000000000000000        6.9400066739805622E-310
  0.58499219186241680       -8.0126427335966835E-007   3.3179928892490551E-004   1.0000000000000000E-002   1.2000000000000000E-002   1.0018851501473314        0.0000000000000000        1.0018851501473314        1.0000000000000000        6.9400066739805622E-310
  0.59499137825423332       -8.8490920171061566E-007   3.6637264825589710E-004   1.0000000000000000E-002   1.2000000000000000E-002   1.0018818360452877        0.0000000000000000        1.0018818360452877        1.0000000000000000        6.9400066739805622E-310
  0.60499059867138938       -9.6510607422551288E-007   3.9950001016109127E-004   1.0000000000000000E-002   1.2000000000000000E-002   1.0018782005997886        0.0000000000000000        1.0018782005997886        1.0000000000000000        6.9400066739805622E-310
  0.61498985619050595       -1.0415406654898022E-006   4.3105074957328071E-004   1.0000000000000000E-002   1.2000000000000000E-002   1.0018742581641056        0.0000000000000000        1.0018742581641056        1.0000000000000000        6.9400066739805622E-310
  0.62498915374179809       -1.1139124171811023E-006   4.6090031763412753E-004   1.0000000000000000E-002   1.2000000000000000E-002   1.0018700243028180        0.0000000000000000        1.0018700243028180        1.0000000000000000        6.9400066739805622E-310
  0.63498849409750557       -1.1819356176816148E-006   4.8893085991963403E-004   1.0000000000000000E-002   1.2000000000000000E-002   1.0018655157311562        0.0000000000000000        1.0018655157311562        1.0000000000000000        6.9400066739805622E-310
  0.64498787986094641       -1.2453421425488614E-006   5.1503182617462784E-004   1.0000000000000000E-002   1.2000000000000000E-002   1.0018607502483794        0.0000000000000000        1.0018607502483794        1.0000000000000000        6.9400066739805622E-310
  0.65498731345625194       -1.3038803236090754E-006   5.3910018262470771E-004   1.0000000000000000E-002   1.2000000000000000E-002   1.0018557466673514        0.0000000000000000        1.0018557466673514        1.0000000000000000        6.9400066739805622E-310
  0.66498679711879538       -1.3573169108052018E-006   5.6104091321707017E-004   1.0000000000000000E-002   1.2000000000000000E-002   1.0018505247406664        0.0000000000000000        1.0018505247406664        1.0000000000000000        6.9400066739805622E-310
  0.67498633288636756       -1.4054391112546821E-006   5.8076743750934412E-004   1.0000000000000000E-002   1.2000000000000000E-002   1.0018451050824599        0.0000000000000000        1.0018451050824599        1.0000000000000000        6.9400066739805622E-310
  0.68498592259113300       -1.4480535482954745E-006   5.9820198298687899E-004   1.0000000000000000E-002   1.2000000000000000E-002   1.0018395090864642        0.0000000000000000        1.0018395090864642        1.0000000000000000        6.9400066739805622E-310
  0.69498556785240895       -1.4849878399639106E-006   6.1327564745550234E-004   1.0000000000000000E-002   1.2000000000000000E-002   1.0018337588419812        0.0000000000000000        1.0018337588419812        1.0000000000000000        6.9400066739805622E-310
  0.70498527007026113       -1.5160921687375744E-006   6.2592895711777174E-004   1.0000000000000000E-002   1.2000000000000000E-002   1.0018278770469571        0.0000000000000000        1.0018278770469571        1.0000000000000000        6.9400066739805622E-310
  0.71498503041997963       -1.5412393665328695E-006   6.3611202993474336E-004   1.0000000000000000E-002   1.2000000000000000E-002   1.0018218869175923        0.0000000000000000        1.0018218869175923        1.0000000000000000        6.9400066739805622E-310
  0.72498484984744560       -1.5603240105822172E-006   6.4378463271896891E-004   1.0000000000000000E-002   1.2000000000000000E-002   1.0018158120970146        0.0000000000000000        1.0018158120970146        1.0000000000000000        6.9400066739805622E-310
  0.73498472906538947       -1.5732657601477350E-006   6.4891652937593136E-004   1.0000000000000000E-002   1.2000000000000000E-002   1.0018096765619215        0.0000000000000000        1.0018096765619215        1.0000000000000000        6.9400066739805622E-310
  0.74498466855058398       -1.5800075322903029E-006   6.5148742383414060E-004   1.0000000000000000E-002   1.2000000000000000E-002   1.0018035045279357        0.0000000000000000        1.0018035045279357        1.0000000000000000        6.9400066739805622E-310
  0.75498466854195312       -1.5805168958582307E-006   6.5148721362362494E-004   1.0000000000000000E-002   1.2000000000000000E-002   1.0017973203539985        0.0000000000000000        1.0017973203539985        1.0000000000000000        6.9400066739805622E-310
  0.76498472903963555       -1.5747854926316147E-006   6.4891584004733716E-004   1.0000000000000000E-002   1.2000000000000000E-002   1.0017911484463222        0.0000000000000000        1.0017911484463222        1.0000000000000000        6.9400066739805622E-310
  0.77498484980497184       -1.5628304279638200E-006   6.4378353510452513E-004   1.0000000000000000E-002   1.2000000000000000E-002   1.0017850131618635        0.0000000000000000        1.0017850131618635        1.0000000000000000        6.9400066739805622E-310
  0.78498503036145784       -1.5446926437179942E-006   6.3611049240996920E-004   1.0000000000000000E-002   1.2000000000000000E-002   1.0017789387122509        0.0000000000000000        1.0017789387122509        1.0000000000000000        6.9400066739805622E-310
  0.79498526999661145       -1.5204382912811673E-006   6.2592707225572752E-004   1.0000000000000000E-002   1.2000000000000000E-002   1.0017729490682368        0.0000000000000000        1.0017729490682368        1.0000000000000000        6.9400066739805622E-310
  0.80498556776479746       -1.4901580679675871E-006   6.1327333850247356E-004   1.0000000000000000E-002   1.2000000000000000E-002   1.0017670678654589        0.0000000000000000        1.0017670678654589        1.0000000000000000        6.9400066739805622E-310
  0.81498592249093749       -1.4539660265771350E-006   5.9819937418748026E-004   1.0000000000000000E-002   1.2000000000000000E-002   1.0017613183108880        0.0000000000000000        1.0017613183108880        1.0000000000000000        6.9400066739805622E-310
  0.82498633277516853       -1.4120010027479331E-006   5.8076456052091885E-004   1.0000000000000000E-002   1.2000000000000000E-002   1.0017557230912000        0.0000000000000000        1.0017557230912000        1.0000000000000000        6.9400066739805622E-310
  0.83498679699834821       -1.3644246512453102E-006   5.6103777930704979E-004   1.0000000000000000E-002   1.2000000000000000E-002   1.0017503042836875        0.0000000000000000        1.0017503042836875        1.0000000000000000        6.9400066739805622E-310
  0.84498731332845600       -1.3114216231105493E-006   5.3909684814712477E-004   1.0000000000000000E-002   1.2000000000000000E-002   1.0017450832687573        0.0000000000000000        1.0017450832687573        1.0000000000000000        6.9400066739805622E-310
  0.85498787972781676       -1.2531982244107111E-006   5.1502834829086908E-004   1.0000000000000000E-002   1.2000000000000000E-002   1.0017400806461423        0.0000000000000000        1.0017400806461423        1.0000000000000000        6.9400066739805622E-310
  0.86498849396113964       -1.1899826807560122E-006   4.8892733948857625E-004   1.0000000000000000E-002   1.2000000000000000E-002   1.0017353161530680        0.0000000000000000        1.0017353161530680        1.0000000000000000        6.9400066739805622E-310
  0.87498915360435048       -1.1220231874561926E-006   4.6089671571447610E-004   1.0000000000000000E-002   1.2000000000000000E-002   1.0017308085870251        0.0000000000000000        1.0017308085870251        1.0000000000000000        6.9400066739805622E-310
  0.88498985605414071       -1.0495875796498060E-006   4.3104721199593854E-004   1.0000000000000000E-002   1.2000000000000000E-002   1.0017265757314462        0.0000000000000000        1.0017265757314462        1.0000000000000000        6.9400066739805622E-310
  0.89499059853825880       -9.7296221295176346E-007   3.9949655107029969E-004   1.0000000000000000E-002   1.2000000000000000E-002   1.0017226342854495        0.0000000000000000        1.0017226342854495        1.0000000000000000        6.9400066739805622E-310
  0.90499137812643771       -8.9245038052386058E-007   3.6636929904165783E-004   1.0000000000000000E-002   1.2000000000000000E-002   1.0017189997983469        0.0000000000000000        1.0017189997983469        1.0000000000000000        6.9400066739805622E-310
  0.91499219174196866       -8.0837196126791175E-007   3.3179617126677385E-004   1.0000000000000000E-002   1.2000000000000000E-002   1.0017156866080583        0.0000000000000000        1.0017156866080583        1.0000000000000000        6.9400066739805622E-310
  0.92499303617383899       -7.2106124512604569E-007   2.9591362329117743E-004   1.0000000000000000E-002   1.2000000000000000E-002   1.0017127077848171        0.0000000000000000        1.0017127077848171        1.0000000000000000        6.9400066739805622E-310
  0.93499390808940896       -6.3086584266397540E-007   2.5886322532020500E-004   1.0000000000000000E-002   1.2000000000000000E-002   1.0017100750797536        0.0000000000000000        1.0017100750797536        1.0000000000000000        6.9400066739805622E-310
  0.94499480404755820       -5.3814559953313514E-007   2.2079126419161099E-004   1.0000000000000000E-002   1.2000000000000000E-002   1.0017077988783445        0.0000000000000000        1.0017077988783445        1.0000000000000000        6.9400066739805622E-310
  0.95499572051227699       -4.4327137953673974E-007   1.8184793885733797E-004   1.0000000000000000E-002   1.2000000000000000E-002   1.0017058881595395        0.0000000000000000        1.0017058881595395        1.0000000000000000        6.9400066739805622E-310
  0.96499665386661482       -3.4662152684923904E-007   1.4218694407386323E-004   1.0000000000000000E-002   1.2000000000000000E-002   1.0017043504606944        0.0000000000000000        1.0017043504606944        1.0000000000000000        6.9400066739805622E-310
  0.97499760042695827       -2.4858351787563706E-007   1.0196481836555193E-004   1.0000000000000000E-002   1.2000000000000000E-002   1.0017031918475539        0.0000000000000000        1.0017031918475539        1.0000000000000000        6.9400066739805622E-310
  0.98499855645757028       -1.4954979296429105E-007   6.1340317498270736E-005   1.0000000000000000E-002   1.2000000000000000E-002   1.0017024168902797        0.0000000000000000        1.0017024168902797        1.0000000000000000        6.9400066739805622E-310
  0.99499951818533916       -4.9916496163221854E-008   2.0473692383227160E-005   1.0000000000000000E-002   1.2000000000000000E-002   1.0017020286458898        0.0000000000000000        1.0017020286458898        1.0000000000000000        6.9400066739805622E-310
   1.0050004818146601        4.9910503896269688E-008  -2.0466021316778438E-005   1.0000000000000000E-002   1.2000000000000000E-002   1.0017020286458926        0.0000000000000000        1.0017020286458926        1.0000000000000000        6.9400066739805622E-310
   1.0150014435424286        1.4953165011167681E-007  -6.1317314875353190E-005   1.0000000000000000E-002   1.2000000000000000E-002   1.0017024168902093        0.0000000000000000        1.0017024168902093        1.0000000000000000        6.9400066739805622E-310
   1.0250023995730424        2.4855369933118402E-007  -1.0192662151098375E-004   1.0000000000000000E-002   1.2000000000000000E-002   1.0017031918474939        0.0000000000000000        1.0017031918474939        1.0000000000000000        6.9400066739805622E-310
   1.0350033461333854        3.4657984612739216E-007  -1.4213367260662579E-004   1.0000000000000000E-002   1.2000000000000000E-002   1.0017043504607255        0.0000000000000000        1.0017043504607255        1.0000000000000000        6.9400066739805622E-310
   1.0450042794877230        4.4321781046655281E-007  -1.8177981303146851E-004   1.0000000000000000E-002   1.2000000000000000E-002   1.0017058881595489        0.0000000000000000        1.0017058881595489        1.0000000000000000        6.9400066739805622E-310
  -5.0004818146608399E-003  -4.9925696232195165E-008  -3.5767633061438002E+077   1.0000000000000000E-002   1.2000000000000000E-002   1.0017020286458898        0.0000000000000000        1.0017020286458898        1.0000000000000000        6.9400066739805622E-310
  -1.5001443542429715E-002  -1.4957739127619352E-007   0.0000000000000000        1.0000000000000000E-002   1.2000000000000000E-002   1.0017024168902797        0.0000000000000000        1.0017024168902797        1.0000000000000000        6.9400066739805622E-310
  -2.5002399573041734E-002  -2.4862936541366976E-007  -3.5767633061438002E+077   1.0000000000000000E-002   1.2000000000000000E-002   1.0017031918475539        0.0000000000000000        1.0017031918475539        1.0000000000000000        6.9400066739805622E-310
  -3.5003346133385183E-002  -3.4668545093339839E-007   6.9400068546417920E-310   1.0000000000000000E-002   1.2000000000000000E-002   1.0017043504606944        0.0000000000000000        1.0017043504606944        1.0000000000000000        6.9400066739805622E-310
  -4.5004279487723009E-002  -4.4335313571510031E-007   6.9400066883177543E-310   1.0000000000000000E-002   1.2000000000000000E-002   1.0017058881595395        0.0000000000000000        1.0017058881595395        1.0000000000000000        6.9400066739805622E-310
