 # x, v, a, m, h, rho, u, P, c, ke
   2.9520000000000470     
   5.0001848861389447E-003   2.9001504163421936E-006  -7.8521441153611704E-006   1.0000000000000000E-002   1.2000000000000000E-002   1.0017626568386366        0.0000000000000000        1.0017626568386366        1.0000000000000000        6.9400066739805622E-310
   1.5000553929143947E-002   8.6890112893107975E-006  -2.3525488549225315E-005   1.0000000000000000E-002   1.2000000000000000E-002   1.0017628057542165        0.0000000000000000        1.0017628057542165        1.0000000000000000        6.9400066739805622E-310
   2.5000920787207209E-002   1.4443595885728678E-005  -3.9106169951175218E-005   1.0000000000000000E-002   1.2000000000000000E-002   1.0017631029988312        0.0000000000000000        1.0017631029988312        1.0000000000000000        6.9400066739805622E-310
   3.5001284013266118E-002   2.0141202925311238E-005  -5.4532896352377236E-005   1.0000000000000000E-002   1.2000000000000000E-002   1.0017635474022830        0.0000000000000000        1.0017635474022830        1.0000000000000000        6.9400066739805622E-310
   4.5001642174555843E-002   2.5759356736066233E-005  -6.9744837954743844E-005   1.0000000000000000E-002   1.2000000000000000E-002   1.0017641372148562        0.0000000000000000        1.0017641372148562        1.0000000000000000        6.9400066739805622E-310
   5.5001993858262412E-002   3.1275893858190022E-005  -8.4682114569467615E-005   1.0000000000000000E-002   1.2000000000000000E-002   1.0017648701140531        0.0000000000000000        1.0017648701140531        1.0000000000000000        6.9400066739805622E-310
   6.5002337677081745E-002   3.6669050683095318E-005  -9.9285865887921432E-005   1.0000000000000000E-002   1.2000000000000000E-002   1.0017657432139644        0.0000000000000000        1.0017657432139644        1.0000000000000000        6.9400066739805622E-310
   7.5002672274687140E-002   4.1917551322906746E-005  -1.1349854348896571E-004   1.0000000000000000E-002   1.2000000000000000E-002   1.0017667530762464        0.0000000000000000        1.0017667530762464        1.0000000000000000        6.9400066739805622E-310
   8.5002996331076469E-002   4.7000688041920663E-005  -1.2726423758913086E-004   1.0000000000000000E-002   1.2000000000000000E-002   1.0017678957241716        0.0000000000000000        1.0017678957241716        1.0000000000000000        6.9400066739805622E-310
   9.5003308567760389E-002   5.1898405866513551E-005  -1.4052858311153216E-004   1.0000000000000000E-002   1.2000000000000000E-002   1.0017691666576969        0.0000000000000000        1.0017691666576969        1.0000000000000000        6.9400066739805622E-310
  0.10500360775281692        5.6591380104429181E-005  -1.5323932161059872E-004   1.0000000000000000E-002   1.2000000000000000E-002   1.0017705608708136        0.0000000000000000        1.0017705608708136        1.0000000000000000        6.9400066739805622E-310
  0.11500389270574056        6.1061092570386730E-005  -1.6534631788900356E-004   1.0000000000000000E-002   1.2000000000000000E-002   1.0017720728715844        0.0000000000000000        1.0017720728715844        1.0000000000000000        6.9400066739805622E-310
  0.12500416230210268        6.5289905523630015E-005  -1.7680189544577729E-004   1.0000000000000000E-002   1.2000000000000000E-002   1.0017736967038409        0.0000000000000000        1.0017736967038409        1.0000000000000000        6.9400066739805622E-310
  0.13500441547797529        6.9261130292877683E-005  -1.8756075897830016E-004   1.0000000000000000E-002   1.2000000000000000E-002   1.0017754259702067        0.0000000000000000        1.0017754259702067        1.0000000000000000        6.9400066739805622E-310
  0.14500465123414102        7.2959093749677811E-005  -1.9758044985529466E-004   1.0000000000000000E-002   1.2000000000000000E-002   1.0017772538567800        0.0000000000000000        1.0017772538567800        1.0000000000000000        6.9400066739805622E-310
  0.15500486864003640        7.6369199662537670E-005  -2.0682149420281348E-004   1.0000000000000000E-002   1.2000000000000000E-002   1.0017791731607968        0.0000000000000000        1.0017791731607968        1.0000000000000000        6.9400066739805622E-310
  0.16500506683741442        7.9477986750338663E-005  -2.1524727289712331E-004   1.0000000000000000E-002   1.2000000000000000E-002   1.0017811763182858        0.0000000000000000        1.0017811763182858        1.0000000000000000        6.9400066739805622E-310
  0.17500524504374998        8.2273181794723538E-005  -2.2282451174238105E-004   1.0000000000000000E-002   1.2000000000000000E-002   1.0017832554335035        0.0000000000000000        1.0017832554335035        1.0000000000000000        6.9400066739805622E-310
  0.18500540255532685        8.4743747782235667E-005  -2.2952324606251295E-004   1.0000000000000000E-002   1.2000000000000000E-002   1.0017854023105166        0.0000000000000000        1.0017854023105166        1.0000000000000000        6.9400066739805622E-310
  0.19500553875002155        8.6879928057444417E-005  -2.3531694517142654E-004   1.0000000000000000E-002   1.2000000000000000E-002   1.0017876084851356        0.0000000000000000        1.0017876084851356        1.0000000000000000        6.9400066739805622E-310
  0.20500565308976734        8.8673284942942799E-005  -2.4018264831671132E-004   1.0000000000000000E-002   1.2000000000000000E-002   1.0017898652582078        0.0000000000000000        1.0017898652582078        1.0000000000000000        6.9400066739805622E-310
  0.21500574512268525        9.0116732307673176E-005  -2.4410101778915561E-004   1.0000000000000000E-002   1.2000000000000000E-002   1.0017921637297018        0.0000000000000000        1.0017921637297018        1.0000000000000000        6.9400066739805622E-310
  0.22500581448488202        9.1204564403030242E-005  -2.4705653096646074E-004   1.0000000000000000E-002   1.2000000000000000E-002   1.0017944948340169        0.0000000000000000        1.0017944948340169        1.0000000000000000        6.9400066739805622E-310
  0.23500586090188827        9.1932478768383879E-005  -2.4903733791514782E-004   1.0000000000000000E-002   1.2000000000000000E-002   1.0017968493755143        0.0000000000000000        1.0017968493755143        1.0000000000000000        6.9400066739805622E-310
  0.24500588418976169        9.2297592847932449E-005  -2.5003551242086530E-004   1.0000000000000000E-002   1.2000000000000000E-002   1.0017992180645461        0.0000000000000000        1.0017992180645461        1.0000000000000000        6.9400066739805622E-310
  0.25500588425582121        9.2298455821765644E-005  -2.5004698659358837E-004   1.0000000000000000E-002   1.2000000000000000E-002   1.0018015915544334        0.0000000000000000        1.0018015915544334        1.0000000000000000        6.9400066739805622E-310
  0.26500586109902402        9.1935053255481927E-005  -2.4907154418318811E-004   1.0000000000000000E-002   1.2000000000000000E-002   1.0018039604779987        0.0000000000000000        1.0018039604779987        1.0000000000000000        6.9400066739805622E-310
  0.27500581480998759        9.1208810091108328E-005  -2.4711298052526587E-004   1.0000000000000000E-002   1.2000000000000000E-002   1.0018063154848991        0.0000000000000000        1.0018063154848991        1.0000000000000000        6.9400066739805622E-310
  0.28500574557063396        9.0122582369478192E-005  -2.4417883453153877E-004   1.0000000000000000E-002   1.2000000000000000E-002   1.0018086472784851        0.0000000000000000        1.0018086472784851        1.0000000000000000        6.9400066739805622E-310
  0.29500565365349007        8.8680647036464390E-005  -2.4028050691704550E-004   1.0000000000000000E-002   1.2000000000000000E-002   1.0018109466518266        0.0000000000000000        1.0018109466518266        1.0000000000000000        6.9400066739805622E-310
  0.30500553942063180        8.6888686107577218E-005  -2.3543339575393674E-004   1.0000000000000000E-002   1.2000000000000000E-002   1.0018132045251091        0.0000000000000000        1.0018132045251091        1.0000000000000000        6.9400066739805622E-310
  0.31500540332224641        8.4753763607467222E-005  -2.2965638901961682E-004   1.0000000000000000E-002   1.2000000000000000E-002   1.0018154119810807        0.0000000000000000        1.0018154119810807        1.0000000000000000        6.9400066739805622E-310
  0.32500524589488727        8.2284297533241954E-005  -2.2297231603740642E-004   1.0000000000000000E-002   1.2000000000000000E-002   1.0018175603003845        0.0000000000000000        1.0018175603003845        1.0000000000000000        6.9400066739805622E-310
  0.33500506775934408        7.9490027053022203E-005  -2.1540734477909496E-004   1.0000000000000000E-002   1.2000000000000000E-002   1.0018196409961548        0.0000000000000000        1.0018196409961548        1.0000000000000000        6.9400066739805622E-310
  0.34500486961821980        7.6381974580765237E-005  -2.0699132092882877E-004   1.0000000000000000E-002   1.2000000000000000E-002   1.0018216458472531        0.0000000000000000        1.0018216458472531        1.0000000000000000        6.9400066739805622E-310
  0.35500465225315425        7.2972401905784402E-005  -1.9775742044725320E-004   1.0000000000000000E-002   1.2000000000000000E-002   1.0018235669316164        0.0000000000000000        1.0018235669316164        1.0000000000000000        6.9400066739805622E-310
  0.36500441652174387        6.9274761520023202E-005  -1.8774199536952807E-004   1.0000000000000000E-002   1.2000000000000000E-002   1.0018253966571040        0.0000000000000000        1.0018253966571040        1.0000000000000000        6.9400066739805622E-310
  0.37500416335416575        6.5303645226047119E-005  -1.7698454759162985E-004   1.0000000000000000E-002   1.2000000000000000E-002   1.0018271277915698        0.0000000000000000        1.0018271277915698        1.0000000000000000        6.9400066739805622E-310
  0.38500389374950927        6.1074724028595397E-005  -1.6552757555832187E-004   1.0000000000000000E-002   1.2000000000000000E-002   1.0018287534920340        0.0000000000000000        1.0018287534920340        1.0000000000000000        6.9400066739805622E-310
  0.39500360877182755        5.6604687991968838E-005  -1.5341625768883205E-004   1.0000000000000000E-002   1.2000000000000000E-002   1.0018302673316519        0.0000000000000000        1.0018302673316519        1.0000000000000000        6.9400066739805622E-310
  0.40500330954594277        5.1911180915336963E-005  -1.4069840372066267E-004   1.0000000000000000E-002   1.2000000000000000E-002   1.0018316633249318        0.0000000000000000        1.0018316633249318        1.0000000000000000        6.9400066739805622E-310
  0.41500299725300643        4.7012728473987299E-005  -1.2742430737322508E-004   1.0000000000000000E-002   1.2000000000000000E-002   1.0018329359520344        0.0000000000000000        1.0018329359520344        1.0000000000000000        6.9400066739805622E-310
  0.42500267312582685        4.1928666905511435E-005  -1.1364636955413232E-004   1.0000000000000000E-002   1.2000000000000000E-002   1.0018340801805952        0.0000000000000000        1.0018340801805952        1.0000000000000000        6.9400066739805622E-310
  0.43500233844400332        3.6679066547205530E-005  -9.9419013805501777E-005   1.0000000000000000E-002   1.2000000000000000E-002   1.0018350914852956        0.0000000000000000        1.0018350914852956        1.0000000000000000        6.9400066739805622E-310
  0.44500199452887401        3.1284651839508260E-005  -8.4798568112276484E-005   1.0000000000000000E-002   1.2000000000000000E-002   1.0018359658665843        0.0000000000000000        1.0018359658665843        1.0000000000000000        6.9400066739805622E-310
  0.45500164273827942        2.5766719013047303E-005  -6.9842710702872068E-005   1.0000000000000000E-002   1.2000000000000000E-002   1.0018366998660815        0.0000000000000000        1.0018366998660815        1.0000000000000000        6.9400066739805622E-310
  0.46500128446121269        2.0147052918124634E-005  -5.4610672359345358E-005   1.0000000000000000E-002   1.2000000000000000E-002   1.0018372905803801        0.0000000000000000        1.0018372905803801        1.0000000000000000        6.9400066739805622E-310
  0.47500092111231296        1.4447841619596594E-005  -3.9162639626333373E-005   1.0000000000000000E-002   1.2000000000000000E-002   1.0018377356730050        0.0000000000000000        1.0018377356730050        1.0000000000000000        6.9400066739805622E-310
  0.48500055412627918        8.6915858121904983E-006  -2.3559700188080512E-005   1.0000000000000000E-002   1.2000000000000000E-002   1.0018380333831503        0.0000000000000000        1.0018380333831503        1.0000000000000000        6.9400066739805622E-310
  0.49500018495219705        2.9010134007397301E-006  -7.8636138463039629E-006   1.0000000000000000E-002   1.2000000000000000E-002   1.0018381825332465        0.0000000000000000        1.0018381825332465        1.0000000000000000        6.9400066739805622E-310
  0.50499981504780056       -2.9010131628105626E-006   7.8636171378931863E-006   1.0000000000000000E-002   1.2000000000000000E-002   1.0018381825332308        0.0000000000000000        1.0018381825332308        1.0000000000000000        6.9400066739805622E-310
  0.51499944587371871       -8.6915860007777981E-006   2.3559708572484794E-005   1.0000000000000000E-002   1.2000000000000000E-002   1.0018380333830841        0.0000000000000000        1.0018380333830841        1.0000000000000000        6.9400066739805622E-310
  0.52499907888768593       -1.4447841639885424E-005   3.9162640836920559E-005   1.0000000000000000E-002   1.2000000000000000E-002   1.0018377356728880        0.0000000000000000        1.0018377356728880        1.0000000000000000        6.9400066739805622E-310
  0.53499871553878775       -2.0147053005283700E-005   5.4610654570907968E-005   1.0000000000000000E-002   1.2000000000000000E-002   1.0018372905803488        0.0000000000000000        1.0018372905803488        1.0000000000000000        6.9400066739805622E-310
  0.54499835726171986       -2.5766718910320936E-005   6.9842730849423162E-005   1.0000000000000000E-002   1.2000000000000000E-002   1.0018366998660289        0.0000000000000000        1.0018366998660289        1.0000000000000000        6.9400066739805622E-310
  0.55499800547112765       -3.1284651810125839E-005   8.4798532951069205E-005   1.0000000000000000E-002   1.2000000000000000E-002   1.0018359658666032        0.0000000000000000        1.0018359658666032        1.0000000000000000        6.9400066739805622E-310
  0.56499766155599551       -3.6679066806505463E-005   9.9419045890947189E-005   1.0000000000000000E-002   1.2000000000000000E-002   1.0018350914853378        0.0000000000000000        1.0018350914853378        1.0000000000000000        6.9400066739805622E-310
  0.57499732687417371       -4.1928666987773168E-005   1.1364635931698785E-004   1.0000000000000000E-002   1.2000000000000000E-002   1.0018340801805203        0.0000000000000000        1.0018340801805203        1.0000000000000000        6.9400066739805622E-310
  0.58499700274699440       -4.7012728052152003E-005   1.2742428829781716E-004   1.0000000000000000E-002   1.2000000000000000E-002   1.0018329359521125        0.0000000000000000        1.0018329359521125        1.0000000000000000        6.9400066739805622E-310
  0.59499669045405579       -5.1911180882876424E-005   1.4069843945829774E-004   1.0000000000000000E-002   1.2000000000000000E-002   1.0018316633249242        0.0000000000000000        1.0018316633249242        1.0000000000000000        6.9400066739805622E-310
  0.60499639122817350       -5.6604688152364054E-005   1.5341623120956882E-004   1.0000000000000000E-002   1.2000000000000000E-002   1.0018302673315973        0.0000000000000000        1.0018302673315973        1.0000000000000000        6.9400066739805622E-310
  0.61499610625049073       -6.1074724013472607E-005   1.6552757362386927E-004   1.0000000000000000E-002   1.2000000000000000E-002   1.0018287534921226        0.0000000000000000        1.0018287534921226        1.0000000000000000        6.9400066739805622E-310
  0.62499583664583303       -6.5303645265442784E-005   1.7698457737846951E-004   1.0000000000000000E-002   1.2000000000000000E-002   1.0018271277915189        0.0000000000000000        1.0018271277915189        1.0000000000000000        6.9400066739805622E-310
  0.63499558347825735       -6.9274761613857539E-005   1.8774197377524615E-004   1.0000000000000000E-002   1.2000000000000000E-002   1.0018253966570241        0.0000000000000000        1.0018253966570241        1.0000000000000000        6.9400066739805622E-310
  0.64499534774684630       -7.2972401972149650E-005   1.9775741892047449E-004   1.0000000000000000E-002   1.2000000000000000E-002   1.0018235669316373        0.0000000000000000        1.0018235669316373        1.0000000000000000        6.9400066739805622E-310
  0.65499513038178092       -7.6381974473495114E-005   2.0699131250623282E-004   1.0000000000000000E-002   1.2000000000000000E-002   1.0018216458473235        0.0000000000000000        1.0018216458473235        1.0000000000000000        6.9400066739805622E-310
  0.66499493224065487       -7.9490026987006366E-005   2.1540736735481403E-004   1.0000000000000000E-002   1.2000000000000000E-002   1.0018196409961531        0.0000000000000000        1.0018196409961531        1.0000000000000000        6.9400066739805622E-310
  0.67499475410511378       -8.2284297406375948E-005   2.2297227866197034E-004   1.0000000000000000E-002   1.2000000000000000E-002   1.0018175603004598        0.0000000000000000        1.0018175603004598        1.0000000000000000        6.9400066739805622E-310
  0.68499459667775087       -8.4753763805716070E-005   2.2965642981009893E-004   1.0000000000000000E-002   1.2000000000000000E-002   1.0018154119811318        0.0000000000000000        1.0018154119811318        1.0000000000000000        6.9400066739805622E-310
  0.69499446057936820       -8.6888686126411260E-005   2.3543336954201521E-004   1.0000000000000000E-002   1.2000000000000000E-002   1.0018132045250945        0.0000000000000000        1.0018132045250945        1.0000000000000000        6.9400066739805622E-310
  0.70499434634650748       -8.8680647006908958E-005   2.4028055156843919E-004   1.0000000000000000E-002   1.2000000000000000E-002   1.0018109466517393        0.0000000000000000        1.0018109466517393        1.0000000000000000        6.9400066739805622E-310
  0.71499425442936770       -9.0122582351238604E-005   2.4417880181637486E-004   1.0000000000000000E-002   1.2000000000000000E-002   1.0018086472783287        0.0000000000000000        1.0018086472783287        1.0000000000000000        6.9400066739805622E-310
  0.72499418519001357       -9.1208810059741722E-005   2.4711296582857756E-004   1.0000000000000000E-002   1.2000000000000000E-002   1.0018063154849695        0.0000000000000000        1.0018063154849695        1.0000000000000000        6.9400066739805622E-310
  0.73499413890097587       -9.1935053419170637E-005   2.4907155210485143E-004   1.0000000000000000E-002   1.2000000000000000E-002   1.0018039604780873        0.0000000000000000        1.0018039604780873        1.0000000000000000        6.9400066739805622E-310
  0.74499411574417806       -9.2298455536163576E-005   2.5004700053177231E-004   1.0000000000000000E-002   1.2000000000000000E-002   1.0018015915544320        0.0000000000000000        1.0018015915544320        1.0000000000000000        6.9400066739805622E-310
  0.75499411581023823       -9.2297593032011397E-005   2.5003551837254889E-004   1.0000000000000000E-002   1.2000000000000000E-002   1.0017992180644562        0.0000000000000000        1.0017992180644562        1.0000000000000000        6.9400066739805622E-310
  0.76499413909811298       -9.1932478837294861E-005   2.4903732220149521E-004   1.0000000000000000E-002   1.2000000000000000E-002   1.0017968493754639        0.0000000000000000        1.0017968493754639        1.0000000000000000        6.9400066739805622E-310
  0.77499418551511901       -9.1204564477869073E-005   2.4705652347911666E-004   1.0000000000000000E-002   1.2000000000000000E-002   1.0017944948340751        0.0000000000000000        1.0017944948340751        1.0000000000000000        6.9400066739805622E-310
  0.78499425487731456       -9.0116731879487952E-005   2.4410103536709471E-004   1.0000000000000000E-002   1.2000000000000000E-002   1.0017921637297087        0.0000000000000000        1.0017921637297087        1.0000000000000000        6.9400066739805622E-310
  0.79499434691023363       -8.8673284983633341E-005   2.4018263547720409E-004   1.0000000000000000E-002   1.2000000000000000E-002   1.0017898652581960        0.0000000000000000        1.0017898652581960        1.0000000000000000        6.9400066739805622E-310
  0.80499446124997853       -8.6879928031846905E-005   2.3531695729506197E-004   1.0000000000000000E-002   1.2000000000000000E-002   1.0017876084851312        0.0000000000000000        1.0017876084851312        1.0000000000000000        6.9400066739805622E-310
  0.81499459744467406       -8.4743747988352204E-005   2.2952324707414817E-004   1.0000000000000000E-002   1.2000000000000000E-002   1.0017854023104482        0.0000000000000000        1.0017854023104482        1.0000000000000000        6.9400066739805622E-310
  0.82499475495625163       -8.2273181692698528E-005   2.2282450274779819E-004   1.0000000000000000E-002   1.2000000000000000E-002   1.0017832554334756        0.0000000000000000        1.0017832554334756        1.0000000000000000        6.9400066739805622E-310
  0.83499493316258711       -7.9477986812500283E-005   2.1524726242549974E-004   1.0000000000000000E-002   1.2000000000000000E-002   1.0017811763183408        0.0000000000000000        1.0017811763183408        1.0000000000000000        6.9400066739805622E-310
  0.84499513135996407       -7.6369199804834611E-005   2.0682149578110653E-004   1.0000000000000000E-002   1.2000000000000000E-002   1.0017791731608945        0.0000000000000000        1.0017791731608945        1.0000000000000000        6.9400066739805622E-310
  0.85499534876585837       -7.2959093701333439E-005   1.9758046640561133E-004   1.0000000000000000E-002   1.2000000000000000E-002   1.0017772538567946        0.0000000000000000        1.0017772538567946        1.0000000000000000        6.9400066739805622E-310
  0.86499558452202496       -6.9261130300808486E-005   1.8756075457027066E-004   1.0000000000000000E-002   1.2000000000000000E-002   1.0017754259701686        0.0000000000000000        1.0017754259701686        1.0000000000000000        6.9400066739805622E-310
  0.87499583769789757       -6.5289905466552571E-005   1.7680189578950234E-004   1.0000000000000000E-002   1.2000000000000000E-002   1.0017736967038173        0.0000000000000000        1.0017736967038173        1.0000000000000000        6.9400066739805622E-310
  0.88499610729426015       -6.1061092566332397E-005   1.6534631606646144E-004   1.0000000000000000E-002   1.2000000000000000E-002   1.0017720728715716        0.0000000000000000        1.0017720728715716        1.0000000000000000        6.9400066739805622E-310
  0.89499639224718341       -5.6591380091449601E-005   1.5323933987421157E-004   1.0000000000000000E-002   1.2000000000000000E-002   1.0017705608707261        0.0000000000000000        1.0017705608707261        1.0000000000000000        6.9400066739805622E-310
  0.90499669143224226       -5.1898405743035724E-005   1.4052855127655306E-004   1.0000000000000000E-002   1.2000000000000000E-002   1.0017691666576669        0.0000000000000000        1.0017691666576669        1.0000000000000000        6.9400066739805622E-310
  0.91499700366892467       -4.7000688101654307E-005   1.2726423300168932E-004   1.0000000000000000E-002   1.2000000000000000E-002   1.0017678957243126        0.0000000000000000        1.0017678957243126        1.0000000000000000        6.9400066739805622E-310
  0.92499732772531229       -4.1917551316932935E-005   1.1349856388331858E-004   1.0000000000000000E-002   1.2000000000000000E-002   1.0017667530763057        0.0000000000000000        1.0017667530763057        1.0000000000000000        6.9400066739805622E-310
  0.93499766232291825       -3.6669050858768136E-005   9.9285868897958096E-005   1.0000000000000000E-002   1.2000000000000000E-002   1.0017657432139317        0.0000000000000000        1.0017657432139317        1.0000000000000000        6.9400066739805622E-310
  0.94499800614173768       -3.1275893830092835E-005   8.4682122618140454E-005   1.0000000000000000E-002   1.2000000000000000E-002   1.0017648701139628        0.0000000000000000        1.0017648701139628        1.0000000000000000        6.9400066739805622E-310
  0.95499835782544629       -2.5759356636742953E-005   6.9744796036275147E-005   1.0000000000000000E-002   1.2000000000000000E-002   1.0017641372149146        0.0000000000000000        1.0017641372149146        1.0000000000000000        6.9400066739805622E-310
  0.96499871598673270       -2.0141203075661494E-005   5.4532926936801118E-005   1.0000000000000000E-002   1.2000000000000000E-002   1.0017635474024040        0.0000000000000000        1.0017635474024040        1.0000000000000000        6.9400066739805622E-310
  0.97499907921279194       -1.4443595755502165E-005   3.9106194450688747E-005   1.0000000000000000E-002   1.2000000000000000E-002   1.0017631029986886        0.0000000000000000        1.0017631029986886        1.0000000000000000        6.9400066739805622E-310
  0.98499944607085832       -8.6890112019364911E-006   2.3525447065075866E-005   1.0000000000000000E-002   1.2000000000000000E-002   1.0017628057541599        0.0000000000000000        1.0017628057541599        1.0000000000000000        6.9400066739805622E-310
  0.99499981511386137       -2.9001505271218533E-006   7.8521588084967675E-006   1.0000000000000000E-002   1.2000000000000000E-002   1.0017626568387084        0.0000000000000000        1.0017626568387084        1.0000000000000000        6.9400066739805622E-310
   1.0050001848861390        2.9001481998485381E-006  -7.5555637266688791E-006   1.0000000000000000E-002   1.2000000000000000E-002   1.0017626568386366        0.0000000000000000        1.0017626568386366        1.0000000000000000        6.9400066739805622E-310
   1.0150005539291440        8.6890046527101961E-006  -2.2636893517891110E-005   1.0000000000000000E-002   1.2000000000000000E-002   1.0017628057542165        0.0000000000000000        1.0017628057542165        1.0000000000000000        6.9400066739805622E-310
   1.0250009207872073        1.4443584859376580E-005  -3.7629060339661180E-005   1.0000000000000000E-002   1.2000000000000000E-002   1.0017631029988312        0.0000000000000000        1.0017631029988312        1.0000000000000000        6.9400066739805622E-310
   1.0350012840132661        2.0141187541705380E-005  -5.2473110413231439E-005   1.0000000000000000E-002   1.2000000000000000E-002   1.0017635474022830        0.0000000000000000        1.0017635474022830        1.0000000000000000        6.9400066739805622E-310
   1.0450016421745558        2.5759337063125622E-005  -6.7110474869735981E-005   1.0000000000000000E-002   1.2000000000000000E-002   1.0017641372148562        0.0000000000000000        1.0017641372148562        1.0000000000000000        6.9400066739805622E-310
  -5.0001848861386256E-003  -2.9005064311918019E-006  -3.5767633061438002E+077   1.0000000000000000E-002   1.2000000000000000E-002   1.0017626568387084        0.0000000000000000        1.0017626568387084        1.0000000000000000        6.9400066739805622E-310
  -1.5000553929141680E-002  -8.6900775068048934E-006   0.0000000000000000        1.0000000000000000E-002   1.2000000000000000E-002   1.0017628057541599        0.0000000000000000        1.0017628057541599        1.0000000000000000        6.9400066739805622E-310
  -2.5000920787208059E-002  -1.4445368281122845E-005  -3.5767633061438002E+077   1.0000000000000000E-002   1.2000000000000000E-002   1.0017631029986886        0.0000000000000000        1.0017631029986886        1.0000000000000000        6.9400066739805622E-310
  -3.5001284013267298E-002  -2.0143674833845224E-005   6.9400068546417920E-310   1.0000000000000000E-002   1.2000000000000000E-002   1.0017635474024040        0.0000000000000000        1.0017635474024040        1.0000000000000000        6.9400066739805622E-310
  -4.5001642174553713E-002  -2.5762517860937368E-005   6.9400066883177543E-310   1.0000000000000000E-002   1.2000000000000000E-002   1.0017641372149146        0.0000000000000000        1.0017641372149146        1.0000000000000000        6.9400066739805622E-310
