 # x, v, a, m, h, rho, u, P, c, ke
   3.1008000000000582     
   5.0004715731035588E-003   6.4601015450953153E-007  -2.0035991449951496E-005   1.0000000000000000E-002   1.2000000000000000E-002   1.0017041196742755        0.0000000000000000        1.0017041196742755        1.0000000000000000        6.9400066739805622E-310
   1.5001412858410657E-002   1.9354732269778326E-006  -6.0028889579122335E-005   1.0000000000000000E-002   1.2000000000000000E-002   1.0017044996196112        0.0000000000000000        1.0017044996196112        1.0000000000000000        6.9400066739805622E-310
   2.5002348568368672E-002   3.2172764923665166E-006  -9.9785021864029488E-005   1.0000000000000000E-002   1.2000000000000000E-002   1.0017052580121089        0.0000000000000000        1.0017052580121089        1.0000000000000000        6.9400066739805622E-310
   3.5003275010520508E-002   4.4863478199988446E-006  -1.3914760368827217E-004   1.0000000000000000E-002   1.2000000000000000E-002   1.0017063918619806        0.0000000000000000        1.0017063918619806        1.0000000000000000        6.9400066739805622E-310
   4.5004188528963748E-002   5.7376646157806918E-006  -1.7796124169056071E-004   1.0000000000000000E-002   1.2000000000000000E-002   1.0017078966986788        0.0000000000000000        1.0017078966986788        1.0000000000000000        6.9400066739805622E-310
   5.5005085518788306E-002   6.9662763512638457E-006  -2.1607289567082688E-004   1.0000000000000000E-002   1.2000000000000000E-002   1.0017097665885797        0.0000000000000000        1.0017097665885797        1.0000000000000000        6.9400066739805622E-310
   6.5005962440290874E-002   8.1673230412239502E-006  -2.5333231391577726E-004   1.0000000000000000E-002   1.2000000000000000E-002   1.0017119941593740        0.0000000000000000        1.0017119941593740        1.0000000000000000        6.9400066739805622E-310
   7.5006815832927926E-002   9.3360535002720057E-006  -2.8959235456671450E-004   1.0000000000000000E-002   1.2000000000000000E-002   1.0017145706279516        0.0000000000000000        1.0017145706279516        1.0000000000000000        6.9400066739805622E-310
   8.5007642328989094E-002   1.0467846678278335E-005  -3.2471005191947455E-004   1.0000000000000000E-002   1.2000000000000000E-002   1.0017174858349329        0.0000000000000000        1.0017174858349329        1.0000000000000000        6.9400066739805622E-310
   9.5008438666871850E-002   1.1558227928442388E-005  -3.5854686613934206E-004   1.0000000000000000E-002   1.2000000000000000E-002   1.0017207282854295        0.0000000000000000        1.0017207282854295        1.0000000000000000        6.9400066739805622E-310
  0.10500920170395057        1.2602888327727811E-005  -3.9096923983183984E-004   1.0000000000000000E-002   1.2000000000000000E-002   1.0017242851935213        0.0000000000000000        1.0017242851935213        1.0000000000000000        6.9400066739805622E-310
  0.11500992842898364        1.3597700231806829E-005  -4.2184929670074922E-004   1.0000000000000000E-002   1.2000000000000000E-002   1.0017281425328530        0.0000000000000000        1.0017281425328530        1.0000000000000000        6.9400066739805622E-310
  0.12501061597398683        1.4538735265189830E-005  -4.5106512930459530E-004   1.0000000000000000E-002   1.2000000000000000E-002   1.0017322850917629        0.0000000000000000        1.0017322850917629        1.0000000000000000        6.9400066739805622E-310
  0.13501126162556010        1.5422278414691918E-005  -4.7850151688866305E-004   1.0000000000000000E-002   1.2000000000000000E-002   1.0017366965332279        0.0000000000000000        1.0017366965332279        1.0000000000000000        6.9400066739805622E-310
  0.14501186283558487        1.6244843570823277E-005  -5.0405012129495219E-004   1.0000000000000000E-002   1.2000000000000000E-002   1.0017413594591991        0.0000000000000000        1.0017413594591991        1.0000000000000000        6.9400066739805622E-310
  0.15501241723128772        1.7003187684667642E-005  -5.2761006269808064E-004   1.0000000000000000E-002   1.2000000000000000E-002   1.0017462554785121        0.0000000000000000        1.0017462554785121        1.0000000000000000        6.9400066739805622E-310
  0.16501292262460948        1.7694321678186445E-005  -5.4908840571332718E-004   1.0000000000000000E-002   1.2000000000000000E-002   1.0017513652798984        0.0000000000000000        1.0017513652798984        1.0000000000000000        6.9400066739805622E-310
  0.17501337702083417        1.8315524466494102E-005  -5.6840034109306714E-004   1.0000000000000000E-002   1.2000000000000000E-002   1.0017566687081265        0.0000000000000000        1.0017566687081265        1.0000000000000000        6.9400066739805622E-310
  0.18501377862646531        1.8864352181387193E-005  -5.8546957205596328E-004   1.0000000000000000E-002   1.2000000000000000E-002   1.0017621448428737        0.0000000000000000        1.0017621448428737        1.0000000000000000        6.9400066739805622E-310
  0.19501412585631137        1.9338647773184292E-005  -6.0022870060283395E-004   1.0000000000000000E-002   1.2000000000000000E-002   1.0017677720812970        0.0000000000000000        1.0017677720812970        1.0000000000000000        6.9400066739805622E-310
  0.20501441733974227        1.9736549794860973E-005  -6.1261941003376563E-004   1.0000000000000000E-002   1.2000000000000000E-002   1.0017735282232409        0.0000000000000000        1.0017735282232409        1.0000000000000000        6.9400066739805622E-310
  0.21501465192610553        2.0056499467067541E-005  -6.2259276158105337E-004   1.0000000000000000E-002   1.2000000000000000E-002   1.0017793905587853        0.0000000000000000        1.0017793905587853        1.0000000000000000        6.9400066739805622E-310
  0.22501482868926734        2.0297247215890011E-005  -6.3010927555851026E-004   1.0000000000000000E-002   1.2000000000000000E-002   1.0017853359575901        0.0000000000000000        1.0017853359575901        1.0000000000000000        6.9400066739805622E-310
  0.23501494693127928        2.0457855656353057E-005  -6.3513924720570714E-004   1.0000000000000000E-002   1.2000000000000000E-002   1.0017913409600960        0.0000000000000000        1.0017913409600960        1.0000000000000000        6.9400066739805622E-310
  0.24501500618513394        2.0537705032813469E-005  -6.3766276075849504E-004   1.0000000000000000E-002   1.2000000000000000E-002   1.0017973818703878        0.0000000000000000        1.0017973818703878        1.0000000000000000        6.9400066739805622E-310
  0.25501500621661083        2.0536494447763713E-005  -6.3766970310652482E-004   1.0000000000000000E-002   1.2000000000000000E-002   1.0018034348490925        0.0000000000000000        1.0018034348490925        1.0000000000000000        6.9400066739805622E-310
  0.26501494702521722        2.0454242882007628E-005  -6.3516005768349260E-004   1.0000000000000000E-002   1.2000000000000000E-002   1.0018094760078542        0.0000000000000000        1.0018094760078542        1.0000000000000000        6.9400066739805622E-310
  0.27501482884418216        2.0291289064498726E-005  -6.3014356654367276E-004   1.0000000000000000E-002   1.2000000000000000E-002   1.0018154815035716        0.0000000000000000        1.0018154815035716        1.0000000000000000        6.9400066739805622E-310
  0.28501465213955351        2.0048290071738088E-005  -6.2263997938583060E-004   1.0000000000000000E-002   1.2000000000000000E-002   1.0018214276321686        0.0000000000000000        1.0018214276321686        1.0000000000000000        6.9400066739805622E-310
  0.29501441760836022        1.9726218208637768E-005  -6.1267888400262649E-004   1.0000000000000000E-002   1.2000000000000000E-002   1.0018272909228976        0.0000000000000000        1.0018272909228976        1.0000000000000000        6.9400066739805622E-310
  0.30501412617585977        1.9326357537412516E-005  -6.0029941605943549E-004   1.0000000000000000E-002   1.2000000000000000E-002   1.0018330482303219        0.0000000000000000        1.0018330482303219        1.0000000000000000        6.9400066739805622E-310
  0.31501377899190608        1.8850296518706477E-005  -5.8555044118957511E-004   1.0000000000000000E-002   1.2000000000000000E-002   1.0018386768259220        0.0000000000000000        1.0018386768259220        1.0000000000000000        6.9400066739805622E-310
  0.32501337742640440        1.8299925667554634E-005  -5.6849008683457214E-004   1.0000000000000000E-002   1.2000000000000000E-002   1.0018441544882581        0.0000000000000000        1.0018441544882581        1.0000000000000000        6.9400066739805622E-310
  0.33501292306391534        1.7677425478156038E-005  -5.4918567052641976E-004   1.0000000000000000E-002   1.2000000000000000E-002   1.0018494595906331        0.0000000000000000        1.0018494595906331        1.0000000000000000        6.9400066739805622E-310
  0.34501241769739693        1.6985260371791030E-005  -5.2771322825329037E-004   1.0000000000000000E-002   1.2000000000000000E-002   1.0018545711862354        0.0000000000000000        1.0018545711862354        1.0000000000000000        6.9400066739805622E-310
  0.35501186332114565        1.6226168279733556E-005  -5.0415753357846427E-004   1.0000000000000000E-002   1.2000000000000000E-002   1.0018594690910012        0.0000000000000000        1.0018594690910012        1.0000000000000000        6.9400066739805622E-310
  0.36501126212292079        1.5403149307991214E-005  -4.7861161103224248E-004   1.0000000000000000E-002   1.2000000000000000E-002   1.0018641339644019        0.0000000000000000        1.0018641339644019        1.0000000000000000        6.9400066739805622E-310
  0.37501061647530148        1.4519453983802500E-005  -4.5117611445721906E-004   1.0000000000000000E-002   1.2000000000000000E-002   1.0018685473849112        0.0000000000000000        1.0018685473849112        1.0000000000000000        6.9400066739805622E-310
  0.38500992892634245        1.3578571120248129E-005  -4.2195934927580225E-004   1.0000000000000000E-002   1.2000000000000000E-002   1.0018726919226530        0.0000000000000000        1.0018726919226530        1.0000000000000000        6.9400066739805622E-310
  0.39500920218951313        1.2584212919227044E-005  -3.9107670777838166E-004   1.0000000000000000E-002   1.2000000000000000E-002   1.0018765512094840        0.0000000000000000        1.0018765512094840        1.0000000000000000        6.9400066739805622E-310
  0.40500843913297924        1.1540300700218704E-005  -3.5865001211821124E-004   1.0000000000000000E-002   1.2000000000000000E-002   1.0018801100032015        0.0000000000000000        1.0018801100032015        1.0000000000000000        6.9400066739805622E-310
  0.41500764276829244        1.0450950322309432E-005  -3.2480728906492118E-004   1.0000000000000000E-002   1.2000000000000000E-002   1.0018833542476806        0.0000000000000000        1.0018833542476806        1.0000000000000000        6.9400066739805622E-310
  0.42500681623849779        9.3204547487441647E-006  -2.8968211528912491E-004   1.0000000000000000E-002   1.2000000000000000E-002   1.0018862711287708        0.0000000000000000        1.0018862711287708        1.0000000000000000        6.9400066739805622E-310
  0.43500596280573095        8.1532674915066378E-006  -2.5341317315064060E-004   1.0000000000000000E-002   1.2000000000000000E-002   1.0018888491249511        0.0000000000000000        1.0018888491249511        1.0000000000000000        6.9400066739805622E-310
  0.44500508583833798        6.9539862637987212E-006  -2.1614364049504786E-004   1.0000000000000000E-002   1.2000000000000000E-002   1.0018910780530124        0.0000000000000000        1.0018910780530124        1.0000000000000000        6.9400066739805622E-310
  0.45500418879758070        5.7273331548693014E-006  -1.7802069871475368E-004   1.0000000000000000E-002   1.2000000000000000E-002   1.0018929491084487        0.0000000000000000        1.0018929491084487        1.0000000000000000        6.9400066739805622E-310
  0.46500327522396834        4.4781381739297870E-006  -1.3919483956303935E-004   1.0000000000000000E-002   1.2000000000000000E-002   1.0018944549003324        0.0000000000000000        1.0018944549003324        1.0000000000000000        6.9400066739805622E-310
  0.47500234872328112        3.2113183639363872E-006  -9.9819288301716824E-005   1.0000000000000000E-002   1.2000000000000000E-002   1.0018955894799793        0.0000000000000000        1.0018955894799793        1.0000000000000000        6.9400066739805622E-310
  0.48500141295234717        1.9318602389560165E-006  -6.0049699034614434E-005   1.0000000000000000E-002   1.2000000000000000E-002   1.0018963483655541        0.0000000000000000        1.0018963483655541        1.0000000000000000        6.9400066739805622E-310
  0.49500047160458011        6.4479942573575525E-007  -2.0042949623544359E-005   1.0000000000000000E-002   1.2000000000000000E-002   1.0018967285594447        0.0000000000000000        1.0018967285594447        1.0000000000000000        6.9400066739805622E-310
  0.50499952839541906       -6.4479926551616127E-007   2.0042956959009928E-005   1.0000000000000000E-002   1.2000000000000000E-002   1.0018967285594031        0.0000000000000000        1.0018967285594031        1.0000000000000000        6.9400066739805622E-310
  0.51499858704765311       -1.9318603789400712E-006   6.0049679684759383E-005   1.0000000000000000E-002   1.2000000000000000E-002   1.0018963483655772        0.0000000000000000        1.0018963483655772        1.0000000000000000        6.9400066739805622E-310
  0.52499765127671738       -3.2113184989664968E-006   9.9819318873706209E-005   1.0000000000000000E-002   1.2000000000000000E-002   1.0018955894799542        0.0000000000000000        1.0018955894799542        1.0000000000000000        6.9400066739805622E-310
  0.53499672477603233       -4.4781381189220334E-006   1.3919482614799250E-004   1.0000000000000000E-002   1.2000000000000000E-002   1.0018944549002184        0.0000000000000000        1.0018944549002184        1.0000000000000000        6.9400066739805622E-310
  0.54499581120242058       -5.7273332916931787E-006   1.7802066967398389E-004   1.0000000000000000E-002   1.2000000000000000E-002   1.0018929491085373        0.0000000000000000        1.0018929491085373        1.0000000000000000        6.9400066739805622E-310
  0.55499491416166058       -6.9539860472870744E-006   2.1614366855615685E-004   1.0000000000000000E-002   1.2000000000000000E-002   1.0018910780531001        0.0000000000000000        1.0018910780531001        1.0000000000000000        6.9400066739805622E-310
  0.56499403719426833       -8.1532675774060515E-006   2.5341318021698811E-004   1.0000000000000000E-002   1.2000000000000000E-002   1.0018888491248779        0.0000000000000000        1.0018888491248779        1.0000000000000000        6.9400066739805622E-310
  0.57499318376150255       -9.3204546214998667E-006   2.8968210542412720E-004   1.0000000000000000E-002   1.2000000000000000E-002   1.0018862711287204        0.0000000000000000        1.0018862711287204        1.0000000000000000        6.9400066739805622E-310
  0.58499235723170784       -1.0450950279778183E-005   3.2480728669614933E-004   1.0000000000000000E-002   1.2000000000000000E-002   1.0018833542476770        0.0000000000000000        1.0018833542476770        1.0000000000000000        6.9400066739805622E-310
  0.59499156086702121       -1.1540300893694736E-005   3.5864999906909389E-004   1.0000000000000000E-002   1.2000000000000000E-002   1.0018801100032637        0.0000000000000000        1.0018801100032637        1.0000000000000000        6.9400066739805622E-310
  0.60499079781048581       -1.2584212785758133E-005   3.9107672725524623E-004   1.0000000000000000E-002   1.2000000000000000E-002   1.0018765512095289        0.0000000000000000        1.0018765512095289        1.0000000000000000        6.9400066739805622E-310
  0.61499007107365677       -1.3578571172151223E-005   4.2195937235156578E-004   1.0000000000000000E-002   1.2000000000000000E-002   1.0018726919224989        0.0000000000000000        1.0018726919224989        1.0000000000000000        6.9400066739805622E-310
  0.62498938352470101       -1.4519454078141937E-005   4.5117606863431803E-004   1.0000000000000000E-002   1.2000000000000000E-002   1.0018685473848610        0.0000000000000000        1.0018685473848610        1.0000000000000000        6.9400066739805622E-310
  0.63498873787707966       -1.5403148998577966E-005   4.7861160468354313E-004   1.0000000000000000E-002   1.2000000000000000E-002   1.0018641339645848        0.0000000000000000        1.0018641339645848        1.0000000000000000        6.9400066739805622E-310
  0.64498813667885269       -1.6226168210467558E-005   5.0415756511323906E-004   1.0000000000000000E-002   1.2000000000000000E-002   1.0018594690910751        0.0000000000000000        1.0018594690910751        1.0000000000000000        6.9400066739805622E-310
  0.65498758230260179       -1.6985260388078616E-005   5.2771325292777505E-004   1.0000000000000000E-002   1.2000000000000000E-002   1.0018545711860500        0.0000000000000000        1.0018545711860500        1.0000000000000000        6.9400066739805622E-310
  0.66498707693608738       -1.7677425525165512E-005   5.4918561220507200E-004   1.0000000000000000E-002   1.2000000000000000E-002   1.0018494595906082        0.0000000000000000        1.0018494595906082        1.0000000000000000        6.9400066739805622E-310
  0.67498662257359476       -1.8299925616722699E-005   5.6849010908344155E-004   1.0000000000000000E-002   1.2000000000000000E-002   1.0018441544883874        0.0000000000000000        1.0018441544883874        1.0000000000000000        6.9400066739805622E-310
  0.68498622100809370       -1.8850296816176286E-005   5.8555043900465620E-004   1.0000000000000000E-002   1.2000000000000000E-002   1.0018386768259611        0.0000000000000000        1.0018386768259611        1.0000000000000000        6.9400066739805622E-310
  0.69498587382413857       -1.9326357428176237E-005   6.0029944903217114E-004   1.0000000000000000E-002   1.2000000000000000E-002   1.0018330482302282        0.0000000000000000        1.0018330482302282        1.0000000000000000        6.9400066739805622E-310
  0.70498558239164166       -1.9726218397196853E-005   6.1267884115423499E-004   1.0000000000000000E-002   1.2000000000000000E-002   1.0018272909228385        0.0000000000000000        1.0018272909228385        1.0000000000000000        6.9400066739805622E-310
  0.71498534786044621       -2.0048290039954095E-005   6.2263999136202841E-004   1.0000000000000000E-002   1.2000000000000000E-002   1.0018214276322623        0.0000000000000000        1.0018214276322623        1.0000000000000000        6.9400066739805622E-310
  0.72498517115581729       -2.0291289069033998E-005   6.3014358855273400E-004   1.0000000000000000E-002   1.2000000000000000E-002   1.0018154815034961        0.0000000000000000        1.0018154815034961        1.0000000000000000        6.9400066739805622E-310
  0.73498505297478434       -2.0454242655735160E-005   6.3516003647023922E-004   1.0000000000000000E-002   1.2000000000000000E-002   1.0018094760077891        0.0000000000000000        1.0018094760077891        1.0000000000000000        6.9400066739805622E-310
  0.74498499378339000       -2.0536494443919182E-005   6.3766970244749643E-004   1.0000000000000000E-002   1.2000000000000000E-002   1.0018034348491183        0.0000000000000000        1.0018034348491183        1.0000000000000000        6.9400066739805622E-310
  0.75498499381486706       -2.0537704971470614E-005   6.3766275033483311E-004   1.0000000000000000E-002   1.2000000000000000E-002   1.0017973818704660        0.0000000000000000        1.0017973818704660        1.0000000000000000        6.9400066739805622E-310
  0.76498505306871978       -2.0457855782967183E-005   6.3513927778391377E-004   1.0000000000000000E-002   1.2000000000000000E-002   1.0017913409600840        0.0000000000000000        1.0017913409600840        1.0000000000000000        6.9400066739805622E-310
  0.77498517131073397       -2.0297247223538830E-005   6.3010925569439991E-004   1.0000000000000000E-002   1.2000000000000000E-002   1.0017853359575291        0.0000000000000000        1.0017853359575291        1.0000000000000000        6.9400066739805622E-310
  0.78498534807389497       -2.0056499753080087E-005   6.2259276149845277E-004   1.0000000000000000E-002   1.2000000000000000E-002   1.0017793905588150        0.0000000000000000        1.0017793905588150        1.0000000000000000        6.9400066739805622E-310
  0.79498558266025832       -1.9736549608084333E-005   6.1261940683721150E-004   1.0000000000000000E-002   1.2000000000000000E-002   1.0017735282232865        0.0000000000000000        1.0017735282232865        1.0000000000000000        6.9400066739805622E-310
  0.80498587414368805       -1.9338647826785333E-005   6.0022872383047599E-004   1.0000000000000000E-002   1.2000000000000000E-002   1.0017677720812519        0.0000000000000000        1.0017677720812519        1.0000000000000000        6.9400066739805622E-310
  0.81498622137353638       -1.8864352022480563E-005   5.8546953836380311E-004   1.0000000000000000E-002   1.2000000000000000E-002   1.0017621448428720        0.0000000000000000        1.0017621448428720        1.0000000000000000        6.9400066739805622E-310
  0.82498662297916547       -1.8315524481588182E-005   5.6840034479144208E-004   1.0000000000000000E-002   1.2000000000000000E-002   1.0017566687082651        0.0000000000000000        1.0017566687082651        1.0000000000000000        6.9400066739805622E-310
  0.83498707737538902       -1.7694321637445868E-005   5.4908842859280327E-004   1.0000000000000000E-002   1.2000000000000000E-002   1.0017513652799102        0.0000000000000000        1.0017513652799102        1.0000000000000000        6.9400066739805622E-310
  0.84498758276871166       -1.7003187662629854E-005   5.2761007474178001E-004   1.0000000000000000E-002   1.2000000000000000E-002   1.0017462554783749        0.0000000000000000        1.0017462554783749        1.0000000000000000        6.9400066739805622E-310
  0.85498813716441657       -1.6244843712885529E-005   5.0405010570298003E-004   1.0000000000000000E-002   1.2000000000000000E-002   1.0017413594590752        0.0000000000000000        1.0017413594590752        1.0000000000000000        6.9400066739805622E-310
  0.86498873837444201       -1.5422278468855612E-005   4.7850149032058198E-004   1.0000000000000000E-002   1.2000000000000000E-002   1.0017366965332899        0.0000000000000000        1.0017366965332899        1.0000000000000000        6.9400066739805622E-310
  0.87498938402601323       -1.4538735272156025E-005   4.5106513893422573E-004   1.0000000000000000E-002   1.2000000000000000E-002   1.0017322850919037        0.0000000000000000        1.0017322850919037        1.0000000000000000        6.9400066739805622E-310
  0.88499007157101528       -1.3597700060779954E-005   4.2184932424138566E-004   1.0000000000000000E-002   1.2000000000000000E-002   1.0017281425328242        0.0000000000000000        1.0017281425328242        1.0000000000000000        6.9400066739805622E-310
  0.89499079829605022       -1.2602888376080487E-005   3.9096923102999170E-004   1.0000000000000000E-002   1.2000000000000000E-002   1.0017242851934141        0.0000000000000000        1.0017242851934141        1.0000000000000000        6.9400066739805622E-310
  0.90499156133312941       -1.1558228015759111E-005   3.5854685839709077E-004   1.0000000000000000E-002   1.2000000000000000E-002   1.0017207282853948        0.0000000000000000        1.0017207282853948        1.0000000000000000        6.9400066739805622E-310
  0.91499235767101239       -1.0467846746625932E-005   3.2471004060852238E-004   1.0000000000000000E-002   1.2000000000000000E-002   1.0017174858349831        0.0000000000000000        1.0017174858349831        1.0000000000000000        6.9400066739805622E-310
  0.92499318416707221       -9.3360534436923055E-006   2.8959236461645332E-004   1.0000000000000000E-002   1.2000000000000000E-002   1.0017145706280060        0.0000000000000000        1.0017145706280060        1.0000000000000000        6.9400066739805622E-310
  0.93499403755970956       -8.1673228424230017E-006   2.5333230314483757E-004   1.0000000000000000E-002   1.2000000000000000E-002   1.0017119941594279        0.0000000000000000        1.0017119941594279        1.0000000000000000        6.9400066739805622E-310
  0.94499491448121076       -6.9662764682527355E-006   2.1607291590619582E-004   1.0000000000000000E-002   1.2000000000000000E-002   1.0017097665886050        0.0000000000000000        1.0017097665886050        1.0000000000000000        6.9400066739805622E-310
  0.95499581147103585       -5.7376645447536953E-006   1.7796126033964299E-004   1.0000000000000000E-002   1.2000000000000000E-002   1.0017078966985142        0.0000000000000000        1.0017078966985142        1.0000000000000000        6.9400066739805622E-310
  0.96499672498948241       -4.4863477718369570E-006   1.3914755030608461E-004   1.0000000000000000E-002   1.2000000000000000E-002   1.0017063918619769        0.0000000000000000        1.0017063918619769        1.0000000000000000        6.9400066739805622E-310
  0.97499765143163097       -3.2172766988338811E-006   9.9785043977007604E-005   1.0000000000000000E-002   1.2000000000000000E-002   1.0017052580122505        0.0000000000000000        1.0017052580122505        1.0000000000000000        6.9400066739805622E-310
  0.98499858714158883       -1.9354731328036334E-006   6.0028912955090163E-005   1.0000000000000000E-002   1.2000000000000000E-002   1.0017044996195392        0.0000000000000000        1.0017044996195392        1.0000000000000000        6.9400066739805622E-310
  0.99499952842689787       -6.4601016054844637E-007   2.0035972320364692E-005   1.0000000000000000E-002   1.2000000000000000E-002   1.0017041196741918        0.0000000000000000        1.0017041196741918        1.0000000000000000        6.9400066739805622E-310
   1.0050004715731036        6.4600429238274745E-007  -1.9967466842629733E-005   1.0000000000000000E-002   1.2000000000000000E-002   1.0017041196742755        0.0000000000000000        1.0017041196742755        1.0000000000000000        6.9400066739805622E-310
   1.0150014128584106        1.9354556682542908E-006  -5.9823622694743506E-005   1.0000000000000000E-002   1.2000000000000000E-002   1.0017044996196112        0.0000000000000000        1.0017044996196112        1.0000000000000000        6.9400066739805622E-310
   1.0250023485683686        3.2172473038045492E-006  -9.9443829928880234E-005   1.0000000000000000E-002   1.2000000000000000E-002   1.0017052580121089        0.0000000000000000        1.0017052580121089        1.0000000000000000        6.9400066739805622E-310
   1.0350032750105205        4.4863071126349648E-006  -1.3867181812710072E-004   1.0000000000000000E-002   1.2000000000000000E-002   1.0017063918619806        0.0000000000000000        1.0017063918619806        1.0000000000000000        6.9400066739805622E-310
   1.0450041885289638        5.7376125560918660E-006  -1.7735278806529919E-004   1.0000000000000000E-002   1.2000000000000000E-002   1.0017078966986788        0.0000000000000000        1.0017078966986788        1.0000000000000000        6.9400066739805622E-310
  -5.0004715731021276E-003  -6.4609238893041653E-007  -3.5767633061438002E+077   1.0000000000000000E-002   1.2000000000000000E-002   1.0017041196741918        0.0000000000000000        1.0017041196741918        1.0000000000000000        6.9400066739805622E-310
  -1.5001412858411167E-002  -1.9357194488431982E-006   0.0000000000000000        1.0000000000000000E-002   1.2000000000000000E-002   1.0017044996195392        0.0000000000000000        1.0017044996195392        1.0000000000000000        6.9400066739805622E-310
  -2.5002348568369026E-002  -3.2176861436308815E-006  -3.5767633061438002E+077   1.0000000000000000E-002   1.2000000000000000E-002   1.0017052580122505        0.0000000000000000        1.0017052580122505        1.0000000000000000        6.9400066739805622E-310
  -3.5003275010517587E-002  -4.4869187042721528E-006   6.9400068546417920E-310   1.0000000000000000E-002   1.2000000000000000E-002   1.0017063918619769        0.0000000000000000        1.0017063918619769        1.0000000000000000        6.9400066739805622E-310
  -4.5004188528964151E-002  -5.7383946855473875E-006   6.9400066883177543E-310   1.0000000000000000E-002   1.2000000000000000E-002   1.0017078966985142        0.0000000000000000        1.0017078966985142        1.0000000000000000        6.9400066739805622E-310
