 # x, v, a, m, h, rho, u, P, c, ke
   4.9512000000000205     
   5.0003650467056945E-003   2.0499604646350579E-006  -1.5501857674848907E-005   1.0000000000000000E-002   1.2000000000000000E-002   1.0017258699084326        0.0000000000000000        1.0017258699084326        1.0000000000000000        6.9400066739805622E-310
   1.5001093700350970E-002   6.1417883396333718E-006  -4.6444552169511155E-005   1.0000000000000000E-002   1.2000000000000000E-002   1.0017261638836061        0.0000000000000000        1.0017261638836061        1.0000000000000000        6.9400066739805622E-310
   2.5001818040367812E-002   1.0209372233734423E-005  -7.7204405621422723E-005   1.0000000000000000E-002   1.2000000000000000E-002   1.0017267506770757        0.0000000000000000        1.0017267506770757        1.0000000000000000        6.9400066739805622E-310
   3.5002535209878227E-002   1.4236655014741764E-005  -1.0766041664211912E-004   1.0000000000000000E-002   1.2000000000000000E-002   1.0017276279800253        0.0000000000000000        1.0017276279800253        1.0000000000000000        6.9400066739805622E-310
   4.5003242380224212E-002   1.8207739240790249E-005  -1.3769258317530841E-004   1.0000000000000000E-002   1.2000000000000000E-002   1.0017287923403175        0.0000000000000000        1.0017287923403175        1.0000000000000000        6.9400066739805622E-310
   5.5003936762118809E-002   2.2106950103415076E-005  -1.6718269650350948E-004   1.0000000000000000E-002   1.2000000000000000E-002   1.0017302391757066        0.0000000000000000        1.0017302391757066        1.0000000000000000        6.9400066739805622E-310
   6.5004615616623088E-002   2.5918895070519867E-005  -1.9601465215579594E-004   1.0000000000000000E-002   1.2000000000000000E-002   1.0017319627923398        0.0000000000000000        1.0017319627923398        1.0000000000000000        6.9400066739805622E-310
   7.5005276265930801E-002   2.9628528440361695E-005  -2.2407488115838703E-004   1.0000000000000000E-002   1.2000000000000000E-002   1.0017339564066674        0.0000000000000000        1.0017339564066674        1.0000000000000000        6.9400066739805622E-310
   8.5005916103918430E-002   3.3221207291585500E-005  -2.5125287401284169E-004   1.0000000000000000E-002   1.2000000000000000E-002   1.0017362121720184        0.0000000000000000        1.0017362121720184        1.0000000000000000        6.9400066739805622E-310
   9.5006532606406929E-002   3.6682750104653947E-005  -2.7744148003883140E-004   1.0000000000000000E-002   1.2000000000000000E-002   1.0017387212089848        0.0000000000000000        1.0017387212089848        1.0000000000000000        6.9400066739805622E-310
  0.10500712334111739        3.9999495324270248E-005  -3.0253753657749627E-004   1.0000000000000000E-002   1.2000000000000000E-002   1.0017414736402375        0.0000000000000000        1.0017414736402375        1.0000000000000000        6.9400066739805622E-310
  0.11500768597724947        4.3158351243174055E-005  -3.2644207779863876E-004   1.0000000000000000E-002   1.2000000000000000E-002   1.0017444586293069        0.0000000000000000        1.0017444586293069        1.0000000000000000        6.9400066739805622E-310
  0.12500821829467579        4.6146851115808929E-005  -3.4906084464036979E-004   1.0000000000000000E-002   1.2000000000000000E-002   1.0017476644227592        0.0000000000000000        1.0017476644227592        1.0000000000000000        6.9400066739805622E-310
  0.13500871819269467        4.8953199915301317E-005  -3.7030456481979002E-004   1.0000000000000000E-002   1.2000000000000000E-002   1.0017510783961829        0.0000000000000000        1.0017510783961829        1.0000000000000000        6.9400066739805622E-310
  0.14500918369832191        5.1566322808214059E-005  -3.9008937218110162E-004   1.0000000000000000E-002   1.2000000000000000E-002   1.0017546871033882        0.0000000000000000        1.0017546871033882        1.0000000000000000        6.9400066739805622E-310
  0.15500961297408103        5.3975907838096809E-005  -4.0833717557209326E-004   1.0000000000000000E-002   1.2000000000000000E-002   1.0017584763294693        0.0000000000000000        1.0017584763294693        1.0000000000000000        6.9400066739805622E-310
  0.16501000432525173        5.6172445688370050E-005  -4.2497575867894710E-004   1.0000000000000000E-002   1.2000000000000000E-002   1.0017624311459832        0.0000000000000000        1.0017624311459832        1.0000000000000000        6.9400066739805622E-310
  0.17501035620658223        5.8147270505944383E-005  -4.3993943846309946E-004   1.0000000000000000E-002   1.2000000000000000E-002   1.0017665359697787        0.0000000000000000        1.0017665359697787        1.0000000000000000        6.9400066739805622E-310
  0.18501066722838344        5.9892589887903649E-005  -4.5316895644287314E-004   1.0000000000000000E-002   1.2000000000000000E-002   1.0017707746244475        0.0000000000000000        1.0017707746244475        1.0000000000000000        6.9400066739805622E-310
  0.19501093616203510        6.1401517965191602E-005  -4.6461185755131140E-004   1.0000000000000000E-002   1.2000000000000000E-002   1.0017751304030440        0.0000000000000000        1.0017751304030440        1.0000000000000000        6.9400066739805622E-310
  0.20501116194485491        6.2668103177123641E-005  -4.7422273527342185E-004   1.0000000000000000E-002   1.2000000000000000E-002   1.0017795861337935        0.0000000000000000        1.0017795861337935        1.0000000000000000        6.9400066739805622E-310
  0.21501134368431665        6.3687349318455579E-005  -4.8196347690687702E-004   1.0000000000000000E-002   1.2000000000000000E-002   1.0017841242481011        0.0000000000000000        1.0017841242481011        1.0000000000000000        6.9400066739805622E-310
  0.22501148066158513        6.4455237746385328E-005  -4.8780318617680507E-004   1.0000000000000000E-002   1.2000000000000000E-002   1.0017887268493646        0.0000000000000000        1.0017887268493646        1.0000000000000000        6.9400066739805622E-310
  0.23501157233438863        6.4968741062837497E-005  -4.9171857070540170E-004   1.0000000000000000E-002   1.2000000000000000E-002   1.0017933757832831        0.0000000000000000        1.0017933757832831        1.0000000000000000        6.9400066739805622E-310
  0.24501161833917742        6.5225836482055076E-005  -4.9369383294095570E-004   1.0000000000000000E-002   1.2000000000000000E-002   1.0017980527095445        0.0000000000000000        1.0017980527095445        1.0000000000000000        6.9400066739805622E-310
  0.25501161849259091        6.5225513107699368E-005  -4.9372083272469780E-004   1.0000000000000000E-002   1.2000000000000000E-002   1.0018027391736628        0.0000000000000000        1.0018027391736628        1.0000000000000000        6.9400066739805622E-310
  0.26501157279221327        6.4967776323364293E-005  -4.9179922401876297E-004   1.0000000000000000E-002   1.2000000000000000E-002   1.0018074166803257        0.0000000000000000        1.0018074166803257        1.0000000000000000        6.9400066739805622E-310
  0.27501148141660198        6.4453647096266898E-005  -4.8793623691434362E-004   1.0000000000000000E-002   1.2000000000000000E-002   1.0018120667663519        0.0000000000000000        1.0018120667663519        1.0000000000000000        6.9400066739805622E-310
  0.28501134472461587        6.3685157519170082E-005  -4.8214675713609267E-004   1.0000000000000000E-002   1.2000000000000000E-002   1.0018166710729817        0.0000000000000000        1.0018166710729817        1.0000000000000000        6.9400066739805622E-310
  0.29501116325403254        6.2665344869020125E-005  -4.7445341243967931E-004   1.0000000000000000E-002   1.2000000000000000E-002   1.0018212114189784        0.0000000000000000        1.0018212114189784        1.0000000000000000        6.9400066739805622E-310
  0.30501093771944349        6.1398236933825299E-005  -4.6488626317309212E-004   1.0000000000000000E-002   1.2000000000000000E-002   1.0018256698726908        0.0000000000000000        1.0018256698726908        1.0000000000000000        6.9400066739805622E-310
  0.31501066900946106        5.9888837026012446E-005  -4.5348273579293163E-004   1.0000000000000000E-002   1.2000000000000000E-002   1.0018300288223003        0.0000000000000000        1.0018300288223003        1.0000000000000000        6.9400066739805622E-310
  0.32501035818324409        5.8143105727243274E-005  -4.4028772023008145E-004   1.0000000000000000E-002   1.2000000000000000E-002   1.0018342710462376        0.0000000000000000        1.0018342710462376        1.0000000000000000        6.9400066739805622E-310
  0.33501000646632467        5.6167934706063837E-005  -4.2535306991542399E-004   1.0000000000000000E-002   1.2000000000000000E-002   1.0018383797817310        0.0000000000000000        1.0018383797817310        1.0000000000000000        6.9400066739805622E-310
  0.34500961524579143        5.3971121597516441E-005  -4.0873741798463925E-004   1.0000000000000000E-002   1.2000000000000000E-002   1.0018423387900863        0.0000000000000000        1.0018423387900863        1.0000000000000000        6.9400066739805622E-310
  0.35500918606484633        5.1561336825075071E-005  -3.9050630789549956E-004   1.0000000000000000E-002   1.2000000000000000E-002   1.0018461324217092        0.0000000000000000        1.0018461324217092        1.0000000000000000        6.9400066739805622E-310
  0.36500872061671447        4.8948092728347732E-005  -3.7073166340384489E-004   1.0000000000000000E-002   1.2000000000000000E-002   1.0018497456792450        0.0000000000000000        1.0018497456792450        1.0000000000000000        6.9400066739805622E-310
  0.37500822073796219        4.6141703215459805E-005  -3.4949133763895190E-004   1.0000000000000000E-002   1.2000000000000000E-002   1.0018531642760395        0.0000000000000000        1.0018531642760395        1.0000000000000000        6.9400066739805622E-310
  0.38500768840127075        4.3153244020001639E-005  -3.2686918407787147E-004   1.0000000000000000E-002   1.2000000000000000E-002   1.0018563746929048        0.0000000000000000        1.0018563746929048        1.0000000000000000        6.9400066739805622E-310
  0.39500712570764390        3.9994509189092966E-005  -3.0295449623007897E-004   1.0000000000000000E-002   1.2000000000000000E-002   1.0018593642324294        0.0000000000000000        1.0018593642324294        1.0000000000000000        6.9400066739805622E-310
  0.40500653487811877        3.6677964157544257E-005  -2.7784176403233829E-004   1.0000000000000000E-002   1.2000000000000000E-002   1.0018621210695315        0.0000000000000000        1.0018621210695315        1.0000000000000000        6.9400066739805622E-310
  0.41500591824498612        3.3216695816370683E-005  -2.5163009889261900E-004   1.0000000000000000E-002   1.2000000000000000E-002   1.0018646342981377        0.0000000000000000        1.0018646342981377        1.0000000000000000        6.9400066739805622E-310
  0.42500527824259127        2.9624363636176891E-005  -2.2442316424076125E-004   1.0000000000000000E-002   1.2000000000000000E-002   1.0018668939747983        0.0000000000000000        1.0018668939747983        1.0000000000000000        6.9400066739805622E-310
  0.43500461739770147        2.5915142814067509E-005  -1.9632845793804421E-004   1.0000000000000000E-002   1.2000000000000000E-002   1.0018688911585305        0.0000000000000000        1.0018688911585305        1.0000000000000000        6.9400066739805622E-310
  0.44500393831952828        2.2103668445888910E-005  -1.6745712430665805E-004   1.0000000000000000E-002   1.2000000000000000E-002   1.0018706179463803        0.0000000000000000        1.0018706179463803        1.0000000000000000        6.9400066739805622E-310
  0.45500324368940070        1.8204981101898454E-005  -1.3792323833339282E-004   1.0000000000000000E-002   1.2000000000000000E-002   1.0018720675047368        0.0000000000000000        1.0018720675047368        1.0000000000000000        6.9400066739805622E-310
  0.46500253625017657        1.4234463100145298E-005  -1.0784367854554944E-004   1.0000000000000000E-002   1.2000000000000000E-002   1.0018732340965364        0.0000000000000000        1.0018732340965364        1.0000000000000000        6.9400066739805622E-310
  0.47500181879538567        1.0207781671248366E-005  -7.7337460840709582E-005   1.0000000000000000E-002   1.2000000000000000E-002   1.0018741131047986        0.0000000000000000        1.0018741131047986        1.0000000000000000        6.9400066739805622E-310
  0.48500109415817788        6.1408239225293582E-006  -4.6525217816117959E-005   1.0000000000000000E-002   1.2000000000000000E-002   1.0018747010504496        0.0000000000000000        1.0018747010504496        1.0000000000000000        6.9400066739805622E-310
  0.49500036520012186        2.0496369071214687E-006  -1.5528884875770643E-005   1.0000000000000000E-002   1.2000000000000000E-002   1.0018749956061952        0.0000000000000000        1.0018749956061952        1.0000000000000000        6.9400066739805622E-310
  0.50499963479988230       -2.0496371007638799E-006   1.5528849762524999E-005   1.0000000000000000E-002   1.2000000000000000E-002   1.0018749956063631        0.0000000000000000        1.0018749956063631        1.0000000000000000        6.9400066739805622E-310
  0.51499890584182251       -6.1408238853250200E-006   4.6525233644345576E-005   1.0000000000000000E-002   1.2000000000000000E-002   1.0018747010506912        0.0000000000000000        1.0018747010506912        1.0000000000000000        6.9400066739805622E-310
  0.52499818120461372       -1.0207781451636301E-005   7.7337442778713239E-005   1.0000000000000000E-002   1.2000000000000000E-002   1.0018741131050524        0.0000000000000000        1.0018741131050524        1.0000000000000000        6.9400066739805622E-310
  0.53499746374981871       -1.4234463012383967E-005   1.0784372131578124E-004   1.0000000000000000E-002   1.2000000000000000E-002   1.0018732340966916        0.0000000000000000        1.0018732340966916        1.0000000000000000        6.9400066739805622E-310
  0.54499675631059519       -1.8204981117506259E-005   1.3792326743899963E-004   1.0000000000000000E-002   1.2000000000000000E-002   1.0018720675045543        0.0000000000000000        1.0018720675045543        1.0000000000000000        6.9400066739805622E-310
  0.55499606168047122       -2.2103668477624632E-005   1.6745709081522619E-004   1.0000000000000000E-002   1.2000000000000000E-002   1.0018706179462222        0.0000000000000000        1.0018706179462222        1.0000000000000000        6.9400066739805622E-310
  0.56499538260229776       -2.5915142492702244E-005   1.9632845242067987E-004   1.0000000000000000E-002   1.2000000000000000E-002   1.0018688911585474        0.0000000000000000        1.0018688911585474        1.0000000000000000        6.9400066739805622E-310
  0.57499472175740751       -2.9624363919130355E-005   2.2442317590520844E-004   1.0000000000000000E-002   1.2000000000000000E-002   1.0018668939747795        0.0000000000000000        1.0018668939747795        1.0000000000000000        6.9400066739805622E-310
  0.58499408175501355       -3.3216696121470622E-005   2.5163009182449514E-004   1.0000000000000000E-002   1.2000000000000000E-002   1.0018646342981075        0.0000000000000000        1.0018646342981075        1.0000000000000000        6.9400066739805622E-310
  0.59499346512188067       -3.6677963889388466E-005   2.7784175983480708E-004   1.0000000000000000E-002   1.2000000000000000E-002   1.0018621210695444        0.0000000000000000        1.0018621210695444        1.0000000000000000        6.9400066739805622E-310
  0.60499287429235560       -3.9994509208034432E-005   3.0295448552752902E-004   1.0000000000000000E-002   1.2000000000000000E-002   1.0018593642325166        0.0000000000000000        1.0018593642325166        1.0000000000000000        6.9400066739805622E-310
  0.61499231159872658       -4.3153244086202712E-005   3.2686922779046057E-004   1.0000000000000000E-002   1.2000000000000000E-002   1.0018563746928431        0.0000000000000000        1.0018563746928431        1.0000000000000000        6.9400066739805622E-310
  0.62499177926203864       -4.6141703521233407E-005   3.4949130891170910E-004   1.0000000000000000E-002   1.2000000000000000E-002   1.0018531642759050        0.0000000000000000        1.0018531642759050        1.0000000000000000        6.9400066739805622E-310
  0.63499127938328603       -4.8948092532102484E-005   3.7073164314627149E-004   1.0000000000000000E-002   1.2000000000000000E-002   1.0018497456793309        0.0000000000000000        1.0018497456793309        1.0000000000000000        6.9400066739805622E-310
  0.64499081393515245       -5.1561336917319378E-005   3.9050632868420365E-004   1.0000000000000000E-002   1.2000000000000000E-002   1.0018461324218007        0.0000000000000000        1.0018461324218007        1.0000000000000000        6.9400066739805622E-310
  0.65499038475420668       -5.3971121320000367E-005   4.0873746549685563E-004   1.0000000000000000E-002   1.2000000000000000E-002   1.0018423387898643        0.0000000000000000        1.0018423387898643        1.0000000000000000        6.9400066739805622E-310
  0.66498999353367927       -5.6167934824393912E-005   4.2535298872969918E-004   1.0000000000000000E-002   1.2000000000000000E-002   1.0018383797816559        0.0000000000000000        1.0018383797816559        1.0000000000000000        6.9400066739805622E-310
  0.67498964181675591       -5.8143105614070700E-005   4.4028772447290976E-004   1.0000000000000000E-002   1.2000000000000000E-002   1.0018342710465289        0.0000000000000000        1.0018342710465289        1.0000000000000000        6.9400066739805622E-310
  0.68498933099053594       -5.9888837290177837E-005   4.5348279272161562E-004   1.0000000000000000E-002   1.2000000000000000E-002   1.0018300288222892        0.0000000000000000        1.0018300288222892        1.0000000000000000        6.9400066739805622E-310
  0.69498906228055723       -6.1398236948057269E-005   4.6488622437390603E-004   1.0000000000000000E-002   1.2000000000000000E-002   1.0018256698726147        0.0000000000000000        1.0018256698726147        1.0000000000000000        6.9400066739805622E-310
  0.70498883674596624       -6.2665344659096955E-005   4.7445342922891598E-004   1.0000000000000000E-002   1.2000000000000000E-002   1.0018212114190068        0.0000000000000000        1.0018212114190068        1.0000000000000000        6.9400066739805622E-310
  0.71498865527538391       -6.3685157590341612E-005   4.8214675575941612E-004   1.0000000000000000E-002   1.2000000000000000E-002   1.0018166710729222        0.0000000000000000        1.0018166710729222        1.0000000000000000        6.9400066739805622E-310
  0.72498851858339830       -6.4453646788303296E-005   4.8793622388298985E-004   1.0000000000000000E-002   1.2000000000000000E-002   1.0018120667663688        0.0000000000000000        1.0018120667663688        1.0000000000000000        6.9400066739805622E-310
  0.73498842720778601       -6.4967776210390996E-005   4.9179923899256295E-004   1.0000000000000000E-002   1.2000000000000000E-002   1.0018074166803330        0.0000000000000000        1.0018074166803330        1.0000000000000000        6.9400066739805622E-310
  0.74498838150740909       -6.5225513635021559E-005   4.9372083359422447E-004   1.0000000000000000E-002   1.2000000000000000E-002   1.0018027391735895        0.0000000000000000        1.0018027391735895        1.0000000000000000        6.9400066739805622E-310
  0.75498838166082360       -6.5225836376702636E-005   4.9369381718644689E-004   1.0000000000000000E-002   1.2000000000000000E-002   1.0017980527095520        0.0000000000000000        1.0017980527095520        1.0000000000000000        6.9400066739805622E-310
  0.76498842766561093       -6.4968740904627775E-005   4.9171859907737314E-004   1.0000000000000000E-002   1.2000000000000000E-002   1.0017933757832254        0.0000000000000000        1.0017933757832254        1.0000000000000000        6.9400066739805622E-310
  0.77498851933841717       -6.4455237739796144E-005   4.8780315387197959E-004   1.0000000000000000E-002   1.2000000000000000E-002   1.0017887268493211        0.0000000000000000        1.0017887268493211        1.0000000000000000        6.9400066739805622E-310
  0.78498865631568393       -6.3687349400929591E-005   4.8196348928541966E-004   1.0000000000000000E-002   1.2000000000000000E-002   1.0017841242481613        0.0000000000000000        1.0017841242481613        1.0000000000000000        6.9400066739805622E-310
  0.79498883805514575       -6.2668103399047059E-005   4.7422275107944500E-004   1.0000000000000000E-002   1.2000000000000000E-002   1.0017795861337184        0.0000000000000000        1.0017795861337184        1.0000000000000000        6.9400066739805622E-310
  0.80498906383796731       -6.1401517779557786E-005   4.6461182674573109E-004   1.0000000000000000E-002   1.2000000000000000E-002   1.0017751304030376        0.0000000000000000        1.0017751304030376        1.0000000000000000        6.9400066739805622E-310
  0.81498933277161767       -5.9892589965577031E-005   4.5316893317881579E-004   1.0000000000000000E-002   1.2000000000000000E-002   1.0017707746246844        0.0000000000000000        1.0017707746246844        1.0000000000000000        6.9400066739805622E-310
  0.82498964379341500       -5.8147270485511766E-005   4.3993947864695571E-004   1.0000000000000000E-002   1.2000000000000000E-002   1.0017665359699388        0.0000000000000000        1.0017665359699388        1.0000000000000000        6.9400066739805622E-310
  0.83498999567474586       -5.6172445878773787E-005   4.2497578627376242E-004   1.0000000000000000E-002   1.2000000000000000E-002   1.0017624311458366        0.0000000000000000        1.0017624311458366        1.0000000000000000        6.9400066739805622E-310
  0.84499038702591955       -5.3975907620522316E-005   4.0833715451160657E-004   1.0000000000000000E-002   1.2000000000000000E-002   1.0017584763292942        0.0000000000000000        1.0017584763292942        1.0000000000000000        6.9400066739805622E-310
  0.85499081630167939       -5.1566322580031691E-005   3.9008936258078108E-004   1.0000000000000000E-002   1.2000000000000000E-002   1.0017546871033594        0.0000000000000000        1.0017546871033594        1.0000000000000000        6.9400066739805622E-310
  0.86499128180730611       -4.8953200013577021E-005   3.7030457795506067E-004   1.0000000000000000E-002   1.2000000000000000E-002   1.0017510783961217        0.0000000000000000        1.0017510783961217        1.0000000000000000        6.9400066739805622E-310
  0.87499178170532710       -4.6146851032257579E-005   3.4906079889207575E-004   1.0000000000000000E-002   1.2000000000000000E-002   1.0017476644228545        0.0000000000000000        1.0017476644228545        1.0000000000000000        6.9400066739805622E-310
  0.88499231402274925       -4.3158351402757190E-005   3.2644211473886742E-004   1.0000000000000000E-002   1.2000000000000000E-002   1.0017444586294448        0.0000000000000000        1.0017444586294448        1.0000000000000000        6.9400066739805622E-310
  0.89499287665888239       -3.9999495357288121E-005   3.0253753913545012E-004   1.0000000000000000E-002   1.2000000000000000E-002   1.0017414736401893        0.0000000000000000        1.0017414736401893        1.0000000000000000        6.9400066739805622E-310
  0.90499346739359310       -3.6682750298656455E-005   2.7744147742847503E-004   1.0000000000000000E-002   1.2000000000000000E-002   1.0017387212089461        0.0000000000000000        1.0017387212089461        1.0000000000000000        6.9400066739805622E-310
  0.91499408389608217       -3.3221207124042824E-005   2.5125286347815745E-004   1.0000000000000000E-002   1.2000000000000000E-002   1.0017362121720357        0.0000000000000000        1.0017362121720357        1.0000000000000000        6.9400066739805622E-310
  0.92499472373406877       -2.9628528454479478E-005   2.2407489164688599E-004   1.0000000000000000E-002   1.2000000000000000E-002   1.0017339564066778        0.0000000000000000        1.0017339564066778        1.0000000000000000        6.9400066739805622E-310
  0.93499538438337737       -2.5918895138249204E-005   1.9601463958363041E-004   1.0000000000000000E-002   1.2000000000000000E-002   1.0017319627923642        0.0000000000000000        1.0017319627923642        1.0000000000000000        6.9400066739805622E-310
  0.94499606323788010       -2.2106949834063400E-005   1.6718273181126619E-004   1.0000000000000000E-002   1.2000000000000000E-002   1.0017302391756386        0.0000000000000000        1.0017302391756386        1.0000000000000000        6.9400066739805622E-310
  0.95499675761977754       -1.8207739603557042E-005   1.3769256291773502E-004   1.0000000000000000E-002   1.2000000000000000E-002   1.0017287923401617        0.0000000000000000        1.0017287923401617        1.0000000000000000        6.9400066739805622E-310
  0.96499746479012449       -1.4236654711009308E-005   1.0766037138054685E-004   1.0000000000000000E-002   1.2000000000000000E-002   1.0017276279801823        0.0000000000000000        1.0017276279801823        1.0000000000000000        6.9400066739805622E-310
  0.97499818195963017       -1.0209372299381057E-005   7.7204462377800098E-005   1.0000000000000000E-002   1.2000000000000000E-002   1.0017267506771723        0.0000000000000000        1.0017267506771723        1.0000000000000000        6.9400066739805622E-310
  0.98499890629964959       -6.1417885824834497E-006   4.6444544211432515E-005   1.0000000000000000E-002   1.2000000000000000E-002   1.0017261638834798        0.0000000000000000        1.0017261638834798        1.0000000000000000        6.9400066739805622E-310
  0.99499963495329535       -2.0499602715980153E-006   1.5501848168675281E-005   1.0000000000000000E-002   1.2000000000000000E-002   1.0017258699084033        0.0000000000000000        1.0017258699084033        1.0000000000000000        6.9400066739805622E-310
   1.0050003650467056        2.0499559880058575E-006  -1.5290852333649241E-005   1.0000000000000000E-002   1.2000000000000000E-002   1.0017258699084326        0.0000000000000000        1.0017258699084326        1.0000000000000000        6.9400066739805622E-310
   1.0150010937003511        6.1417749175230155E-006  -4.5812417388546578E-005   1.0000000000000000E-002   1.2000000000000000E-002   1.0017261638836061        0.0000000000000000        1.0017261638836061        1.0000000000000000        6.9400066739805622E-310
   1.0250018180403677        1.0209349928633723E-005  -7.6153609596119054E-005   1.0000000000000000E-002   1.2000000000000000E-002   1.0017267506770757        0.0000000000000000        1.0017267506770757        1.0000000000000000        6.9400066739805622E-310
   1.0350025352098782        1.4236623903645131E-005  -1.0619511171849894E-004   1.0000000000000000E-002   1.2000000000000000E-002   1.0017276279800253        0.0000000000000000        1.0017276279800253        1.0000000000000000        6.9400066739805622E-310
   1.0450032423802242        1.8207699449116292E-005  -1.3581856905009460E-004   1.0000000000000000E-002   1.2000000000000000E-002   1.0017287923403175        0.0000000000000000        1.0017287923403175        1.0000000000000000        6.9400066739805622E-310
  -5.0003650467046468E-003  -2.0502134655150476E-006  -3.5767633061438002E+077   1.0000000000000000E-002   1.2000000000000000E-002   1.0017258699084033        0.0000000000000000        1.0017258699084033        1.0000000000000000        6.9400066739805622E-310
  -1.5001093700350410E-002  -6.1425471589991857E-006   0.0000000000000000        1.0000000000000000E-002   1.2000000000000000E-002   1.0017261638834798        0.0000000000000000        1.0017261638834798        1.0000000000000000        6.9400066739805622E-310
  -2.5001818040369828E-002  -1.0210633262676437E-005  -3.5767633061438002E+077   1.0000000000000000E-002   1.2000000000000000E-002   1.0017267506771723        0.0000000000000000        1.0017267506771723        1.0000000000000000        6.9400066739805622E-310
  -3.5002535209875507E-002  -1.4238413050441764E-005   6.9400068546417920E-310   1.0000000000000000E-002   1.2000000000000000E-002   1.0017276279801823        0.0000000000000000        1.0017276279801823        1.0000000000000000        6.9400066739805622E-310
  -4.5003242380222463E-002  -1.8209988445845964E-005   6.9400066883177543E-310   1.0000000000000000E-002   1.2000000000000000E-002   1.0017287923401617        0.0000000000000000        1.0017287923401617        1.0000000000000000        6.9400066739805622E-310
