 # x, v, a, m, h, rho, u, P, c, ke
   4.7016000000000480     
   4.9996655766311121E-003   2.2609259010714964E-006   1.4201225131849071E-005   1.0000000000000000E-002   1.2000000000000000E-002   1.0018687098146981        0.0000000000000000        1.0018687098146981        1.0000000000000000        6.9400066739805622E-310
   1.4998998048780597E-002   6.7738555804062089E-006   4.2547752336474787E-005   1.0000000000000000E-002   1.2000000000000000E-002   1.0018684404431912        0.0000000000000000        1.0018684404431912        1.0000000000000000        6.9400066739805622E-310
   2.4998334472398350E-002   1.1260053344614864E-005   7.0726889956240768E-005   1.0000000000000000E-002   1.2000000000000000E-002   1.0018679027605533        0.0000000000000000        1.0018679027605533        1.0000000000000000        6.9400066739805622E-310
   3.4997677464523334E-002   1.5701815460219069E-005   9.8627582741706021E-005   1.0000000000000000E-002   1.2000000000000000E-002   1.0018670988836953        0.0000000000000000        1.0018670988836953        1.0000000000000000        6.9400066739805622E-310
   4.4997029616335296E-002   2.0081612907713741E-005   1.2614005029121245E-004   1.0000000000000000E-002   1.2000000000000000E-002   1.0018660319781663        0.0000000000000000        1.0018660319781663        1.0000000000000000        6.9400066739805622E-310
   5.4996393482960440E-002   2.4382161949007733E-005   1.5315611727562128E-004   1.0000000000000000E-002   1.2000000000000000E-002   1.0018647062443522        0.0000000000000000        1.0018647062443522        1.0000000000000000        6.9400066739805622E-310
   6.4995771573431657E-002   2.8586490834832726E-005   1.7956920381223540E-004   1.0000000000000000E-002   1.2000000000000000E-002   1.0018631269023415        0.0000000000000000        1.0018631269023415        1.0000000000000000        6.9400066739805622E-310
   7.4995166340781849E-002   3.2678007644032964E-005   2.0527541725812171E-004   1.0000000000000000E-002   1.2000000000000000E-002   1.0018613001715249        0.0000000000000000        1.0018613001715249        1.0000000000000000        6.9400066739805622E-310
   8.4994580172403328E-002   3.6640566287384879E-005   2.3017347838472091E-004   1.0000000000000000E-002   1.2000000000000000E-002   1.0018592332453442        0.0000000000000000        1.0018592332453442        1.0000000000000000        6.9400066739805622E-310
   9.4994015380639674E-002   4.0458528273246495E-005   2.5416524575305743E-004   1.0000000000000000E-002   1.2000000000000000E-002   1.0018569342640899        0.0000000000000000        1.0018569342640899        1.0000000000000000        6.9400066739805622E-310
  0.10499347419366915        4.4116826589240322E-005   2.7715627005164833E-004   1.0000000000000000E-002   1.2000000000000000E-002   1.0018544122822919        0.0000000000000000        1.0018544122822919        1.0000000000000000        6.9400066739805622E-310
  0.11499295874673952        4.7601023510713308E-005   2.9905578195510429E-004   1.0000000000000000E-002   1.2000000000000000E-002   1.0018516772337660        0.0000000000000000        1.0018516772337660        1.0000000000000000        6.9400066739805622E-310
  0.12499247107373034        5.0897369163092847E-005   3.1977752652334601E-004   1.0000000000000000E-002   1.2000000000000000E-002   1.0018487398926434        0.0000000000000000        1.0018487398926434        1.0000000000000000        6.9400066739805622E-310
  0.13499201309914982        5.3992854176189328E-005   3.3923965594517824E-004   1.0000000000000000E-002   1.2000000000000000E-002   1.0018456118309191        0.0000000000000000        1.0018456118309191        1.0000000000000000        6.9400066739805622E-310
  0.14499158663052844        5.6875262247991328E-005   3.5736536268426988E-004   1.0000000000000000E-002   1.2000000000000000E-002   1.0018423053736523        0.0000000000000000        1.0018423053736523        1.0000000000000000        6.9400066739805622E-310
  0.15499119335128653        5.9533217830576745E-005   3.7408312157882762E-004   1.0000000000000000E-002   1.2000000000000000E-002   1.0018388335498118        0.0000000000000000        1.0018388335498118        1.0000000000000000        6.9400066739805622E-310
  0.16499083481409391        6.1956230274590941E-005   3.8932677457470533E-004   1.0000000000000000E-002   1.2000000000000000E-002   1.0018352100417647        0.0000000000000000        1.0018352100417647        1.0000000000000000        6.9400066739805622E-310
  0.17499051243472011        6.4134737136839042E-005   4.0303612220338181E-004   1.0000000000000000E-002   1.2000000000000000E-002   1.0018314491314255        0.0000000000000000        1.0018314491314255        1.0000000000000000        6.9400066739805622E-310
  0.18499022748644811        6.6060139922976418E-005   4.1515680673853694E-004   1.0000000000000000E-002   1.2000000000000000E-002   1.0018275656441342        0.0000000000000000        1.0018275656441342        1.0000000000000000        6.9400066739805622E-310
  0.19498998109502283        6.7724839456123338E-005   4.2564077516527021E-004   1.0000000000000000E-002   1.2000000000000000E-002   1.0018235748910755        0.0000000000000000        1.0018235748910755        1.0000000000000000        6.9400066739805622E-310
  0.20498977423418480        6.9122265539924555E-005   4.3444660836211568E-004   1.0000000000000000E-002   1.2000000000000000E-002   1.0018194926077364        0.0000000000000000        1.0018194926077364        1.0000000000000000        6.9400066739805622E-310
  0.21498960772182990        7.0246901970816454E-005   4.4153913659261690E-004   1.0000000000000000E-002   1.2000000000000000E-002   1.0018153348927799        0.0000000000000000        1.0018153348927799        1.0000000000000000        6.9400066739805622E-310
  0.22498948221673365        7.1094309049106043E-005   4.4689014743770628E-004   1.0000000000000000E-002   1.2000000000000000E-002   1.0018111181452751        0.0000000000000000        1.0018111181452751        1.0000000000000000        6.9400066739805622E-310
  0.23498939821593645        7.1661142225493241E-005   4.5047822184773878E-004   1.0000000000000000E-002   1.2000000000000000E-002   1.0018068589994038        0.0000000000000000        1.0018068589994038        1.0000000000000000        6.9400066739805622E-310
  0.24498935605274855        7.1945163483545172E-005   4.5228897906035570E-004   1.0000000000000000E-002   1.2000000000000000E-002   1.0018025742588665        0.0000000000000000        1.0018025742588665        1.0000000000000000        6.9400066739805622E-310
  0.25498935589541721        7.1945250177563429E-005   4.5231489243846568E-004   1.0000000000000000E-002   1.2000000000000000E-002   1.0017982808308374        0.0000000000000000        1.0017982808308374        1.0000000000000000        6.9400066739805622E-310
  0.26498939774642416        7.1661401545698185E-005   4.5055554131412379E-004   1.0000000000000000E-002   1.2000000000000000E-002   1.0017939956597710        0.0000000000000000        1.0017939956597710        1.0000000000000000        6.9400066739805622E-310
  0.27498948144244445        7.1094736904773619E-005   4.4701766170707202E-004   1.0000000000000000E-002   1.2000000000000000E-002   1.0017897356596492        0.0000000000000000        1.0017897356596492        1.0000000000000000        6.9400066739805622E-310
  0.28498960665497497        7.0247490822521468E-005   4.4171482124077954E-004   1.0000000000000000E-002   1.2000000000000000E-002   1.0017855176476562        0.0000000000000000        1.0017855176476562        1.0000000000000000        6.9400066739805622E-310
  0.29498977289158812        6.9123006567098071E-005   4.3466771424416351E-004   1.0000000000000000E-002   1.2000000000000000E-002   1.0017813582779089        0.0000000000000000        1.0017813582779089        1.0000000000000000        6.9400066739805622E-310
  0.30498997949785711        6.7725721394884577E-005   4.2590385129948061E-004   1.0000000000000000E-002   1.2000000000000000E-002   1.0017772739752830        0.0000000000000000        1.0017772739752830        1.0000000000000000        6.9400066739805622E-310
  0.31499022565990714        6.6061148208945228E-005   4.1545759204719701E-004   1.0000000000000000E-002   1.2000000000000000E-002   1.0017732808706499        0.0000000000000000        1.0017732808706499        1.0000000000000000        6.9400066739805622E-310
  0.32499051040760651        6.4135856195358449E-005   4.0336994181089381E-004   1.0000000000000000E-002   1.2000000000000000E-002   1.0017693947367736        0.0000000000000000        1.0017693947367736        1.0000000000000000        6.9400066739805622E-310
  0.33499083261837559        6.1957442614498807E-005   3.8968835491282050E-004   1.0000000000000000E-002   1.2000000000000000E-002   1.0017656309262870        0.0000000000000000        1.0017656309262870        1.0000000000000000        6.9400066739805622E-310
  0.34499119102158882        5.9534503956733931E-005   3.7446680068775606E-004   1.0000000000000000E-002   1.2000000000000000E-002   1.0017620043101720        0.0000000000000000        1.0017620043101720        1.0000000000000000        6.9400066739805622E-310
  0.35499158420359272        5.6876602108753253E-005   3.5776509295892822E-004   1.0000000000000000E-002   1.2000000000000000E-002   1.0017585292191222        0.0000000000000000        1.0017585292191222        1.0000000000000000        6.9400066739805622E-310
  0.36499201061325576        5.3994226870385778E-005   3.3964903227357013E-004   1.0000000000000000E-002   1.2000000000000000E-002   1.0017552193874881        0.0000000000000000        1.0017552193874881        1.0000000000000000        6.9400066739805622E-310
  0.37499246856807977        5.0898752400372386E-005   3.2019015298434539E-004   1.0000000000000000E-002   1.2000000000000000E-002   1.0017520878976434        0.0000000000000000        1.0017520878976434        1.0000000000000000        6.9400066739805622E-310
  0.38499295626084640        4.7602395853855930E-005   2.9946517130596817E-004   1.0000000000000000E-002   1.2000000000000000E-002   1.0017491471283184        0.0000000000000000        1.0017491471283184        1.0000000000000000        6.9400066739805622E-310
  0.39499347176673788        4.4118166145935199E-005   2.7755593932710099E-004   1.0000000000000000E-002   1.2000000000000000E-002   1.0017464087056511        0.0000000000000000        1.0017464087056511        1.0000000000000000        6.9400066739805622E-310
  0.40499401305094229        4.0459814422125483E-005   2.5454894516929727E-004   1.0000000000000000E-002   1.2000000000000000E-002   1.0017438834568313        0.0000000000000000        1.0017438834568313        1.0000000000000000        6.9400066739805622E-310
  0.41499457797668465        3.6641778489913013E-005   2.3053506509995714E-004   1.0000000000000000E-002   1.2000000000000000E-002   1.0017415813673674        0.0000000000000000        1.0017415813673674        1.0000000000000000        6.9400066739805622E-310
  0.42499516431366741        3.2679127063717326E-005   2.0560925169821331E-004   1.0000000000000000E-002   1.2000000000000000E-002   1.0017395115409820        0.0000000000000000        1.0017395115409820        1.0000000000000000        6.9400066739805622E-310
  0.43499576974688947        2.8587499295824086E-005   1.7987003703456850E-004   1.0000000000000000E-002   1.2000000000000000E-002   1.0017376821632664        0.0000000000000000        1.0017376821632664        1.0000000000000000        6.9400066739805622E-310
  0.44499639188580081        2.4383043553010147E-005   1.5341908723254249E-004   1.0000000000000000E-002   1.2000000000000000E-002   1.0017361004699565        0.0000000000000000        1.0017361004699565        1.0000000000000000        6.9400066739805622E-310
  0.45499702827373778        2.0082354231244179E-005   1.2636121558795566E-004   1.0000000000000000E-002   1.2000000000000000E-002   1.0017347727170760        0.0000000000000000        1.0017347727170760        1.0000000000000000        6.9400066739805622E-310
  0.46499767639766976        1.5702404442239586E-005   9.8803261249003071E-005   1.0000000000000000E-002   1.2000000000000000E-002   1.0017337041564875        0.0000000000000000        1.0017337041564875        1.0000000000000000        6.9400066739805622E-310
  0.47499833369811062        1.1260480949009357E-005   7.0854382218321632E-005   1.0000000000000000E-002   1.2000000000000000E-002   1.0017328990153029        0.0000000000000000        1.0017328990153029        1.0000000000000000        6.9400066739805622E-310
  0.48499899757926757        6.7741145143951349E-006   4.2625092877557336E-005   1.0000000000000000E-002   1.2000000000000000E-002   1.0017323604783985        0.0000000000000000        1.0017323604783985        1.0000000000000000        6.9400066739805622E-310
  0.49499966541929985        2.2610128633009049E-006   1.4227126755805841E-005   1.0000000000000000E-002   1.2000000000000000E-002   1.0017320906763267        0.0000000000000000        1.0017320906763267        1.0000000000000000        6.9400066739805622E-310
  0.50500033458069982       -2.2610126624364909E-006  -1.4227121400089970E-005   1.0000000000000000E-002   1.2000000000000000E-002   1.0017320906763028        0.0000000000000000        1.0017320906763028        1.0000000000000000        6.9400066739805622E-310
  0.51500100242073266       -6.7741150349771518E-006  -4.2625098398474393E-005   1.0000000000000000E-002   1.2000000000000000E-002   1.0017323604783743        0.0000000000000000        1.0017323604783743        1.0000000000000000        6.9400066739805622E-310
  0.52500166630188960       -1.1260480906290465E-005  -7.0854387110408368E-005   1.0000000000000000E-002   1.2000000000000000E-002   1.0017328990153254        0.0000000000000000        1.0017328990153254        1.0000000000000000        6.9400066739805622E-310
  0.53500232360232991       -1.5702404108602395E-005  -9.8803250741852366E-005   1.0000000000000000E-002   1.2000000000000000E-002   1.0017337041564878        0.0000000000000000        1.0017337041564878        1.0000000000000000        6.9400066739805622E-310
  0.54500297172626233       -2.0082354166750735E-005  -1.2636121090459085E-004   1.0000000000000000E-002   1.2000000000000000E-002   1.0017347727170027        0.0000000000000000        1.0017347727170027        1.0000000000000000        6.9400066739805622E-310
  0.55500360811420058       -2.4383043811074716E-005  -1.5341910828681193E-004   1.0000000000000000E-002   1.2000000000000000E-002   1.0017361004699630        0.0000000000000000        1.0017361004699630        1.0000000000000000        6.9400066739805622E-310
  0.56500423025311042       -2.8587499388661923E-005  -1.7987002399966201E-004   1.0000000000000000E-002   1.2000000000000000E-002   1.0017376821633071        0.0000000000000000        1.0017376821633071        1.0000000000000000        6.9400066739805622E-310
  0.57500483568633309       -3.2679126816614769E-005  -2.0560926167423332E-004   1.0000000000000000E-002   1.2000000000000000E-002   1.0017395115410015        0.0000000000000000        1.0017395115410015        1.0000000000000000        6.9400066739805622E-310
  0.58500542202331496       -3.6641778337808590E-005  -2.3053505563197518E-004   1.0000000000000000E-002   1.2000000000000000E-002   1.0017415813674044        0.0000000000000000        1.0017415813674044        1.0000000000000000        6.9400066739805622E-310
  0.59500598694905715       -4.0459814523930834E-005  -2.5454892692078346E-004   1.0000000000000000E-002   1.2000000000000000E-002   1.0017438834567249        0.0000000000000000        1.0017438834567249        1.0000000000000000        6.9400066739805622E-310
  0.60500652823326428       -4.4118166267607308E-005  -2.7755597573797530E-004   1.0000000000000000E-002   1.2000000000000000E-002   1.0017464087056442        0.0000000000000000        1.0017464087056442        1.0000000000000000        6.9400066739805622E-310
  0.61500704373915294       -4.7602395811706283E-005  -2.9946513359035976E-004   1.0000000000000000E-002   1.2000000000000000E-002   1.0017491471282973        0.0000000000000000        1.0017491471282973        1.0000000000000000        6.9400066739805622E-310
  0.62500753143192289       -5.0898752433515918E-005  -3.2019019944939942E-004   1.0000000000000000E-002   1.2000000000000000E-002   1.0017520878976574        0.0000000000000000        1.0017520878976574        1.0000000000000000        6.9400066739805622E-310
  0.63500798938674352       -5.3994226686446353E-005  -3.3964901576588602E-004   1.0000000000000000E-002   1.2000000000000000E-002   1.0017552193876427        0.0000000000000000        1.0017552193876427        1.0000000000000000        6.9400066739805622E-310
  0.64500841579640644       -5.6876602393115949E-005  -3.5776507999774054E-004   1.0000000000000000E-002   1.2000000000000000E-002   1.0017585292191451        0.0000000000000000        1.0017585292191451        1.0000000000000000        6.9400066739805622E-310
  0.65500880897840985       -5.9534504048979675E-005  -3.7446676657548750E-004   1.0000000000000000E-002   1.2000000000000000E-002   1.0017620043099809        0.0000000000000000        1.0017620043099809        1.0000000000000000        6.9400066739805622E-310
  0.66500916738162796       -6.1957442399060775E-005  -3.8968842367470558E-004   1.0000000000000000E-002   1.2000000000000000E-002   1.0017656309262524        0.0000000000000000        1.0017656309262524        1.0000000000000000        6.9400066739805622E-310
  0.67500948959239293       -6.4135856122747600E-005  -4.0336991829015290E-004   1.0000000000000000E-002   1.2000000000000000E-002   1.0017693947369533        0.0000000000000000        1.0017693947369533        1.0000000000000000        6.9400066739805622E-310
  0.68500977434009225       -6.6061148561449482E-005  -4.1545759207917143E-004   1.0000000000000000E-002   1.2000000000000000E-002   1.0017732808706976        0.0000000000000000        1.0017732808706976        1.0000000000000000        6.9400066739805622E-310
  0.69501002050214189       -6.7725721233967087E-005  -4.2590386440721772E-004   1.0000000000000000E-002   1.2000000000000000E-002   1.0017772739754183        0.0000000000000000        1.0017772739754183        1.0000000000000000        6.9400066739805622E-310
  0.70501022710840811       -6.9123006813888045E-005  -4.3466766684208125E-004   1.0000000000000000E-002   1.2000000000000000E-002   1.0017813582778692        0.0000000000000000        1.0017813582778692        1.0000000000000000        6.9400066739805622E-310
  0.71501039334502503       -7.0247490719445188E-005  -4.4171485293809098E-004   1.0000000000000000E-002   1.2000000000000000E-002   1.0017855176475505        0.0000000000000000        1.0017855176475505        1.0000000000000000        6.9400066739805622E-310
  0.72501051855755394       -7.1094736598249932E-005  -4.4701762618259977E-004   1.0000000000000000E-002   1.2000000000000000E-002   1.0017897356595371        0.0000000000000000        1.0017897356595371        1.0000000000000000        6.9400066739805622E-310
  0.73501060225357784       -7.1661401467855261E-005  -4.5055556325390711E-004   1.0000000000000000E-002   1.2000000000000000E-002   1.0017939956595772        0.0000000000000000        1.0017939956595772        1.0000000000000000        6.9400066739805622E-310
  0.74501064410458562       -7.1945250172612704E-005  -4.5231492446617949E-004   1.0000000000000000E-002   1.2000000000000000E-002   1.0017982808309045        0.0000000000000000        1.0017982808309045        1.0000000000000000        6.9400066739805622E-310
  0.75501064394725170       -7.1945163325176927E-005  -4.5228895527671398E-004   1.0000000000000000E-002   1.2000000000000000E-002   1.0018025742589660        0.0000000000000000        1.0018025742589660        1.0000000000000000        6.9400066739805622E-310
  0.76501060178406421       -7.1661142652010447E-005  -4.5047822662258596E-004   1.0000000000000000E-002   1.2000000000000000E-002   1.0018068589994100        0.0000000000000000        1.0018068589994100        1.0000000000000000        6.9400066739805622E-310
  0.77501051778326691       -7.1094309183638199E-005  -4.4689016560184314E-004   1.0000000000000000E-002   1.2000000000000000E-002   1.0018111181453984        0.0000000000000000        1.0018111181453984        1.0000000000000000        6.9400066739805622E-310
  0.78501039227816793       -7.0246901797048485E-005  -4.4153909710420436E-004   1.0000000000000000E-002   1.2000000000000000E-002   1.0018153348927976        0.0000000000000000        1.0018153348927976        1.0000000000000000        6.9400066739805622E-310
  0.79501022576581537       -6.9122265451145081E-005  -4.3444661509717264E-004   1.0000000000000000E-002   1.2000000000000000E-002   1.0018194926076136        0.0000000000000000        1.0018194926076136        1.0000000000000000        6.9400066739805622E-310
  0.80501001890497770       -6.7724839409496234E-005  -4.2564077855367088E-004   1.0000000000000000E-002   1.2000000000000000E-002   1.0018235748909918        0.0000000000000000        1.0018235748909918        1.0000000000000000        6.9400066739805622E-310
  0.81500977251355400       -6.6060140015752249E-005  -4.1515684878046244E-004   1.0000000000000000E-002   1.2000000000000000E-002   1.0018275656442566        0.0000000000000000        1.0018275656442566        1.0000000000000000        6.9400066739805622E-310
  0.82500948756527759       -6.4134736940218761E-005  -4.0303607010905296E-004   1.0000000000000000E-002   1.2000000000000000E-002   1.0018314491315035        0.0000000000000000        1.0018314491315035        1.0000000000000000        6.9400066739805622E-310
  0.83500916518590640       -6.1956230302848150E-005  -3.8932678237380003E-004   1.0000000000000000E-002   1.2000000000000000E-002   1.0018352100416379        0.0000000000000000        1.0018352100416379        1.0000000000000000        6.9400066739805622E-310
  0.84500880664871414       -5.9533217877918954E-005  -3.7408312344044958E-004   1.0000000000000000E-002   1.2000000000000000E-002   1.0018388335497415        0.0000000000000000        1.0018388335497415        1.0000000000000000        6.9400066739805622E-310
  0.85500841336947320       -5.6875262453295845E-005  -3.5736537671393620E-004   1.0000000000000000E-002   1.2000000000000000E-002   1.0018423053736416        0.0000000000000000        1.0018423053736416        1.0000000000000000        6.9400066739805622E-310
  0.86500798690085112       -5.3992854281893693E-005  -3.3923966008497786E-004   1.0000000000000000E-002   1.2000000000000000E-002   1.0018456118309949        0.0000000000000000        1.0018456118309949        1.0000000000000000        6.9400066739805622E-310
  0.87500752892626965       -5.0897368936364319E-005  -3.1977752008049976E-004   1.0000000000000000E-002   1.2000000000000000E-002   1.0018487398927065        0.0000000000000000        1.0018487398927065        1.0000000000000000        6.9400066739805622E-310
  0.88500704125326013       -4.7601023851131106E-005  -2.9905577528221983E-004   1.0000000000000000E-002   1.2000000000000000E-002   1.0018516772337747        0.0000000000000000        1.0018516772337747        1.0000000000000000        6.9400066739805622E-310
  0.89500652580633067       -4.4116826326150506E-005  -2.7715626669522209E-004   1.0000000000000000E-002   1.2000000000000000E-002   1.0018544122822539        0.0000000000000000        1.0018544122822539        1.0000000000000000        6.9400066739805622E-310
  0.90500598461936088       -4.0458527859278834E-005  -2.5416526040888954E-004   1.0000000000000000E-002   1.2000000000000000E-002   1.0018569342641008        0.0000000000000000        1.0018569342641008        1.0000000000000000        6.9400066739805622E-310
  0.91500541982759631       -3.6640566307791054E-005  -2.3017347634723961E-004   1.0000000000000000E-002   1.2000000000000000E-002   1.0018592332454168        0.0000000000000000        1.0018592332454168        1.0000000000000000        6.9400066739805622E-310
  0.92500483365921704       -3.2678007982043128E-005  -2.0527540805392874E-004   1.0000000000000000E-002   1.2000000000000000E-002   1.0018613001715322        0.0000000000000000        1.0018613001715322        1.0000000000000000        6.9400066739805622E-310
  0.93500422842656805       -2.8586490902261471E-005  -1.7956921465245301E-004   1.0000000000000000E-002   1.2000000000000000E-002   1.0018631269023743        0.0000000000000000        1.0018631269023743        1.0000000000000000        6.9400066739805622E-310
  0.94500360651703741       -2.4382162025395485E-005  -1.5315606976606944E-004   1.0000000000000000E-002   1.2000000000000000E-002   1.0018647062442105        0.0000000000000000        1.0018647062442105        1.0000000000000000        6.9400066739805622E-310
  0.95500297038366755       -2.0081612973783456E-005  -1.2614010617184590E-004   1.0000000000000000E-002   1.2000000000000000E-002   1.0018660319780572        0.0000000000000000        1.0018660319780572        1.0000000000000000        6.9400066739805622E-310
  0.96500232253547702       -1.5701815177126123E-005  -9.8627574148579811E-005   1.0000000000000000E-002   1.2000000000000000E-002   1.0018670988838136        0.0000000000000000        1.0018670988838136        1.0000000000000000        6.9400066739805622E-310
  0.97500166552760148       -1.1260053488928189E-005  -7.0726870282200593E-005   1.0000000000000000E-002   1.2000000000000000E-002   1.0018679027605266        0.0000000000000000        1.0018679027605266        1.0000000000000000        6.9400066739805622E-310
  0.98500100195122053       -6.7738553829439604E-006  -4.2547763402289718E-005   1.0000000000000000E-002   1.2000000000000000E-002   1.0018684404431384        0.0000000000000000        1.0018684404431384        1.0000000000000000        6.9400066739805622E-310
  0.99500033442336988       -2.2609259793257093E-006  -1.4201225753573965E-005   1.0000000000000000E-002   1.2000000000000000E-002   1.0018687098146988        0.0000000000000000        1.0018687098146988        1.0000000000000000        6.9400066739805622E-310
   1.0049996655766311        2.2609301275178894E-006   1.4430067720283546E-005   1.0000000000000000E-002   1.2000000000000000E-002   1.0018687098146981        0.0000000000000000        1.0018687098146981        1.0000000000000000        6.9400066739805622E-310
   1.0149989980487806        6.7738682418077365E-006   4.3233390609742628E-005   1.0000000000000000E-002   1.2000000000000000E-002   1.0018684404431912        0.0000000000000000        1.0018684404431912        1.0000000000000000        6.9400066739805622E-310
   1.0249983344723983        1.1260074400594224E-005   7.1866604755221886E-005   1.0000000000000000E-002   1.2000000000000000E-002   1.0018679027605533        0.0000000000000000        1.0018679027605533        1.0000000000000000        6.9400066739805622E-310
   1.0349976774645233        1.5701844819753607E-005   1.0021688890482494E-004   1.0000000000000000E-002   1.2000000000000000E-002   1.0018670988836953        0.0000000000000000        1.0018670988836953        1.0000000000000000        6.9400066739805622E-310
   1.0449970296163353        2.0081650450493292E-005   1.2817266477327394E-004   1.0000000000000000E-002   1.2000000000000000E-002   1.0018660319781663        0.0000000000000000        1.0018660319781663        1.0000000000000000        6.9400066739805622E-310
  -4.9996655766301190E-003  -2.2612005966124867E-006  -3.5767633061438002E+077   1.0000000000000000E-002   1.2000000000000000E-002   1.0018687098146988        0.0000000000000000        1.0018687098146988        1.0000000000000000        6.9400066739805622E-310
  -1.4998998048779466E-002  -6.7746781355577319E-006   0.0000000000000000        1.0000000000000000E-002   1.2000000000000000E-002   1.0018684404431384        0.0000000000000000        1.0018684404431384        1.0000000000000000        6.9400066739805622E-310
  -2.4998334472398520E-002  -1.1261421162936368E-005  -3.5767633061438002E+077   1.0000000000000000E-002   1.2000000000000000E-002   1.0018679027605266        0.0000000000000000        1.0018679027605266        1.0000000000000000        6.9400066739805622E-310
  -3.4997677464522980E-002  -1.5703722329766735E-005   6.9400068546417920E-310   1.0000000000000000E-002   1.2000000000000000E-002   1.0018670988838136        0.0000000000000000        1.0018670988838136        1.0000000000000000        6.9400066739805622E-310
  -4.4997029616332451E-002  -2.0084052111637284E-005   6.9400066883177543E-310   1.0000000000000000E-002   1.2000000000000000E-002   1.0018660319780572        0.0000000000000000        1.0018660319780572        1.0000000000000000        6.9400066739805622E-310
