 # x, v, a, m, h, rho, u, P, c, ke
   2.5512000000000170     
   4.9996157919215247E-003  -1.8959482205793487E-006   1.6331545061198938E-005   1.0000000000000000E-002   1.2000000000000000E-002   1.0018788779064185        0.0000000000000000        1.0018788779064185        1.0000000000000000        6.9400066739805622E-310
   1.4998848892489194E-002  -5.6803640220625856E-006   4.8930151909765129E-005   1.0000000000000000E-002   1.2000000000000000E-002   1.0018785681229028        0.0000000000000000        1.0018785681229028        1.0000000000000000        6.9400066739805622E-310
   2.4998086537246725E-002  -9.4423677367309609E-006   8.1335443907981642E-005   1.0000000000000000E-002   1.2000000000000000E-002   1.0018779497800268        0.0000000000000000        1.0018779497800268        1.0000000000000000        6.9400066739805622E-310
   3.4997331735708181E-002  -1.3167116283266447E-005   1.1341925568153499E-004   1.0000000000000000E-002   1.2000000000000000E-002   1.0018770253223397        0.0000000000000000        1.0018770253223397        1.0000000000000000        6.9400066739805622E-310
   4.4996587467530783E-002  -1.6839912751907279E-005   1.4505497432093506E-004   1.0000000000000000E-002   1.2000000000000000E-002   1.0018757984041606        0.0000000000000000        1.0018757984041606        1.0000000000000000        6.9400066739805622E-310
   5.4995856670764703E-002  -2.0446265706931830E-005   1.7611752635815492E-004   1.0000000000000000E-002   1.2000000000000000E-002   1.0018742738749358        0.0000000000000000        1.0018742738749358        1.0000000000000000        6.9400066739805622E-310
   6.4995142230231812E-002  -2.3971946298088915E-005   2.0648422901459185E-004   1.0000000000000000E-002   1.2000000000000000E-002   1.0018724577605500        0.0000000000000000        1.0018724577605500        1.0000000000000000        6.9400066739805622E-310
   7.4994446966137329E-002  -2.7403042181126507E-005   2.3603508634106873E-004   1.0000000000000000E-002   1.2000000000000000E-002   1.0018703572391139        0.0000000000000000        1.0018703572391139        1.0000000000000000        6.9400066739805622E-310
   8.4993773622924040E-002  -3.0726015394553738E-005   2.6465338817072137E-004   1.0000000000000000E-002   1.2000000000000000E-002   1.0018679806126463        0.0000000000000000        1.0018679806126463        1.0000000000000000        6.9400066739805622E-310
   9.4993124858434530E-002  -3.3927753122040801E-005   2.9222613193979896E-004   1.0000000000000000E-002   1.2000000000000000E-002   1.0018653372737671        0.0000000000000000        1.0018653372737671        1.0000000000000000        6.9400066739805622E-310
  0.10499250323341826       -3.6995621551162969E-005   3.1864437756379260E-004   1.0000000000000000E-002   1.2000000000000000E-002   1.0018624376687841        0.0000000000000000        1.0018624376687841        1.0000000000000000        6.9400066739805622E-310
  0.11499191120141228       -3.9917514568437668E-005   3.4380384929821872E-004   1.0000000000000000E-002   1.2000000000000000E-002   1.0018592932561854        0.0000000000000000        1.0018592932561854        1.0000000000000000        6.9400066739805622E-310
  0.12499135109905932       -4.2681900997450957E-005   3.6760522348711078E-004   1.0000000000000000E-002   1.2000000000000000E-002   1.0018559164609349        0.0000000000000000        1.0018559164609349        1.0000000000000000        6.9400066739805622E-310
  0.13499082513688204       -4.5277871425576989E-005   3.8995456797419337E-004   1.0000000000000000E-002   1.2000000000000000E-002   1.0018523206253200        0.0000000000000000        1.0018523206253200        1.0000000000000000        6.9400066739805622E-310
  0.14499033539056028       -4.7695180806943294E-005   4.1076365927850134E-004   1.0000000000000000E-002   1.2000000000000000E-002   1.0018485199561489        0.0000000000000000        1.0018485199561489        1.0000000000000000        6.9400066739805622E-310
  0.15498988379273693       -4.9924288266999597E-005   4.2995039537530033E-004   1.0000000000000000E-002   1.2000000000000000E-002   1.0018445294685601        0.0000000000000000        1.0018445294685601        1.0000000000000000        6.9400066739805622E-310
  0.16498947212539150       -5.1956395023749065E-005   4.4743917002332267E-004   1.0000000000000000E-002   1.2000000000000000E-002   1.0018403649260579        0.0000000000000000        1.0018403649260579        1.0000000000000000        6.9400066739805622E-310
  0.17498910201281997       -5.3783479974112806E-005   4.6316097955756419E-004   1.0000000000000000E-002   1.2000000000000000E-002   1.0018360427782680        0.0000000000000000        1.0018360427782680        1.0000000000000000        6.9400066739805622E-310
  0.18498877491522356       -5.5398330614487278E-005   4.7705385121243893E-004   1.0000000000000000E-002   1.2000000000000000E-002   1.0018315800961639        0.0000000000000000        1.0018315800961639        1.0000000000000000        6.9400066739805622E-310
  0.19498849212295258       -5.6794571206098451E-005   4.8906309029028705E-004   1.0000000000000000E-002   1.2000000000000000E-002   1.0018269945040668        0.0000000000000000        1.0018269945040668        1.0000000000000000        6.9400066739805622E-310
  0.20498825475142674       -5.7966688399735958E-005   4.9914139880158359E-004   1.0000000000000000E-002   1.2000000000000000E-002   1.0018223041099730        0.0000000000000000        1.0018223041099730        1.0000000000000000        6.9400066739805622E-310
  0.21498806373673976       -5.8910053812568073E-005   5.0724915009592308E-004   1.0000000000000000E-002   1.2000000000000000E-002   1.0018175274339713        0.0000000000000000        1.0018175274339713        1.0000000000000000        6.9400066739805622E-310
  0.22498791983197911       -5.9620940915854997E-005   5.1335447458011885E-004   1.0000000000000000E-002   1.2000000000000000E-002   1.0018126833349625        0.0000000000000000        1.0018126833349625        1.0000000000000000        6.9400066739805622E-310
  0.23498782360426382       -6.0096540536844074E-005   5.1743342743471032E-004   1.0000000000000000E-002   1.2000000000000000E-002   1.0018077909362078        0.0000000000000000        1.0018077909362078        1.0000000000000000        6.9400066739805622E-310
  0.24498777543251973       -6.0334972205907192E-005   5.1947005413310876E-004   1.0000000000000000E-002   1.2000000000000000E-002   1.0018028695497316        0.0000000000000000        1.0018028695497316        1.0000000000000000        6.9400066739805622E-310
  0.25498777550599638       -6.0335290918650922E-005   5.1945648398454836E-004   1.0000000000000000E-002   1.2000000000000000E-002   1.0017979386000779        0.0000000000000000        1.0017979386000779        1.0000000000000000        6.9400066739805622E-310
  0.26498782382353242       -6.0097492097225501E-005   5.1739299758324364E-004   1.0000000000000000E-002   1.2000000000000000E-002   1.0017930175471805        0.0000000000000000        1.0017930175471805        1.0000000000000000        6.9400066739805622E-310
  0.27498792019358492       -5.9622510168770537E-005   5.1328775306913599E-004   1.0000000000000000E-002   1.2000000000000000E-002   1.0017881258103132        0.0000000000000000        1.0017881258103132        1.0000000000000000        6.9400066739805622E-310
  0.28498806423497886       -5.8912216205194143E-005   5.0715722182381739E-004   1.0000000000000000E-002   1.2000000000000000E-002   1.0017832826912656        0.0000000000000000        1.0017832826912656        1.0000000000000000        6.9400066739805622E-310
  0.29498825537844081       -5.7969409622656453E-005   4.9902573648985538E-004   1.0000000000000000E-002   1.2000000000000000E-002   1.0017785072975534        0.0000000000000000        1.0017785072975534        1.0000000000000000        6.9400066739805622E-310
  0.30498849286885554       -5.6797808112819614E-005   4.8892546914469648E-004   1.0000000000000000E-002   1.2000000000000000E-002   1.0017738184680076        0.0000000000000000        1.0017738184680076        1.0000000000000000        6.9400066739805622E-310
  0.31498877576825068       -5.5402032469077661E-005   4.7689647835191806E-004   1.0000000000000000E-002   1.2000000000000000E-002   1.0017692346980773        0.0000000000000000        1.0017692346980773        1.0000000000000000        6.9400066739805622E-310
  0.32498910295951977       -5.3787588616237916E-005   4.6298629468033425E-004   1.0000000000000000E-002   1.2000000000000000E-002   1.0017647740670406        0.0000000000000000        1.0017647740670406        1.0000000000000000        6.9400066739805622E-310
  0.33498947315083116       -5.1960845304396443E-005   4.4724998010359229E-004   1.0000000000000000E-002   1.2000000000000000E-002   1.0017604541668543        0.0000000000000000        1.0017604541668543        1.0000000000000000        6.9400066739805622E-310
  0.34498988488074428       -4.9929009953061124E-005   4.2974969222075998E-004   1.0000000000000000E-002   1.2000000000000000E-002   1.0017562920327421        0.0000000000000000        1.0017562920327421        1.0000000000000000        6.9400066739805622E-310
  0.35499033652398004       -4.7700099534524348E-005   4.1055454121874391E-004   1.0000000000000000E-002   1.2000000000000000E-002   1.0017523040766381        0.0000000000000000        1.0017523040766381        1.0000000000000000        6.9400066739805622E-310
  0.36499082629783791       -4.5282909944321516E-005   3.8974038415329204E-004   1.0000000000000000E-002   1.2000000000000000E-002   1.0017485060221851        0.0000000000000000        1.0017485060221851        1.0000000000000000        6.9400066739805622E-310
  0.37499135226924318       -4.2686979244622758E-005   3.6738933257396411E-004   1.0000000000000000E-002   1.2000000000000000E-002   1.0017449128431275        0.0000000000000000        1.0017449128431275        1.0000000000000000        6.9400066739805622E-310
  0.38499191236236979       -3.9922552734578012E-005   3.4358964683178783E-004   1.0000000000000000E-002   1.2000000000000000E-002   1.0017415387045312        0.0000000000000000        1.0017415387045312        1.0000000000000000        6.9400066739805622E-310
  0.39499250436683886       -3.7000540579021072E-005   3.1843527520258874E-004   1.0000000000000000E-002   1.2000000000000000E-002   1.0017383969066602        0.0000000000000000        1.0017383969066602        1.0000000000000000        6.9400066739805622E-310
  0.40499312594644443       -3.3932474800060230E-005   2.9202540161143986E-004   1.0000000000000000E-002   1.2000000000000000E-002   1.0017354998332086        0.0000000000000000        1.0017354998332086        1.0000000000000000        6.9400066739805622E-310
  0.41499377464836468       -3.0730465437515269E-005   2.6446419216252792E-004   1.0000000000000000E-002   1.2000000000000000E-002   1.0017328589028760        0.0000000000000000        1.0017328589028760        1.0000000000000000        6.9400066739805622E-310
  0.42499444791283608       -2.7407150820773697E-005   2.3586042844847555E-004   1.0000000000000000E-002   1.2000000000000000E-002   1.0017304845239146        0.0000000000000000        1.0017304845239146        1.0000000000000000        6.9400066739805622E-310
  0.43499514308325854       -2.3975648266858996E-005   2.0632687055144316E-004   1.0000000000000000E-002   1.2000000000000000E-002   1.0017283860533648        0.0000000000000000        1.0017283860533648        1.0000000000000000        6.9400066739805622E-310
  0.44499585741666925       -2.0449502981195976E-005   1.7597988601814052E-004   1.0000000000000000E-002   1.2000000000000000E-002   1.0017265717611601        0.0000000000000000        1.0017265717611601        1.0000000000000000        6.9400066739805622E-310
  0.45499658809454679       -1.6842633730076519E-005   1.4493929193992727E-004   1.0000000000000000E-002   1.2000000000000000E-002   1.0017250487966667        0.0000000000000000        1.0017250487966667        1.0000000000000000        6.9400066739805622E-310
  0.46499733223394679       -1.3169278466741899E-005   1.1332736520941467E-004   1.0000000000000000E-002   1.2000000000000000E-002   1.0017238231606935        0.0000000000000000        1.0017238231606935        1.0000000000000000        6.9400066739805622E-310
  0.47499808689885459       -9.4439369517459804E-006   8.1268698374437065E-005   1.0000000000000000E-002   1.2000000000000000E-002   1.0017228996829013        0.0000000000000000        1.0017228996829013        1.0000000000000000        6.9400066739805622E-310
  0.48499884911175911       -5.6813158765117033E-006   4.8889713320399153E-005   1.0000000000000000E-002   1.2000000000000000E-002   1.0017222820020770        0.0000000000000000        1.0017222820020770        1.0000000000000000        6.9400066739805622E-310
  0.49499961586539792       -1.8962670578964363E-006   1.6317991713421520E-005   1.0000000000000000E-002   1.2000000000000000E-002   1.0017219725520854        0.0000000000000000        1.0017219725520854        1.0000000000000000        6.9400066739805622E-310
  0.50500038413460357        1.8962673674557741E-006  -1.6318002143300703E-005   1.0000000000000000E-002   1.2000000000000000E-002   1.0017219725521322        0.0000000000000000        1.0017219725521322        1.0000000000000000        6.9400066739805622E-310
  0.51500115088824139        5.6813154601833783E-006  -4.8889713998967466E-005   1.0000000000000000E-002   1.2000000000000000E-002   1.0017222820021705        0.0000000000000000        1.0017222820021705        1.0000000000000000        6.9400066739805622E-310
  0.52500191310114497        9.4439370579223820E-006  -8.1268689957170182E-005   1.0000000000000000E-002   1.2000000000000000E-002   1.0017228996829628        0.0000000000000000        1.0017228996829628        1.0000000000000000        6.9400066739805622E-310
  0.53500266776605232        1.3169278371679820E-005  -1.1332734246227716E-004   1.0000000000000000E-002   1.2000000000000000E-002   1.0017238231606194        0.0000000000000000        1.0017238231606194        1.0000000000000000        6.9400066739805622E-310
  0.54500341190545432        1.6842633835902274E-005  -1.4493930309633640E-004   1.0000000000000000E-002   1.2000000000000000E-002   1.0017250487965312        0.0000000000000000        1.0017250487965312        1.0000000000000000        6.9400066739805622E-310
  0.55500414258333297        2.0449503177039399E-005  -1.7597991616113973E-004   1.0000000000000000E-002   1.2000000000000000E-002   1.0017265717612180        0.0000000000000000        1.0017265717612180        1.0000000000000000        6.9400066739805622E-310
  0.56500485691674107        2.3975648144102675E-005  -2.0632683969878940E-004   1.0000000000000000E-002   1.2000000000000000E-002   1.0017283860534194        0.0000000000000000        1.0017283860534194        1.0000000000000000        6.9400066739805622E-310
  0.57500555208716486        2.7407150573635846E-005  -2.3586043668277767E-004   1.0000000000000000E-002   1.2000000000000000E-002   1.0017304845238564        0.0000000000000000        1.0017304845238564        1.0000000000000000        6.9400066739805622E-310
  0.58500622535163660        3.0730465558745159E-005  -2.6446421559445099E-004   1.0000000000000000E-002   1.2000000000000000E-002   1.0017328589029755        0.0000000000000000        1.0017328589029755        1.0000000000000000        6.9400066739805622E-310
  0.59500687405355412        3.3932474802252704E-005  -2.9202536327055384E-004   1.0000000000000000E-002   1.2000000000000000E-002   1.0017354998332342        0.0000000000000000        1.0017354998332342        1.0000000000000000        6.9400066739805622E-310
  0.60500749563316181        3.7000540493532280E-005  -3.1843528290309564E-004   1.0000000000000000E-002   1.2000000000000000E-002   1.0017383969065436        0.0000000000000000        1.0017383969065436        1.0000000000000000        6.9400066739805622E-310
  0.61500808763763148        3.9922552864026317E-005  -3.4358965791270180E-004   1.0000000000000000E-002   1.2000000000000000E-002   1.0017415387045114        0.0000000000000000        1.0017415387045114        1.0000000000000000        6.9400066739805622E-310
  0.62500864773075770        4.2686979309313470E-005  -3.6738933087576697E-004   1.0000000000000000E-002   1.2000000000000000E-002   1.0017449128431370        0.0000000000000000        1.0017449128431370        1.0000000000000000        6.9400066739805622E-310
  0.63500917370216325        4.5282909888816965E-005  -3.8974039665884419E-004   1.0000000000000000E-002   1.2000000000000000E-002   1.0017485060222504        0.0000000000000000        1.0017485060222504        1.0000000000000000        6.9400066739805622E-310
  0.64500966347601940        4.7700099561185394E-005  -4.1055452165306150E-004   1.0000000000000000E-002   1.2000000000000000E-002   1.0017523040766660        0.0000000000000000        1.0017523040766660        1.0000000000000000        6.9400066739805622E-310
  0.65501011511925633        4.9929009807537177E-005  -4.2974969834297383E-004   1.0000000000000000E-002   1.2000000000000000E-002   1.0017562920327163        0.0000000000000000        1.0017562920327163        1.0000000000000000        6.9400066739805622E-310
  0.66501052684916873        5.1960845365467776E-005  -4.4724995761757924E-004   1.0000000000000000E-002   1.2000000000000000E-002   1.0017604541667506        0.0000000000000000        1.0017604541667506        1.0000000000000000        6.9400066739805622E-310
  0.67501089704048312        5.3787588507185006E-005  -4.6298633037800130E-004   1.0000000000000000E-002   1.2000000000000000E-002   1.0017647740669973        0.0000000000000000        1.0017647740669973        1.0000000000000000        6.9400066739805622E-310
  0.68501122423175009        5.5402032604712105E-005  -4.7689646059723145E-004   1.0000000000000000E-002   1.2000000000000000E-002   1.0017692346981184        0.0000000000000000        1.0017692346981184        1.0000000000000000        6.9400066739805622E-310
  0.69501150713114634        5.6797808092143939E-005  -4.8892548449952500E-004   1.0000000000000000E-002   1.2000000000000000E-002   1.0017738184680307        0.0000000000000000        1.0017738184680307        1.0000000000000000        6.9400066739805622E-310
  0.70501174462155969        5.7969409643663968E-005  -4.9902573233051584E-004   1.0000000000000000E-002   1.2000000000000000E-002   1.0017785072976384        0.0000000000000000        1.0017785072976384        1.0000000000000000        6.9400066739805622E-310
  0.71501193576502120        5.8912216067128783E-005  -5.0715722428495980E-004   1.0000000000000000E-002   1.2000000000000000E-002   1.0017832826913278        0.0000000000000000        1.0017832826913278        1.0000000000000000        6.9400066739805622E-310
  0.72501207980641447        5.9622510300724514E-005  -5.1328775044101604E-004   1.0000000000000000E-002   1.2000000000000000E-002   1.0017881258103896        0.0000000000000000        1.0017881258103896        1.0000000000000000        6.9400066739805622E-310
  0.73501217617646575        6.0097492050367205E-005  -5.1739295996089396E-004   1.0000000000000000E-002   1.2000000000000000E-002   1.0017930175470646        0.0000000000000000        1.0017930175470646        1.0000000000000000        6.9400066739805622E-310
  0.74501222449400561        6.0335291128092964E-005  -5.1945651857732145E-004   1.0000000000000000E-002   1.2000000000000000E-002   1.0017979385999531        0.0000000000000000        1.0017979385999531        1.0000000000000000        6.9400066739805622E-310
  0.75501222456748107        6.0334972037089541E-005  -5.1947004411445619E-004   1.0000000000000000E-002   1.2000000000000000E-002   1.0018028695497181        0.0000000000000000        1.0018028695497181        1.0000000000000000        6.9400066739805622E-310
  0.76501217639573826        6.0096540529726808E-005  -5.1743344362797927E-004   1.0000000000000000E-002   1.2000000000000000E-002   1.0018077909362153        0.0000000000000000        1.0018077909362153        1.0000000000000000        6.9400066739805622E-310
  0.77501208016802159        5.9620940828595012E-005  -5.1335446310840638E-004   1.0000000000000000E-002   1.2000000000000000E-002   1.0018126833349998        0.0000000000000000        1.0018126833349998        1.0000000000000000        6.9400066739805622E-310
  0.78501193626326149        5.8910053849821287E-005  -5.0724915759481348E-004   1.0000000000000000E-002   1.2000000000000000E-002   1.0018175274339867        0.0000000000000000        1.0018175274339867        1.0000000000000000        6.9400066739805622E-310
  0.79501174524857376        5.7966688414662766E-005  -4.9914139782725186E-004   1.0000000000000000E-002   1.2000000000000000E-002   1.0018223041100214        0.0000000000000000        1.0018223041100214        1.0000000000000000        6.9400066739805622E-310
  0.80501150787704767        5.6794571228141562E-005  -4.8906309296103956E-004   1.0000000000000000E-002   1.2000000000000000E-002   1.0018269945041189        0.0000000000000000        1.0018269945041189        1.0000000000000000        6.9400066739805622E-310
  0.81501122508477586        5.5398330556634027E-005  -4.7705384014129493E-004   1.0000000000000000E-002   1.2000000000000000E-002   1.0018315800961817        0.0000000000000000        1.0018315800961817        1.0000000000000000        6.9400066739805622E-310
  0.82501089798717986        5.3783480210931305E-005  -4.6316097676779577E-004   1.0000000000000000E-002   1.2000000000000000E-002   1.0018360427782191        0.0000000000000000        1.0018360427782191        1.0000000000000000        6.9400066739805622E-310
  0.83501052787460905        5.1956395128085736E-005  -4.4743917885092799E-004   1.0000000000000000E-002   1.2000000000000000E-002   1.0018403649260408        0.0000000000000000        1.0018403649260408        1.0000000000000000        6.9400066739805622E-310
  0.84501011620726318        4.9924288040624906E-005  -4.2995039000093271E-004   1.0000000000000000E-002   1.2000000000000000E-002   1.0018445294685552        0.0000000000000000        1.0018445294685552        1.0000000000000000        6.9400066739805622E-310
  0.85500966460944039        4.7695180821477850E-005  -4.1076366921721785E-004   1.0000000000000000E-002   1.2000000000000000E-002   1.0018485199561644        0.0000000000000000        1.0018485199561644        1.0000000000000000        6.9400066739805622E-310
  0.86500917486311779        4.5277871423901328E-005  -3.8995456356882841E-004   1.0000000000000000E-002   1.2000000000000000E-002   1.0018523206253667        0.0000000000000000        1.0018523206253667        1.0000000000000000        6.9400066739805622E-310
  0.87500864890094032        4.2681901061480584E-005  -3.6760522426160236E-004   1.0000000000000000E-002   1.2000000000000000E-002   1.0018559164609584        0.0000000000000000        1.0018559164609584        1.0000000000000000        6.9400066739805622E-310
  0.88500808879858728        3.9917514353271066E-005  -3.4380386300991717E-004   1.0000000000000000E-002   1.2000000000000000E-002   1.0018592932562782        0.0000000000000000        1.0018592932562782        1.0000000000000000        6.9400066739805622E-310
  0.89500749676657942        3.6995621589185892E-005  -3.1864436161743726E-004   1.0000000000000000E-002   1.2000000000000000E-002   1.0018624376688641        0.0000000000000000        1.0018624376688641        1.0000000000000000        6.9400066739805622E-310
  0.90500687514156331        3.3927753296679851E-005  -2.9222612353496658E-004   1.0000000000000000E-002   1.2000000000000000E-002   1.0018653372737372        0.0000000000000000        1.0018653372737372        1.0000000000000000        6.9400066739805622E-310
  0.91500622637707429        3.0726015234559006E-005  -2.6465337968417657E-004   1.0000000000000000E-002   1.2000000000000000E-002   1.0018679806125435        0.0000000000000000        1.0018679806125435        1.0000000000000000        6.9400066739805622E-310
  0.92500555303386267        2.7403042223713060E-005  -2.3603510317915521E-004   1.0000000000000000E-002   1.2000000000000000E-002   1.0018703572390395        0.0000000000000000        1.0018703572390395        1.0000000000000000        6.9400066739805622E-310
  0.93500485776976816        2.3971946258209384E-005  -2.0648423669111793E-004   1.0000000000000000E-002   1.2000000000000000E-002   1.0018724577605953        0.0000000000000000        1.0018724577605953        1.0000000000000000        6.9400066739805622E-310
  0.94500414332923399        2.0446265850579242E-005  -1.7611749707047153E-004   1.0000000000000000E-002   1.2000000000000000E-002   1.0018742738748800        0.0000000000000000        1.0018742738748800        1.0000000000000000        6.9400066739805622E-310
  0.95500341253247045        1.6839912686464202E-005  -1.4505500466466259E-004   1.0000000000000000E-002   1.2000000000000000E-002   1.0018757984041022        0.0000000000000000        1.0018757984041022        1.0000000000000000        6.9400066739805622E-310
  0.96500266826429204        1.3167116060722222E-005  -1.1341926421604143E-004   1.0000000000000000E-002   1.2000000000000000E-002   1.0018770253224720        0.0000000000000000        1.0018770253224720        1.0000000000000000        6.9400066739805622E-310
  0.97500191346275122        9.4423678591759635E-006  -8.1335397936754816E-005   1.0000000000000000E-002   1.2000000000000000E-002   1.0018779497799772        0.0000000000000000        1.0018779497799772        1.0000000000000000        6.9400066739805622E-310
  0.98500115110751219        5.6803641547339956E-006  -4.8930178405015567E-005   1.0000000000000000E-002   1.2000000000000000E-002   1.0018785681227687        0.0000000000000000        1.0018785681227687        1.0000000000000000        6.9400066739805622E-310
  0.99500038420807946        1.8959481798162140E-006  -1.6331547102232946E-005   1.0000000000000000E-002   1.2000000000000000E-002   1.0018788779064265        0.0000000000000000        1.0018788779064265        1.0000000000000000        6.9400066739805622E-310
   1.0049996157919214       -1.8959434762197770E-006   1.6136223154994411E-005   1.0000000000000000E-002   1.2000000000000000E-002   1.0018788779064185        0.0000000000000000        1.0018788779064185        1.0000000000000000        6.9400066739805622E-310
   1.0149988488924893       -5.6803498049455017E-006   4.8344958776702640E-005   1.0000000000000000E-002   1.2000000000000000E-002   1.0018785681229028        0.0000000000000000        1.0018785681229028        1.0000000000000000        6.9400066739805622E-310
   1.0249980865372468       -9.4423440974292445E-006   8.0362683494428211E-005   1.0000000000000000E-002   1.2000000000000000E-002   1.0018779497800268        0.0000000000000000        1.0018779497800268        1.0000000000000000        6.9400066739805622E-310
   1.0349973317357082       -1.3167083330902409E-005   1.1206275664754628E-004   1.0000000000000000E-002   1.2000000000000000E-002   1.0018770253223397        0.0000000000000000        1.0018770253223397        1.0000000000000000        6.9400066739805622E-310
   1.0449965874675309       -1.6839870604671175E-005   1.4332009669715262E-004   1.0000000000000000E-002   1.2000000000000000E-002   1.0018757984041606        0.0000000000000000        1.0018757984041606        1.0000000000000000        6.9400066739805622E-310
  -4.9996157919205420E-003   1.8961825608705121E-006  -3.5767633061438002E+077   1.0000000000000000E-002   1.2000000000000000E-002   1.0018788779064265        0.0000000000000000        1.0018788779064265        1.0000000000000000        6.9400066739805622E-310
  -1.4998848892487815E-002   5.6810663959293229E-006   0.0000000000000000        1.0000000000000000E-002   1.2000000000000000E-002   1.0018785681227687        0.0000000000000000        1.0018785681227687        1.0000000000000000        6.9400066739805622E-310
  -2.4998086537248776E-002   9.4435351762509657E-006  -3.5767633061438002E+077   1.0000000000000000E-002   1.2000000000000000E-002   1.0018779497799772        0.0000000000000000        1.0018779497799772        1.0000000000000000        6.9400066739805622E-310
  -3.4997331735707959E-002   1.3168743847216617E-005   6.9400068546417920E-310   1.0000000000000000E-002   1.2000000000000000E-002   1.0018770253224720        0.0000000000000000        1.0018770253224720        1.0000000000000000        6.9400066739805622E-310
  -4.4996587467529547E-002   1.6841994540081698E-005   6.9400066883177543E-310   1.0000000000000000E-002   1.2000000000000000E-002   1.0018757984041022        0.0000000000000000        1.0018757984041022        1.0000000000000000        6.9400066739805622E-310
