 # x, v, a, m, h, rho, u, P, c, ke
   4.7520000000000424     
   4.9997953687086691E-003   2.8429491452336407E-006   8.6879265799311156E-006   1.0000000000000000E-002   1.2000000000000000E-002   1.0018422016522091        0.0000000000000000        1.0018422016522091        1.0000000000000000        6.9400066739805622E-310
   1.4999386912992666E-002   8.5176350776581137E-006   2.6029628688029049E-005   1.0000000000000000E-002   1.2000000000000000E-002   1.0018420368646286        0.0000000000000000        1.0018420368646286        1.0000000000000000        6.9400066739805622E-310
   2.4998980874711293E-002   1.4158729115390802E-005   4.3268982953037494E-005   1.0000000000000000E-002   1.2000000000000000E-002   1.0018417079374866        0.0000000000000000        1.0018417079374866        1.0000000000000000        6.9400066739805622E-310
   3.4998578854926722E-002   1.9743982305364868E-005   6.0338124538539262E-005   1.0000000000000000E-002   1.2000000000000000E-002   1.0018412161647707        0.0000000000000000        1.0018412161647707        1.0000000000000000        6.9400066739805622E-310
   4.4998182438891927E-002   2.5251366700027005E-005   7.7169979951108303E-005   1.0000000000000000E-002   1.2000000000000000E-002   1.0018405634810652        0.0000000000000000        1.0018405634810652        1.0000000000000000        6.9400066739805622E-310
   5.4997793189825665E-002   3.0659161325867479E-005   9.3698277106035732E-005   1.0000000000000000E-002   1.2000000000000000E-002   1.0018397524539935        0.0000000000000000        1.0018397524539935        1.0000000000000000        6.9400066739805622E-310
   6.4997412642754396E-002   3.5946035133704944E-005   1.0985802304386283E-004   1.0000000000000000E-002   1.2000000000000000E-002   1.0018387862743705        0.0000000000000000        1.0018387862743705        1.0000000000000000        6.9400066739805622E-310
   7.4997042298478284E-002   4.1091135306796363E-005   1.2558561986342198E-004   1.0000000000000000E-002   1.2000000000000000E-002   1.0018376687434263        0.0000000000000000        1.0018376687434263        1.0000000000000000        6.9400066739805622E-310
   8.4996683617665811E-002   4.6074166200174865E-005   1.4081908384344644E-004   1.0000000000000000E-002   1.2000000000000000E-002   1.0018364042585792        0.0000000000000000        1.0018364042585792        1.0000000000000000        6.9400066739805622E-310
   9.4996338015093662E-002   5.0875469879831221E-005   1.5549852186236279E-004   1.0000000000000000E-002   1.2000000000000000E-002   1.0018349977957792        0.0000000000000000        1.0018349977957792        1.0000000000000000        6.9400066739805622E-310
  0.10499600685408987        5.5476104859309917E-005   1.6956602728068759E-004   1.0000000000000000E-002   1.2000000000000000E-002   1.0018334548901799        0.0000000000000000        1.0018334548901799        1.0000000000000000        6.9400066739805622E-310
  0.11499569144115034        5.9857918475638230E-005   1.8296620859459267E-004   1.0000000000000000E-002   1.2000000000000000E-002   1.0018317816147380        0.0000000000000000        1.0018317816147380        1.0000000000000000        6.9400066739805622E-310
  0.12499539302079964        6.4003621513788735E-005   1.9564616028056037E-004   1.0000000000000000E-002   1.2000000000000000E-002   1.0018299845564271        0.0000000000000000        1.0018299845564271        1.0000000000000000        6.9400066739805622E-310
  0.13499511277067325        6.7896853259527854E-005   2.0755591385235306E-004   1.0000000000000000E-002   1.2000000000000000E-002   1.0018280707905365        0.0000000000000000        1.0018280707905365        1.0000000000000000        6.9400066739805622E-310
  0.14499485179687965        7.1522247993226944E-005   2.1864844318209009E-004   1.0000000000000000E-002   1.2000000000000000E-002   1.0018260478526719        0.0000000000000000        1.0018260478526719        1.0000000000000000        6.9400066739805622E-310
  0.15499461112963253        7.4865495329842676E-005   2.2887988954689575E-004   1.0000000000000000E-002   1.2000000000000000E-002   1.0018239237098254        0.0000000000000000        1.0018239237098254        1.0000000000000000        6.9400066739805622E-310
  0.16499439171917432        7.7913395740762084E-005   2.3820989956302441E-004   1.0000000000000000E-002   1.2000000000000000E-002   1.0018217067286039        0.0000000000000000        1.0018217067286039        1.0000000000000000        6.9400066739805622E-310
  0.17499419443203401        8.0653914769025220E-005   2.4660141361554366E-004   1.0000000000000000E-002   1.2000000000000000E-002   1.0018194056429619        0.0000000000000000        1.0018194056429619        1.0000000000000000        6.9400066739805622E-310
  0.18499402004757895        8.3076228171722946E-005   2.5402124713558294E-004   1.0000000000000000E-002   1.2000000000000000E-002   1.0018170295201725        0.0000000000000000        1.0018170295201725        1.0000000000000000        6.9400066739805622E-310
  0.19499386925493659        8.5170766476256893E-005   2.6043999386615724E-004   1.0000000000000000E-002   1.2000000000000000E-002   1.0018145877244515        0.0000000000000000        1.0018145877244515        1.0000000000000000        6.9400066739805622E-310
  0.20499374265026216        8.6929253276210084E-005   2.6583211181829824E-004   1.0000000000000000E-002   1.2000000000000000E-002   1.0018120898807172        0.0000000000000000        1.0018120898807172        1.0000000000000000        6.9400066739805622E-310
  0.21499364073436555        8.8344735013454919E-005   2.7017614312985216E-004   1.0000000000000000E-002   1.2000000000000000E-002   1.0018095458368210        0.0000000000000000        1.0018095458368210        1.0000000000000000        6.9400066739805622E-310
  0.22499356391071823        8.9411612430507893E-005   2.7345475400153418E-004   1.0000000000000000E-002   1.2000000000000000E-002   1.0018069656245674        0.0000000000000000        1.0018069656245674        1.0000000000000000        6.9400066739805622E-310
  0.23499351248384431        9.0125660920158549E-005   2.7565470597767927E-004   1.0000000000000000E-002   1.2000000000000000E-002   1.0018043594206842        0.0000000000000000        1.0018043594206842        1.0000000000000000        6.9400066739805622E-310
  0.24499348665808890        9.0484048041734243E-005   2.7676712277724391E-004   1.0000000000000000E-002   1.2000000000000000E-002   1.0018017375067123        0.0000000000000000        1.0018017375067123        1.0000000000000000        6.9400066739805622E-310
  0.25499348653679310        9.0485343639075500E-005   2.7678746989945324E-004   1.0000000000000000E-002   1.2000000000000000E-002   1.0017991102276758        0.0000000000000000        1.0017991102276758        1.0000000000000000        6.9400066739805622E-310
  0.26499351212187539        9.0129527187509824E-005   2.7571530373560194E-004   1.0000000000000000E-002   1.2000000000000000E-002   1.0017964879520356        0.0000000000000000        1.0017964879520356        1.0000000000000000        6.9400066739805622E-310
  0.27499356331378688        8.9417988426208220E-005   2.7355460651179442E-004   1.0000000000000000E-002   1.2000000000000000E-002   1.0017938810312819        0.0000000000000000        1.0017938810312819        1.0000000000000000        6.9400066739805622E-310
  0.28499363991188070        8.8353519885066420E-005   2.7031379221309493E-004   1.0000000000000000E-002   1.2000000000000000E-002   1.0017912997578875        0.0000000000000000        1.0017912997578875        1.0000000000000000        6.9400066739805622E-310
  0.29499374161519604        8.6940308631201018E-005   2.6600534588361313E-004   1.0000000000000000E-002   1.2000000000000000E-002   1.0017887543249688        0.0000000000000000        1.0017887543249688        1.0000000000000000        6.9400066739805622E-310
  0.30499386802361478        8.5183918558022194E-005   2.6064603659392560E-004   1.0000000000000000E-002   1.2000000000000000E-002   1.0017862547866614        0.0000000000000000        1.0017862547866614        1.0000000000000000        6.9400066739805622E-310
  0.31499401863941734        8.3091268986539471E-005   2.5425692754676987E-004   1.0000000000000000E-002   1.2000000000000000E-002   1.0017838110173531        0.0000000000000000        1.0017838110173531        1.0000000000000000        6.9400066739805622E-310
  0.32499419286924341        8.0670607322086581E-005   2.4686293337783383E-004   1.0000000000000000E-002   1.2000000000000000E-002   1.0017814326730907        0.0000000000000000        1.0017814326730907        1.0000000000000000        6.9400066739805622E-310
  0.33499439002639969        7.7931476378269226E-005   2.3849314291002344E-004   1.0000000000000000E-002   1.2000000000000000E-002   1.0017791291534870        0.0000000000000000        1.0017791291534870        1.0000000000000000        6.9400066739805622E-310
  0.34499460933356535        7.4884679037972047E-005   2.2918048687969872E-004   1.0000000000000000E-002   1.2000000000000000E-002   1.0017769095637021        0.0000000000000000        1.0017769095637021        1.0000000000000000        6.9400066739805622E-310
  0.35499484992584784        7.1542232531535789E-005   2.1896159749523747E-004   1.0000000000000000E-002   1.2000000000000000E-002   1.0017747826786396        0.0000000000000000        1.0017747826786396        1.0000000000000000        6.9400066739805622E-310
  0.36499511085418812        6.7917323269374249E-005   2.0787662056687140E-004   1.0000000000000000E-002   1.2000000000000000E-002   1.0017727569087340        0.0000000000000000        1.0017727569087340        1.0000000000000000        6.9400066739805622E-310
  0.37499539108908281        6.4024254475733761E-005   1.9596942907096349E-004   1.0000000000000000E-002   1.2000000000000000E-002   1.0017708402655932        0.0000000000000000        1.0017708402655932        1.0000000000000000        6.9400066739805622E-310
  0.38499568952466690        5.9878388840907808E-005   1.8328690662627878E-004   1.0000000000000000E-002   1.2000000000000000E-002   1.0017690403300770        0.0000000000000000        1.0017690403300770        1.0000000000000000        6.9400066739805622E-310
  0.39499600498306053        5.5496089373898133E-005   1.6987915859356661E-004   1.0000000000000000E-002   1.2000000000000000E-002   1.0017673642227225        0.0000000000000000        1.0017673642227225        1.0000000000000000        6.9400066739805622E-310
  0.40499633621902831        5.0894653903292107E-005   1.5579908520368946E-004   1.0000000000000000E-002   1.2000000000000000E-002   1.0017658185751750        0.0000000000000000        1.0017658185751750        1.0000000000000000        6.9400066739805622E-310
  0.41499668192488753        4.6092246754677948E-005   1.4110239589282259E-004   1.0000000000000000E-002   1.2000000000000000E-002   1.0017644095036591        0.0000000000000000        1.0017644095036591        1.0000000000000000        6.9400066739805622E-310
  0.42499704073568684        4.1107827648978918E-005   1.2584713472474363E-004   1.0000000000000000E-002   1.2000000000000000E-002   1.0017631425845486        0.0000000000000000        1.0017631425845486        1.0000000000000000        6.9400066739805622E-310
  0.43499741123459357        3.5961075920184558E-005   1.1009367242209578E-004   1.0000000000000000E-002   1.2000000000000000E-002   1.0017620228323167        0.0000000000000000        1.0017620228323167        1.0000000000000000        6.9400066739805622E-310
  0.44499779195850242        3.0672312613287437E-005   9.3904355245477689E-005   1.0000000000000000E-002   1.2000000000000000E-002   1.0017610546790701        0.0000000000000000        1.0017610546790701        1.0000000000000000        6.9400066739805622E-310
  0.45499818140382725        2.5262422641218768E-005   7.7343180501010522E-005   1.0000000000000000E-002   1.2000000000000000E-002   1.0017602419574143        0.0000000000000000        1.0017602419574143        1.0000000000000000        6.9400066739805622E-310
  0.46499857803244160        1.9752767256947087E-005   6.0475771154422375E-005   1.0000000000000000E-002   1.2000000000000000E-002   1.0017595878848564        0.0000000000000000        1.0017595878848564        1.0000000000000000        6.9400066739805622E-310
  0.47499898027777843        1.4165104875776516E-005   4.3368855499714698E-005   1.0000000000000000E-002   1.2000000000000000E-002   1.0017590950509192        0.0000000000000000        1.0017590950509192        1.0000000000000000        6.9400066739805622E-310
  0.48499938655102237        8.5215013902668635E-006   2.6090244051424349E-005   1.0000000000000000E-002   1.2000000000000000E-002   1.0017587654067370        0.0000000000000000        1.0017587654067370        1.0000000000000000        6.9400066739805622E-310
  0.49499979524741428        2.8442447560224196E-006   8.7082241151392736E-006   1.0000000000000000E-002   1.2000000000000000E-002   1.0017586002576222        0.0000000000000000        1.0017586002576222        1.0000000000000000        6.9400066739805622E-310
  0.50500020475258778       -2.8442445636983725E-006  -8.7082698412288551E-006   1.0000000000000000E-002   1.2000000000000000E-002   1.0017586002578371        0.0000000000000000        1.0017586002578371        1.0000000000000000        6.9400066739805622E-310
  0.51500061344897452       -8.5215015609250542E-006  -2.6090182646321125E-005   1.0000000000000000E-002   1.2000000000000000E-002   1.0017587654068671        0.0000000000000000        1.0017587654068671        1.0000000000000000        6.9400066739805622E-310
  0.52500101972222080       -1.4165104968405354E-005  -4.3368857396863802E-005   1.0000000000000000E-002   1.2000000000000000E-002   1.0017590950507820        0.0000000000000000        1.0017590950507820        1.0000000000000000        6.9400066739805622E-310
  0.53500142196755862       -1.9752767068369333E-005  -6.0475785860880649E-005   1.0000000000000000E-002   1.2000000000000000E-002   1.0017595878848040        0.0000000000000000        1.0017595878848040        1.0000000000000000        6.9400066739805622E-310
  0.54500181859617292       -2.5262422495467647E-005  -7.7343180585387472E-005   1.0000000000000000E-002   1.2000000000000000E-002   1.0017602419574199        0.0000000000000000        1.0017602419574199        1.0000000000000000        6.9400066739805622E-310
  0.55500220804149747       -3.0672312953736243E-005  -9.3904340034534073E-005   1.0000000000000000E-002   1.2000000000000000E-002   1.0017610546790101        0.0000000000000000        1.0017610546790101        1.0000000000000000        6.9400066739805622E-310
  0.56500258876540788       -3.5961075943081512E-005  -1.1009368542147513E-004   1.0000000000000000E-002   1.2000000000000000E-002   1.0017620228322470        0.0000000000000000        1.0017620228322470        1.0000000000000000        6.9400066739805622E-310
  0.57500295926431466       -4.1107827585365829E-005  -1.2584714982821765E-004   1.0000000000000000E-002   1.2000000000000000E-002   1.0017631425846063        0.0000000000000000        1.0017631425846063        1.0000000000000000        6.9400066739805622E-310
  0.58500331807511263       -4.6092246716500520E-005  -1.4110239181608364E-004   1.0000000000000000E-002   1.2000000000000000E-002   1.0017644095037643        0.0000000000000000        1.0017644095037643        1.0000000000000000        6.9400066739805622E-310
  0.59500366378097092       -5.0894653937925563E-005  -1.5579906972984503E-004   1.0000000000000000E-002   1.2000000000000000E-002   1.0017658185751952        0.0000000000000000        1.0017658185751952        1.0000000000000000        6.9400066739805622E-310
  0.60500399501693924       -5.5496089685640078E-005  -1.6987915579225188E-004   1.0000000000000000E-002   1.2000000000000000E-002   1.0017673642226603        0.0000000000000000        1.0017673642226603        1.0000000000000000        6.9400066739805622E-310
  0.61500431047533377       -5.9878388451217493E-005  -1.8328691856339674E-004   1.0000000000000000E-002   1.2000000000000000E-002   1.0017690403300623        0.0000000000000000        1.0017690403300623        1.0000000000000000        6.9400066739805622E-310
  0.62500460891091725       -6.4024254556925244E-005  -1.9596943304289738E-004   1.0000000000000000E-002   1.2000000000000000E-002   1.0017708402656402        0.0000000000000000        1.0017708402656402        1.0000000000000000        6.9400066739805622E-310
  0.63500488914581177       -6.7917323263014414E-005  -2.0787664470045542E-004   1.0000000000000000E-002   1.2000000000000000E-002   1.0017727569089085        0.0000000000000000        1.0017727569089085        1.0000000000000000        6.9400066739805622E-310
  0.64500515007414849       -7.1542232828996318E-005  -2.1896155873157852E-004   1.0000000000000000E-002   1.2000000000000000E-002   1.0017747826787540        0.0000000000000000        1.0017747826787540        1.0000000000000000        6.9400066739805622E-310
  0.65500539066643193       -7.4884678947572463E-005  -2.2918046908415590E-004   1.0000000000000000E-002   1.2000000000000000E-002   1.0017769095635554        0.0000000000000000        1.0017769095635554        1.0000000000000000        6.9400066739805622E-310
  0.66500560997360003       -7.7931476550960135E-005  -2.3849316765378603E-004   1.0000000000000000E-002   1.2000000000000000E-002   1.0017791291533673        0.0000000000000000        1.0017791291533673        1.0000000000000000        6.9400066739805622E-310
  0.67500580713075642       -8.0670606760834093E-005  -2.4686293790932012E-004   1.0000000000000000E-002   1.2000000000000000E-002   1.0017814326731151        0.0000000000000000        1.0017814326731151        1.0000000000000000        6.9400066739805622E-310
  0.68500598136058122       -8.3091268873317051E-005  -2.5425687888702697E-004   1.0000000000000000E-002   1.2000000000000000E-002   1.0017838110171642        0.0000000000000000        1.0017838110171642        1.0000000000000000        6.9400066739805622E-310
  0.69500613197638927       -8.5183918779137258E-005  -2.6064609837916919E-004   1.0000000000000000E-002   1.2000000000000000E-002   1.0017862547865386        0.0000000000000000        1.0017862547865386        1.0000000000000000        6.9400066739805622E-310
  0.70500625838480524       -8.6940308564203612E-005  -2.6600533670073645E-004   1.0000000000000000E-002   1.2000000000000000E-002   1.0017887543250938        0.0000000000000000        1.0017887543250938        1.0000000000000000        6.9400066739805622E-310
  0.71500636008812035       -8.8353520238272626E-005  -2.7031379658204457E-004   1.0000000000000000E-002   1.2000000000000000E-002   1.0017912997579717        0.0000000000000000        1.0017912997579717        1.0000000000000000        6.9400066739805622E-310
  0.72500643668621301       -8.9417988287220941E-005  -2.7355461367051248E-004   1.0000000000000000E-002   1.2000000000000000E-002   1.0017938810314297        0.0000000000000000        1.0017938810314297        1.0000000000000000        6.9400066739805622E-310
  0.73500648787812251       -9.0129527211399893E-005  -2.7571527464154144E-004   1.0000000000000000E-002   1.2000000000000000E-002   1.0017964879520889        0.0000000000000000        1.0017964879520889        1.0000000000000000        6.9400066739805622E-310
  0.74500651346320546       -9.0485343660314004E-005  -2.7678744695602830E-004   1.0000000000000000E-002   1.2000000000000000E-002   1.0017991102274839        0.0000000000000000        1.0017991102274839        1.0000000000000000        6.9400066739805622E-310
  0.75500651334191338       -9.0484047776048074E-005  -2.7676716724389649E-004   1.0000000000000000E-002   1.2000000000000000E-002   1.0018017375066253        0.0000000000000000        1.0018017375066253        1.0000000000000000        6.9400066739805622E-310
  0.76500648751615596       -9.0125661028025132E-005  -2.7565469068857595E-004   1.0000000000000000E-002   1.2000000000000000E-002   1.0018043594207271        0.0000000000000000        1.0018043594207271        1.0000000000000000        6.9400066739805622E-310
  0.77500643608928288       -8.9411612709283010E-005  -2.7345476112383693E-004   1.0000000000000000E-002   1.2000000000000000E-002   1.0018069656245636        0.0000000000000000        1.0018069656245636        1.0000000000000000        6.9400066739805622E-310
  0.78500635926563500       -8.8344734703282987E-005  -2.7017614284474689E-004   1.0000000000000000E-002   1.2000000000000000E-002   1.0018095458368623        0.0000000000000000        1.0018095458368623        1.0000000000000000        6.9400066739805622E-310
  0.79500625734973795       -8.6929253222648315E-005  -2.6583210346409203E-004   1.0000000000000000E-002   1.2000000000000000E-002   1.0018120898807117        0.0000000000000000        1.0018120898807117        1.0000000000000000        6.9400066739805622E-310
  0.80500613074506422       -8.5170766507860547E-005  -2.6044000579705795E-004   1.0000000000000000E-002   1.2000000000000000E-002   1.0018145877244671        0.0000000000000000        1.0018145877244671        1.0000000000000000        6.9400066739805622E-310
  0.81500597995242086       -8.3076228537630717E-005  -2.5402124298334883E-004   1.0000000000000000E-002   1.2000000000000000E-002   1.0018170295202184        0.0000000000000000        1.0018170295202184        1.0000000000000000        6.9400066739805622E-310
  0.82500580556796588       -8.0653914531177135E-005  -2.4660142085508596E-004   1.0000000000000000E-002   1.2000000000000000E-002   1.0018194056430223        0.0000000000000000        1.0018194056430223        1.0000000000000000        6.9400066739805622E-310
  0.83500560828082415       -7.7913395827695597E-005  -2.3820987565503771E-004   1.0000000000000000E-002   1.2000000000000000E-002   1.0018217067285911        0.0000000000000000        1.0018217067285911        1.0000000000000000        6.9400066739805622E-310
  0.84500538887036758       -7.4865495310558745E-005  -2.2887989500919304E-004   1.0000000000000000E-002   1.2000000000000000E-002   1.0018239237097255        0.0000000000000000        1.0018239237097255        1.0000000000000000        6.9400066739805622E-310
  0.85500514820312101       -7.1522247862944955E-005  -2.1864844401875416E-004   1.0000000000000000E-002   1.2000000000000000E-002   1.0018260478526149        0.0000000000000000        1.0018260478526149        1.0000000000000000        6.9400066739805622E-310
  0.86500488722932789       -6.7896853118808577E-005  -2.0755592331500594E-004   1.0000000000000000E-002   1.2000000000000000E-002   1.0018280707905041        0.0000000000000000        1.0018280707905041        1.0000000000000000        6.9400066739805622E-310
  0.87500460697920213       -6.4003621533179040E-005  -1.9564620431022917E-004   1.0000000000000000E-002   1.2000000000000000E-002   1.0018299845566483        0.0000000000000000        1.0018299845566483        1.0000000000000000        6.9400066739805622E-310
  0.88500430855884582       -5.9857918750545741E-005  -1.8296613850132815E-004   1.0000000000000000E-002   1.2000000000000000E-002   1.0018317816148421        0.0000000000000000        1.0018317816148421        1.0000000000000000        6.9400066739805622E-310
  0.89500399314590950       -5.5476104925860422E-005  -1.6956603047812990E-004   1.0000000000000000E-002   1.2000000000000000E-002   1.0018334548899737        0.0000000000000000        1.0018334548899737        1.0000000000000000        6.9400066739805622E-310
  0.90500366198490734       -5.0875469783188374E-005  -1.5549854431462506E-004   1.0000000000000000E-002   1.2000000000000000E-002   1.0018349977957000        0.0000000000000000        1.0018349977957000        1.0000000000000000        6.9400066739805622E-310
  0.91500331638233501       -4.6074166106230888E-005  -1.4081908285845657E-004   1.0000000000000000E-002   1.2000000000000000E-002   1.0018364042585899        0.0000000000000000        1.0018364042585899        1.0000000000000000        6.9400066739805622E-310
  0.92500295770152219       -4.1091135397377775E-005  -1.2558560126585405E-004   1.0000000000000000E-002   1.2000000000000000E-002   1.0018376687433486        0.0000000000000000        1.0018376687433486        1.0000000000000000        6.9400066739805622E-310
  0.93500258735724817       -3.5946035279139572E-005  -1.0985805086338729E-004   1.0000000000000000E-002   1.2000000000000000E-002   1.0018387862743334        0.0000000000000000        1.0018387862743334        1.0000000000000000        6.9400066739805622E-310
  0.94500220681017577       -3.0659160862550432E-005  -9.3698284500121076E-005   1.0000000000000000E-002   1.2000000000000000E-002   1.0018397524541269        0.0000000000000000        1.0018397524541269        1.0000000000000000        6.9400066739805622E-310
  0.95500181756110758       -2.5251366856647199E-005  -7.7169962533041314E-005   1.0000000000000000E-002   1.2000000000000000E-002   1.0018405634811343        0.0000000000000000        1.0018405634811343        1.0000000000000000        6.9400066739805622E-310
  0.96500142114507359       -1.9743982188203193E-005  -6.0338144657556825E-005   1.0000000000000000E-002   1.2000000000000000E-002   1.0018412161648655        0.0000000000000000        1.0018412161648655        1.0000000000000000        6.9400066739805622E-310
  0.97500101912528603       -1.4158729052508797E-005  -4.3268928523687578E-005   1.0000000000000000E-002   1.2000000000000000E-002   1.0018417079374258        0.0000000000000000        1.0018417079374258        1.0000000000000000        6.9400066739805622E-310
  0.98500061308700881       -8.5176353039454389E-006  -2.6029650499914680E-005   1.0000000000000000E-002   1.2000000000000000E-002   1.0018420368644130        0.0000000000000000        1.0018420368644130        1.0000000000000000        6.9400066739805622E-310
  0.99500020463129346       -2.8429491588696756E-006  -8.6879389096239379E-006   1.0000000000000000E-002   1.2000000000000000E-002   1.0018422016521653        0.0000000000000000        1.0018422016521653        1.0000000000000000        6.9400066739805622E-310
   1.0049997953687086        2.8429517717161386E-006   8.9766183402062438E-006   1.0000000000000000E-002   1.2000000000000000E-002   1.0018422016522091        0.0000000000000000        1.0018422016522091        1.0000000000000000        6.9400066739805622E-310
   1.0149993869129927        8.5176429460797618E-006   2.6894552404677086E-005   1.0000000000000000E-002   1.2000000000000000E-002   1.0018420368646286        0.0000000000000000        1.0018420368646286        1.0000000000000000        6.9400066739805622E-310
   1.0249989808747113        1.4158742203258658E-005   4.4706761616275514E-005   1.0000000000000000E-002   1.2000000000000000E-002   1.0018417079374866        0.0000000000000000        1.0018417079374866        1.0000000000000000        6.9400066739805622E-310
   1.0349985788549267        1.9744000551866776E-005   6.2343077048332418E-005   1.0000000000000000E-002   1.2000000000000000E-002   1.0018412161647707        0.0000000000000000        1.0018412161647707        1.0000000000000000        6.9400066739805622E-310
   1.0449981824388919        2.5251390037581828E-005   7.9734203718651031E-005   1.0000000000000000E-002   1.2000000000000000E-002   1.0018405634810652        0.0000000000000000        1.0018405634810652        1.0000000000000000        6.9400066739805622E-310
  -4.9997953687065388E-003  -2.8432955840611418E-006  -3.5767633061438002E+077   1.0000000000000000E-002   1.2000000000000000E-002   1.0018422016521653        0.0000000000000000        1.0018422016521653        1.0000000000000000        6.9400066739805622E-310
  -1.4999386912991186E-002  -8.5186732229090153E-006   0.0000000000000000        1.0000000000000000E-002   1.2000000000000000E-002   1.0018420368644130        0.0000000000000000        1.0018420368644130        1.0000000000000000        6.9400066739805622E-310
  -2.4998980874713972E-002  -1.4160454386187390E-005  -3.5767633061438002E+077   1.0000000000000000E-002   1.2000000000000000E-002   1.0018417079374258        0.0000000000000000        1.0018417079374258        1.0000000000000000        6.9400066739805622E-310
  -3.4998578854926410E-002  -1.9746388122198159E-005   6.9400068546417920E-310   1.0000000000000000E-002   1.2000000000000000E-002   1.0018412161648655        0.0000000000000000        1.0018412161648655        1.0000000000000000        6.9400066739805622E-310
  -4.4998182438892420E-002  -2.5254443943233800E-005   6.9400066883177543E-310   1.0000000000000000E-002   1.2000000000000000E-002   1.0018405634811343        0.0000000000000000        1.0018405634811343        1.0000000000000000        6.9400066739805622E-310
