 # x, v, a, m, h, rho, u, P, c, ke
   4.8504000000000316     
   5.0000969876607361E-003   3.0758138577831252E-006  -4.1174751528316733E-006   1.0000000000000000E-002   1.2000000000000000E-002   1.0017806057820025        0.0000000000000000        1.0017806057820025        1.0000000000000000        6.9400066739805622E-310
   1.5000290580571876E-002   9.2153142895010464E-006  -1.2336230148513039E-005   1.0000000000000000E-002   1.2000000000000000E-002   1.0017806838721728        0.0000000000000000        1.0017806838721728        1.0000000000000000        6.9400066739805622E-310
   2.5000483027758452E-002   1.5318478833226882E-005  -2.0506533139119654E-005   1.0000000000000000E-002   1.2000000000000000E-002   1.0017808397457260        0.0000000000000000        1.0017808397457260        1.0000000000000000        6.9400066739805622E-310
   3.5000673570403706E-002   2.1361243368946893E-005  -2.8596143850201372E-005   1.0000000000000000E-002   1.2000000000000000E-002   1.0017810727897865        0.0000000000000000        1.0017810727897865        1.0000000000000000        6.9400066739805622E-310
   4.5000861457188006E-002   2.7319780348756347E-005  -3.6573333312084344E-005   1.0000000000000000E-002   1.2000000000000000E-002   1.0017813820879038        0.0000000000000000        1.0017813820879038        1.0000000000000000        6.9400066739805622E-310
   5.5001045947231431E-002   3.3170592791586952E-005  -4.4406710315136877E-005   1.0000000000000000E-002   1.2000000000000000E-002   1.0017817664241022        0.0000000000000000        1.0017817664241022        1.0000000000000000        6.9400066739805622E-310
   6.5001226313011071E-002   3.8890609422341925E-005  -5.2065426046965513E-005   1.0000000000000000E-002   1.2000000000000000E-002   1.0017822242869967        0.0000000000000000        1.0017822242869967        1.0000000000000000        6.9400066739805622E-310
   7.5001401843227053E-002   4.4457271336953541E-005  -5.9519388456941158E-005   1.0000000000000000E-002   1.2000000000000000E-002   1.0017827538760293        0.0000000000000000        1.0017827538760293        1.0000000000000000        6.9400066739805622E-310
   8.5001571845594828E-002   4.9848623719236349E-005  -6.6739220776490527E-005   1.0000000000000000E-002   1.2000000000000000E-002   1.0017833531083933        0.0000000000000000        1.0017833531083933        1.0000000000000000        6.9400066739805622E-310
   9.5001735649576979E-002   5.5043401956946455E-005  -7.3696548754220714E-005   1.0000000000000000E-002   1.2000000000000000E-002   1.0017840196272054        0.0000000000000000        1.0017840196272054        1.0000000000000000        6.9400066739805622E-310
  0.10500189260901473        6.0021113075105472E-005  -8.0363896215907005E-005   1.0000000000000000E-002   1.2000000000000000E-002   1.0017847508105380        0.0000000000000000        1.0017847508105380        1.0000000000000000        6.9400066739805622E-310
  0.11500204210468321        6.4762120089154659E-005  -8.6715013458693591E-005   1.0000000000000000E-002   1.2000000000000000E-002   1.0017855437814800        0.0000000000000000        1.0017855437814800        1.0000000000000000        6.9400066739805622E-310
  0.12500218354672718        6.9247715835199909E-005  -9.2724876261662814E-005   1.0000000000000000E-002   1.2000000000000000E-002   1.0017863954197781        0.0000000000000000        1.0017863954197781        1.0000000000000000        6.9400066739805622E-310
  0.13500231637698634        7.3460199685371704E-005  -9.8369791748709190E-005   1.0000000000000000E-002   1.2000000000000000E-002   1.0017873023739317        0.0000000000000000        1.0017873023739317        1.0000000000000000        6.9400066739805622E-310
  0.14500244007119509        7.7382945226297690E-005  -1.0362743290492915E-004   1.0000000000000000E-002   1.2000000000000000E-002   1.0017882610740603        0.0000000000000000        1.0017882610740603        1.0000000000000000        6.9400066739805622E-310
  0.15500255414105568        8.1000466724814060E-005  -1.0847699478766515E-004   1.0000000000000000E-002   1.2000000000000000E-002   1.0017892677455480        0.0000000000000000        1.0017892677455480        1.0000000000000000        6.9400066739805622E-310
  0.16500265813617337        8.4298481517805051E-005  -1.1289942233005945E-004   1.0000000000000000E-002   1.2000000000000000E-002   1.0017903184245922        0.0000000000000000        1.0017903184245922        1.0000000000000000        6.9400066739805622E-310
  0.17500275164582099        8.7263963312974726E-005  -1.1687711376673349E-004   1.0000000000000000E-002   1.2000000000000000E-002   1.0017914089733837        0.0000000000000000        1.0017914089733837        1.0000000000000000        6.9400066739805622E-310
  0.18500283430057871        8.9885197440927415E-005  -1.2039432292798580E-004   1.0000000000000000E-002   1.2000000000000000E-002   1.0017925350958241        0.0000000000000000        1.0017925350958241        1.0000000000000000        6.9400066739805622E-310
  0.19500290577379303        9.2151825049439500E-005  -1.2343709683992898E-004   1.0000000000000000E-002   1.2000000000000000E-002   1.0017936923548485        0.0000000000000000        1.0017936923548485        1.0000000000000000        6.9400066739805622E-310
  0.20500296578287480        9.4054883759863607E-005  -1.2599336180496579E-004   1.0000000000000000E-002   1.2000000000000000E-002   1.0017948761898325        0.0000000000000000        1.0017948761898325        1.0000000000000000        6.9400066739805622E-310
  0.21500301409041780        9.5586846045956264E-005  -1.2805287401285170E-004   1.0000000000000000E-002   1.2000000000000000E-002   1.0017960819341951        0.0000000000000000        1.0017960819341951        1.0000000000000000        6.9400066739805622E-310
  0.22500305050515393        9.6741646074571772E-005  -1.2960748563273228E-004   1.0000000000000000E-002   1.2000000000000000E-002   1.0017973048340290        0.0000000000000000        1.0017973048340290        1.0000000000000000        6.9400066739805622E-310
  0.23500307488270553        9.7514705720313136E-005  -1.3065089038732935E-004   1.0000000000000000E-002   1.2000000000000000E-002   1.0017985400668021        0.0000000000000000        1.0017985400668021        1.0000000000000000        6.9400066739805622E-310
  0.24500308712617411        9.7902952382608187E-005  -1.3117884798585777E-004   1.0000000000000000E-002   1.2000000000000000E-002   1.0017997827598686        0.0000000000000000        1.0017997827598686        1.0000000000000000        6.9400066739805622E-310
  0.25500308718653314        9.7904832185042342E-005  -1.3118917057841628E-004   1.0000000000000000E-002   1.2000000000000000E-002   1.0018010280100775        0.0000000000000000        1.0018010280100775        1.0000000000000000        6.9400066739805622E-310
  0.26500307506282983        9.7520315162787593E-005  -1.3068164792962023E-004   1.0000000000000000E-002   1.2000000000000000E-002   1.0018022709028509        0.0000000000000000        1.0018022709028509        1.0000000000000000        6.9400066739805622E-310
  0.27500305080220711        9.6750896468052197E-005  -1.2965824977229090E-004   1.0000000000000000E-002   1.2000000000000000E-002   1.0018035065318915        0.0000000000000000        1.0018035065318915        1.0000000000000000        6.9400066739805622E-310
  0.28500301449971888        9.5599591995379086E-005  -1.2812291908925744E-004   1.0000000000000000E-002   1.2000000000000000E-002   1.0018047300189270        0.0000000000000000        1.0018047300189270        1.0000000000000000        6.9400066739805622E-310
  0.29500296629796285        9.4070924145255789E-005  -1.2608146354509131E-004   1.0000000000000000E-002   1.2000000000000000E-002   1.0018059365319611        0.0000000000000000        1.0018059365319611        1.0000000000000000        6.9400066739805622E-310
  0.30500290638654298        9.2170906378483559E-005  -1.2354184633522891E-004   1.0000000000000000E-002   1.2000000000000000E-002   1.0018071213043243        0.0000000000000000        1.0018071213043243        1.0000000000000000        6.9400066739805622E-310
  0.31500283500133053        8.9907019565692699E-005  -1.2051414842684238E-004   1.0000000000000000E-002   1.2000000000000000E-002   1.0018082796549430        0.0000000000000000        1.0018082796549430        1.0000000000000000        6.9400066739805622E-310
  0.32500275242352361        8.7288181520565528E-005  -1.1701011464637645E-004   1.0000000000000000E-002   1.2000000000000000E-002   1.0018094070062926        0.0000000000000000        1.0018094070062926        1.0000000000000000        6.9400066739805622E-310
  0.33500265897856013        8.4324714083608285E-005  -1.1304345622686895E-004   1.0000000000000000E-002   1.2000000000000000E-002   1.0018104989016465        0.0000000000000000        1.0018104989016465        1.0000000000000000        6.9400066739805622E-310
  0.34500255503484406        8.1028300046036354E-005  -1.0862986231074956E-004   1.0000000000000000E-002   1.2000000000000000E-002   1.0018115510238121        0.0000000000000000        1.0018115510238121        1.0000000000000000        6.9400066739805622E-310
  0.35500244100228606        7.7411940110295351E-005  -1.0378665045696067E-004   1.0000000000000000E-002   1.2000000000000000E-002   1.0018125592122378        0.0000000000000000        1.0018125592122378        1.0000000000000000        6.9400066739805622E-310
  0.36500231733069594        7.3489899025370453E-005  -9.8532841014353778E-005   1.0000000000000000E-002   1.2000000000000000E-002   1.0018135194787952        0.0000000000000000        1.0018135194787952        1.0000000000000000        6.9400066739805622E-310
  0.37500218450801903        6.9277651266385691E-005  -9.2889272854002058E-005   1.0000000000000000E-002   1.2000000000000000E-002   1.0018144280245604        0.0000000000000000        1.0018144280245604        1.0000000000000000        6.9400066739805622E-310
  0.38500204305839486        6.4791819370809453E-005  -8.6878103087606462E-005   1.0000000000000000E-002   1.2000000000000000E-002   1.0018152812546457        0.0000000000000000        1.0018152812546457        1.0000000000000000        6.9400066739805622E-310
  0.39500189354010584        6.0050108164005980E-005  -8.0523112881536463E-005   1.0000000000000000E-002   1.2000000000000000E-002   1.0018160757922050        0.0000000000000000        1.0018160757922050        1.0000000000000000        6.9400066739805622E-310
  0.40500173654336302        5.5071235039746978E-005  -7.3849363782407806E-005   1.0000000000000000E-002   1.2000000000000000E-002   1.0018168084922225        0.0000000000000000        1.0018168084922225        1.0000000000000000        6.9400066739805622E-310
  0.41500157268798354        4.9874856722918123E-005  -6.6883303514231329E-005   1.0000000000000000E-002   1.2000000000000000E-002   1.0018174764541476        0.0000000000000000        1.0018174764541476        1.0000000000000000        6.9400066739805622E-310
  0.42500140262092923        4.4481489691678879E-005  -5.9652383135322395E-005   1.0000000000000000E-002   1.2000000000000000E-002   1.0018180770332727        0.0000000000000000        1.0018180770332727        1.0000000000000000        6.9400066739805622E-310
  0.43500122701376204        3.8912431222283240E-005  -5.2185250912550885E-005   1.0000000000000000E-002   1.2000000000000000E-002   1.0018186078511691        0.0000000000000000        1.0018186078511691        1.0000000000000000        6.9400066739805622E-310
  0.44500104655997957        3.3189674699033998E-005  -4.4511455700835256E-005   1.0000000000000000E-002   1.2000000000000000E-002   1.0018190668056428        0.0000000000000000        1.0018190668056428        1.0000000000000000        6.9400066739805622E-310
  0.45500086197227396        2.7335820094237929E-005  -3.6661427195383567E-005   1.0000000000000000E-002   1.2000000000000000E-002   1.0018194520791621        0.0000000000000000        1.0018194520791621        1.0000000000000000        6.9400066739805622E-310
  0.46500067397970279        2.1373989265878959E-005  -2.8666160838852761E-005   1.0000000000000000E-002   1.2000000000000000E-002   1.0018197621457978        0.0000000000000000        1.0018197621457978        1.0000000000000000        6.9400066739805622E-310
  0.47500048332481248        1.5327729485198194E-005  -2.0557295314027613E-005   1.0000000000000000E-002   1.2000000000000000E-002   1.0018199957769200        0.0000000000000000        1.0018199957769200        1.0000000000000000        6.9400066739805622E-310
  0.48500029076070061        9.2209237198985853E-006  -1.2367048932482305E-005   1.0000000000000000E-002   1.2000000000000000E-002   1.0018201520470107        0.0000000000000000        1.0018201520470107        1.0000000000000000        6.9400066739805622E-310
  0.49500009704802117        3.0776936655975944E-006  -4.1278119891074994E-006   1.0000000000000000E-002   1.2000000000000000E-002   1.0018202303372294        0.0000000000000000        1.0018202303372294        1.0000000000000000        6.9400066739805622E-310
  0.50499990295197816       -3.0776938096061076E-006   4.1278093574348418E-006   1.0000000000000000E-002   1.2000000000000000E-002   1.0018202303372321        0.0000000000000000        1.0018202303372321        1.0000000000000000        6.9400066739805622E-310
  0.51499970923929883       -9.2209235657382095E-006   1.2367039291305559E-005   1.0000000000000000E-002   1.2000000000000000E-002   1.0018201520470815        0.0000000000000000        1.0018201520470815        1.0000000000000000        6.9400066739805622E-310
  0.52499951667518507       -1.5327729509722572E-005   2.0557337087723226E-005   1.0000000000000000E-002   1.2000000000000000E-002   1.0018199957768477        0.0000000000000000        1.0018199957768477        1.0000000000000000        6.9400066739805622E-310
  0.53499932602029820       -2.1373989515869840E-005   2.8666127003695863E-005   1.0000000000000000E-002   1.2000000000000000E-002   1.0018197621456795        0.0000000000000000        1.0018197621456795        1.0000000000000000        6.9400066739805622E-310
  0.54499913802772659       -2.7335820240875843E-005   3.6661391113135267E-005   1.0000000000000000E-002   1.2000000000000000E-002   1.0018194520793660        0.0000000000000000        1.0018194520793660        1.0000000000000000        6.9400066739805622E-310
  0.55499895344001682       -3.3189674429571737E-005   4.4511495676857749E-005   1.0000000000000000E-002   1.2000000000000000E-002   1.0018190668058227        0.0000000000000000        1.0018190668058227        1.0000000000000000        6.9400066739805622E-310
  0.56499877298623447       -3.8912431298695783E-005   5.2185287220396503E-005   1.0000000000000000E-002   1.2000000000000000E-002   1.0018186078510067        0.0000000000000000        1.0018186078510067        1.0000000000000000        6.9400066739805622E-310
  0.57499859737907077       -4.4481489515221689E-005   5.9652369415630346E-005   1.0000000000000000E-002   1.2000000000000000E-002   1.0018180770330145        0.0000000000000000        1.0018180770330145        1.0000000000000000        6.9400066739805622E-310
  0.58499842731201845       -4.9874856455015100E-005   6.6883275525952968E-005   1.0000000000000000E-002   1.2000000000000000E-002   1.0018174764540708        0.0000000000000000        1.0018174764540708        1.0000000000000000        6.9400066739805622E-310
  0.59499826345663842       -5.5071235106005277E-005   7.3849360544109288E-005   1.0000000000000000E-002   1.2000000000000000E-002   1.0018168084922927        0.0000000000000000        1.0018168084922927        1.0000000000000000        6.9400066739805622E-310
  0.60499810645989438       -6.0050108111662651E-005   8.0523131228638078E-005   1.0000000000000000E-002   1.2000000000000000E-002   1.0018160757922026        0.0000000000000000        1.0018160757922026        1.0000000000000000        6.9400066739805622E-310
  0.61499795694160697       -6.4791819713178937E-005   8.6878060360007225E-005   1.0000000000000000E-002   1.2000000000000000E-002   1.0018152812547529        0.0000000000000000        1.0018152812547529        1.0000000000000000        6.9400066739805622E-310
  0.62499781549197919       -6.9277651089343296E-005   9.2889284247554826E-005   1.0000000000000000E-002   1.2000000000000000E-002   1.0018144280248134        0.0000000000000000        1.0018144280248134        1.0000000000000000        6.9400066739805622E-310
  0.63499768266930023       -7.3489899162092995E-005   9.8532887774283040E-005   1.0000000000000000E-002   1.2000000000000000E-002   1.0018135194787841        0.0000000000000000        1.0018135194787841        1.0000000000000000        6.9400066739805622E-310
  0.64499755899771238       -7.7411939958590869E-005   1.0378665929344777E-004   1.0000000000000000E-002   1.2000000000000000E-002   1.0018125592119711        0.0000000000000000        1.0018125592119711        1.0000000000000000        6.9400066739805622E-310
  0.65499744496515810       -8.1028300259751860E-005   1.0862981425141527E-004   1.0000000000000000E-002   1.2000000000000000E-002   1.0018115510237309        0.0000000000000000        1.0018115510237309        1.0000000000000000        6.9400066739805622E-310
  0.66499734102143970       -8.4324713806827286E-005   1.1304348361829142E-004   1.0000000000000000E-002   1.2000000000000000E-002   1.0018104989016576        0.0000000000000000        1.0018104989016576        1.0000000000000000        6.9400066739805622E-310
  0.67499724757647805       -8.7288181689309399E-005   1.1701009430797882E-004   1.0000000000000000E-002   1.2000000000000000E-002   1.0018094070062504        0.0000000000000000        1.0018094070062504        1.0000000000000000        6.9400066739805622E-310
  0.68499716499867069       -8.9907019518587001E-005   1.2051412841262987E-004   1.0000000000000000E-002   1.2000000000000000E-002   1.0018082796551124        0.0000000000000000        1.0018082796551124        1.0000000000000000        6.9400066739805622E-310
  0.69499709361345452       -9.2170906475110421E-005   1.2354191626062772E-004   1.0000000000000000E-002   1.2000000000000000E-002   1.0018071213042579        0.0000000000000000        1.0018071213042579        1.0000000000000000        6.9400066739805622E-310
  0.70499703370203992       -9.4070924239929556E-005   1.2608141294467856E-004   1.0000000000000000E-002   1.2000000000000000E-002   1.0018059365318024        0.0000000000000000        1.0018059365318024        1.0000000000000000        6.9400066739805622E-310
  0.71499698550028257       -9.5599591713881320E-005   1.2812289156105550E-004   1.0000000000000000E-002   1.2000000000000000E-002   1.0018047300191342        0.0000000000000000        1.0018047300191342        1.0000000000000000        6.9400066739805622E-310
  0.72499694919779090       -9.6750896673011578E-005   1.2965827921007644E-004   1.0000000000000000E-002   1.2000000000000000E-002   1.0018035065320736        0.0000000000000000        1.0018035065320736        1.0000000000000000        6.9400066739805622E-310
  0.73499692493716773       -9.7520315246652081E-005   1.3068167157825883E-004   1.0000000000000000E-002   1.2000000000000000E-002   1.0018022709027985        0.0000000000000000        1.0018022709027985        1.0000000000000000        6.9400066739805622E-310
  0.74499691281346614       -9.7904831930028247E-005   1.3118917106158534E-004   1.0000000000000000E-002   1.2000000000000000E-002   1.0018010280099277        0.0000000000000000        1.0018010280099277        1.0000000000000000        6.9400066739805622E-310
  0.75499691287382653       -9.7902952570566722E-005   1.3117884007485259E-004   1.0000000000000000E-002   1.2000000000000000E-002   1.0017997827597387        0.0000000000000000        1.0017997827597387        1.0000000000000000        6.9400066739805622E-310
  0.76499692511729667       -9.7514705567752270E-005   1.3065084988816977E-004   1.0000000000000000E-002   1.2000000000000000E-002   1.0017985400668949        0.0000000000000000        1.0017985400668949        1.0000000000000000        6.9400066739805622E-310
  0.77499694949484454       -9.6741645934649207E-005   1.2960752080992677E-004   1.0000000000000000E-002   1.2000000000000000E-002   1.0017973048341473        0.0000000000000000        1.0017973048341473        1.0000000000000000        6.9400066739805622E-310
  0.78499698590958178       -9.5586846348362069E-005   1.2805286818817763E-004   1.0000000000000000E-002   1.2000000000000000E-002   1.0017960819341720        0.0000000000000000        1.0017960819341720        1.0000000000000000        6.9400066739805622E-310
  0.79499703421712453       -9.4054883823485892E-005   1.2599335591279015E-004   1.0000000000000000E-002   1.2000000000000000E-002   1.0017948761898736        0.0000000000000000        1.0017948761898736        1.0000000000000000        6.9400066739805622E-310
  0.80499709422620547       -9.2151825072201159E-005   1.2343711926732226E-004   1.0000000000000000E-002   1.2000000000000000E-002   1.0017936923548110        0.0000000000000000        1.0017936923548110        1.0000000000000000        6.9400066739805622E-310
  0.81499716569942127       -8.9885197130851177E-005   1.2039432812471773E-004   1.0000000000000000E-002   1.2000000000000000E-002   1.0017925350956622        0.0000000000000000        1.0017925350956622        1.0000000000000000        6.9400066739805622E-310
  0.82499724835418109       -8.7263963418279434E-005   1.1687708123275797E-004   1.0000000000000000E-002   1.2000000000000000E-002   1.0017914089733411        0.0000000000000000        1.0017914089733411        1.0000000000000000        6.9400066739805622E-310
  0.83499734186382757       -8.4298481438216792E-005   1.1289941304593043E-004   1.0000000000000000E-002   1.2000000000000000E-002   1.0017903184247412        0.0000000000000000        1.0017903184247412        1.0000000000000000        6.9400066739805622E-310
  0.84499744585894287       -8.1000466781763501E-005   1.0847703856775581E-004   1.0000000000000000E-002   1.2000000000000000E-002   1.0017892677455442        0.0000000000000000        1.0017892677455442        1.0000000000000000        6.9400066739805622E-310
  0.85499755992880588       -7.7382945275092724E-005   1.0362742570801942E-004   1.0000000000000000E-002   1.2000000000000000E-002   1.0017882610738824        0.0000000000000000        1.0017882610738824        1.0000000000000000        6.9400066739805622E-310
  0.86499768362301643       -7.3460199614003852E-005   9.8369751847293685E-005   1.0000000000000000E-002   1.2000000000000000E-002   1.0017873023739816        0.0000000000000000        1.0017873023739816        1.0000000000000000        6.9400066739805622E-310
  0.87499781645327235       -6.9247715924962742E-005   9.2724914273922820E-005   1.0000000000000000E-002   1.2000000000000000E-002   1.0017863954198236        0.0000000000000000        1.0017863954198236        1.0000000000000000        6.9400066739805622E-310
  0.88499795789531854       -6.4762119881199329E-005   8.6714996363035368E-005   1.0000000000000000E-002   1.2000000000000000E-002   1.0017855437814336        0.0000000000000000        1.0017855437814336        1.0000000000000000        6.9400066739805622E-310
  0.89499810739098595       -6.0021113174330645E-005   8.0363907024150194E-005   1.0000000000000000E-002   1.2000000000000000E-002   1.0017847508105311        0.0000000000000000        1.0017847508105311        1.0000000000000000        6.9400066739805622E-310
  0.90499826435042485       -5.5043401994190073E-005   7.3696528498423675E-005   1.0000000000000000E-002   1.2000000000000000E-002   1.0017840196272298        0.0000000000000000        1.0017840196272298        1.0000000000000000        6.9400066739805622E-310
  0.91499842815440557       -4.9848623888576171E-005   6.6739211384003738E-005   1.0000000000000000E-002   1.2000000000000000E-002   1.0017833531085512        0.0000000000000000        1.0017833531085512        1.0000000000000000        6.9400066739805622E-310
  0.92499859815677143       -4.4457271300291705E-005   5.9519404331354053E-005   1.0000000000000000E-002   1.2000000000000000E-002   1.0017827538761630        0.0000000000000000        1.0017827538761630        1.0000000000000000        6.9400066739805622E-310
  0.93499877368698625       -3.8890609437480796E-005   5.2065472090134790E-005   1.0000000000000000E-002   1.2000000000000000E-002   1.0017822242868499        0.0000000000000000        1.0017822242868499        1.0000000000000000        6.9400066739805622E-310
  0.94499895405277035       -3.3170592979797801E-005   4.4406670385299662E-005   1.0000000000000000E-002   1.2000000000000000E-002   1.0017817664239215        0.0000000000000000        1.0017817664239215        1.0000000000000000        6.9400066739805622E-310
  0.95499913854281337       -2.7319779732548369E-005   3.6573320304711388E-005   1.0000000000000000E-002   1.2000000000000000E-002   1.0017813820879768        0.0000000000000000        1.0017813820879768        1.0000000000000000        6.9400066739805622E-310
  0.96499932642959596       -2.1361243468378888E-005   2.8596173422101856E-005   1.0000000000000000E-002   1.2000000000000000E-002   1.0017810727897647        0.0000000000000000        1.0017810727897647        1.0000000000000000        6.9400066739805622E-310
  0.97499951697224363       -1.5318478954227646E-005   2.0506498541017493E-005   1.0000000000000000E-002   1.2000000000000000E-002   1.0017808397457379        0.0000000000000000        1.0017808397457379        1.0000000000000000        6.9400066739805622E-310
  0.98499970941942760       -9.2153142832522489E-006   1.2336252908085044E-005   1.0000000000000000E-002   1.2000000000000000E-002   1.0017806838722436        0.0000000000000000        1.0017806838722436        1.0000000000000000        6.9400066739805622E-310
  0.99499990301233965       -3.0758139543394995E-006   4.1174707883229189E-006   1.0000000000000000E-002   1.2000000000000000E-002   1.0017806057819749        0.0000000000000000        1.0017806057819749        1.0000000000000000        6.9400066739805622E-310
   1.0050000969876607        3.0758127435000595E-006  -3.8035851863682524E-006   1.0000000000000000E-002   1.2000000000000000E-002   1.0017806057820025        0.0000000000000000        1.0017806057820025        1.0000000000000000        6.9400066739805622E-310
   1.0150002905805720        9.2153109569795877E-006  -1.1395774220268606E-005   1.0000000000000000E-002   1.2000000000000000E-002   1.0017806838721728        0.0000000000000000        1.0017806838721728        1.0000000000000000        6.9400066739805622E-310
   1.0250004830277584        1.5318473283639427E-005  -1.8943230602808114E-005   1.0000000000000000E-002   1.2000000000000000E-002   1.0017808397457260        0.0000000000000000        1.0017808397457260        1.0000000000000000        6.9400066739805622E-310
   1.0350006735704036        2.1361235635685397E-005  -2.6416127615114249E-005   1.0000000000000000E-002   1.2000000000000000E-002   1.0017810727897865        0.0000000000000000        1.0017810727897865        1.0000000000000000        6.9400066739805622E-310
   1.0450008614571880        2.7319770459712096E-005  -3.3785163617849889E-005   1.0000000000000000E-002   1.2000000000000000E-002   1.0017813820879038        0.0000000000000000        1.0017813820879038        1.0000000000000000        6.9400066739805622E-310
  -5.0000969876603518E-003  -3.0761906228129779E-006  -3.5767633061438002E+077   1.0000000000000000E-002   1.2000000000000000E-002   1.0017806057819749        0.0000000000000000        1.0017806057819749        1.0000000000000000        6.9400066739805622E-310
  -1.5000290580572395E-002  -9.2164428282643576E-006   0.0000000000000000        1.0000000000000000E-002   1.2000000000000000E-002   1.0017806838722436        0.0000000000000000        1.0017806838722436        1.0000000000000000        6.9400066739805622E-310
  -2.5000483027756371E-002  -1.5320354920601890E-005  -3.5767633061438002E+077   1.0000000000000000E-002   1.2000000000000000E-002   1.0017808397457379        0.0000000000000000        1.0017808397457379        1.0000000000000000        6.9400066739805622E-310
  -3.5000673570404039E-002  -2.1363859502888972E-005   6.9400068546417920E-310   1.0000000000000000E-002   1.2000000000000000E-002   1.0017810727897647        0.0000000000000000        1.0017810727897647        1.0000000000000000        6.9400066739805622E-310
  -4.5000861457186625E-002  -2.7323125502164927E-005   6.9400066883177543E-310   1.0000000000000000E-002   1.2000000000000000E-002   1.0017813820879768        0.0000000000000000        1.0017813820879768        1.0000000000000000        6.9400066739805622E-310
