 # x, v, a, m, h, rho, u, P, c, ke
   1.9511999999999765     
   5.0000734561752259E-003   3.1039670852454991E-006  -3.1202164976207314E-006   1.0000000000000000E-002   1.2000000000000000E-002   1.0017854110577948        0.0000000000000000        1.0017854110577948        1.0000000000000000        6.9400066739805622E-310
   1.5000220078735804E-002   9.2996557936849457E-006  -9.3483326555343638E-006   1.0000000000000000E-002   1.2000000000000000E-002   1.0017854702346114        0.0000000000000000        1.0017854702346114        1.0000000000000000        6.9400066739805622E-310
   2.5000365833073551E-002   1.5458657012144186E-005  -1.5539603957392956E-005   1.0000000000000000E-002   1.2000000000000000E-002   1.0017855883549065        0.0000000000000000        1.0017855883549065        1.0000000000000000        6.9400066739805622E-310
   3.5000510144177224E-002   2.1556672263553197E-005  -2.1669681215641390E-005   1.0000000000000000E-002   1.2000000000000000E-002   1.0017857649534399        0.0000000000000000        1.0017857649534399        1.0000000000000000        6.9400066739805622E-310
   4.5000652442717073E-002   2.7569644559910352E-005  -2.7714308772353036E-005   1.0000000000000000E-002   1.2000000000000000E-002   1.0017859993342642        0.0000000000000000        1.0017859993342642        1.0000000000000000        6.9400066739805622E-310
   5.5000792167302345E-002   3.3473851218308211E-005  -3.3649756932874197E-005   1.0000000000000000E-002   1.2000000000000000E-002   1.0017862905737169        0.0000000000000000        1.0017862905737169        1.0000000000000000        6.9400066739805622E-310
   6.5000928766680205E-002   3.9245998616561264E-005  -3.9452595443911775E-005   1.0000000000000000E-002   1.2000000000000000E-002   1.0017866375243236        0.0000000000000000        1.0017866375243236        1.0000000000000000        6.9400066739805622E-310
   7.5001061701915520E-002   4.4863313574176520E-005  -4.5099953915439528E-005   1.0000000000000000E-002   1.2000000000000000E-002   1.0017870388188608        0.0000000000000000        1.0017870388188608        1.0000000000000000        6.9400066739805622E-310
   8.5001190448512565E-002   5.0303632737332712E-005  -5.0569539332023794E-005   1.0000000000000000E-002   1.2000000000000000E-002   1.0017874928757950        0.0000000000000000        1.0017874928757950        1.0000000000000000        6.9400066739805622E-310
   9.5001314498487296E-002   5.5545490584955707E-005  -5.5839825750858552E-005   1.0000000000000000E-002   1.2000000000000000E-002   1.0017879979056077        0.0000000000000000        1.0017879979056077        1.0000000000000000        6.9400066739805622E-310
  0.10500143336236556        6.0568203862002678E-005  -6.0890041680750073E-005   1.0000000000000000E-002   1.2000000000000000E-002   1.0017885519180452        0.0000000000000000        1.0017885519180452        1.0000000000000000        6.9400066739805622E-310
  0.11500154657111192        6.5351952955058714E-005  -6.5700220345021876E-005   1.0000000000000000E-002   1.2000000000000000E-002   1.0017891527295049        0.0000000000000000        1.0017891527295049        1.0000000000000000        6.9400066739805622E-310
  0.12500165367798541        6.9877860666485558E-005  -7.0251404807208928E-005   1.0000000000000000E-002   1.2000000000000000E-002   1.0017897979716595        0.0000000000000000        1.0017897979716595        1.0000000000000000        6.9400066739805622E-310
  0.13500175426029892        7.4128065683420514E-005  -7.4525640552991490E-005   1.0000000000000000E-002   1.2000000000000000E-002   1.0017904851010027        0.0000000000000000        1.0017904851010027        1.0000000000000000        6.9400066739805622E-310
  0.14500184792108714        7.8085793512797905E-005  -7.8506055059435198E-005   1.0000000000000000E-002   1.2000000000000000E-002   1.0017912114087171        0.0000000000000000        1.0017912114087171        1.0000000000000000        6.9400066739805622E-310
  0.15500193429067385        8.1735423394240365E-005  -8.2176954160573246E-005   1.0000000000000000E-002   1.2000000000000000E-002   1.0017919740314081        0.0000000000000000        1.0017919740314081        1.0000000000000000        6.9400066739805622E-310
  0.16500201302812914        8.5062549218358841E-005  -8.5523823918798314E-005   1.0000000000000000E-002   1.2000000000000000E-002   1.0017927699623144        0.0000000000000000        1.0017927699623144        1.0000000000000000        6.9400066739805622E-310
  0.17500208382261689        8.8054036156191506E-005  -8.8533396565892986E-005   1.0000000000000000E-002   1.2000000000000000E-002   1.0017935960628095        0.0000000000000000        1.0017935960628095        1.0000000000000000        6.9400066739805622E-310
  0.18500214639462864        9.0698073117232759E-005  -9.1193823301694010E-005   1.0000000000000000E-002   1.2000000000000000E-002   1.0017944490750612        0.0000000000000000        1.0017944490750612        1.0000000000000000        6.9400066739805622E-310
  0.19500220049708170        9.2984219825296627E-005  -9.3494574062269464E-005   1.0000000000000000E-002   1.2000000000000000E-002   1.0017953256349839        0.0000000000000000        1.0017953256349839        1.0000000000000000        6.9400066739805622E-310
  0.20500224591629956        9.4903447038103566E-005  -9.5426566114831246E-005   1.0000000000000000E-002   1.2000000000000000E-002   1.0017962222853991        0.0000000000000000        1.0017962222853991        1.0000000000000000        6.9400066739805622E-310
  0.21500228247285233        9.6448172676010950E-005  -9.6982070004081322E-005   1.0000000000000000E-002   1.2000000000000000E-002   1.0017971354893231        0.0000000000000000        1.0017971354893231        1.0000000000000000        6.9400066739805622E-310
  0.22500231002227850        9.7612292701628817E-005  -9.8154988712018110E-005   1.0000000000000000E-002   1.2000000000000000E-002   1.0017980616441282        0.0000000000000000        1.0017980616441282        1.0000000000000000        6.9400066739805622E-310
  0.23500232845564717        9.8391204309677995E-005  -9.8940623798782212E-005   1.0000000000000000E-002   1.2000000000000000E-002   1.0017989970959362        0.0000000000000000        1.0017989970959362        1.0000000000000000        6.9400066739805622E-310
  0.24500233769999716        9.8781824567448949E-005  -9.9335840404890519E-005   1.0000000000000000E-002   1.2000000000000000E-002   1.0017999381536500        0.0000000000000000        1.0017999381536500        1.0000000000000000        6.9400066739805622E-310
  0.25500233771862685        9.8782602561311289E-005  -9.9339043123869430E-005   1.0000000000000000E-002   1.2000000000000000E-002   1.0018008811037256        0.0000000000000000        1.0018008811037256        1.0000000000000000        6.9400066739805622E-310
  0.26500232851124234        9.8393526177950038E-005  -9.8950173066825187E-005   1.0000000000000000E-002   1.2000000000000000E-002   1.0018018222247325        0.0000000000000000        1.0018018222247325        1.0000000000000000        6.9400066739805622E-310
  0.27500231011396359        9.7616121672564190E-005  -9.8170755721049829E-005   1.0000000000000000E-002   1.2000000000000000E-002   1.0018027578021755        0.0000000000000000        1.0018027578021755        1.0000000000000000        6.9400066739805622E-310
  0.28500228259918164        9.6453448570350494E-005  -9.7003809351292603E-005   1.0000000000000000E-002   1.2000000000000000E-002   1.0018036841431108        0.0000000000000000        1.0018036841431108        1.0000000000000000        6.9400066739805622E-310
  0.29500224607527892        9.4910086200562975E-005  -9.5453896375552461E-005   1.0000000000000000E-002   1.2000000000000000E-002   1.0018045975905403        0.0000000000000000        1.0018045975905403        1.0000000000000000        6.9400066739805622E-310
  0.30500220068620576        9.2992117948528270E-005  -9.3527115745395406E-005   1.0000000000000000E-002   1.2000000000000000E-002   1.0018054945380745        0.0000000000000000        1.0018054945380745        1.0000000000000000        6.9400066739805622E-310
  0.31500214661091225        9.0707105618873169E-005  -9.1231004413216965E-005   1.0000000000000000E-002   1.2000000000000000E-002   1.0018063714440062        0.0000000000000000        1.0018063714440062        1.0000000000000000        6.9400066739805622E-310
  0.32500208406265124        8.8064060502587751E-005  -8.8574678564157239E-005   1.0000000000000000E-002   1.2000000000000000E-002   1.0018072248456360        0.0000000000000000        1.0018072248456360        1.0000000000000000        6.9400066739805622E-310
  0.33500201328812818        8.5073407389206764E-005  -8.5568532145252618E-005   1.0000000000000000E-002   1.2000000000000000E-002   1.0018080513728789        0.0000000000000000        1.0018080513728789        1.0000000000000000        6.9400066739805622E-310
  0.34500193456653749        8.1746944112259630E-005  -8.2224376945383426E-005   1.0000000000000000E-002   1.2000000000000000E-002   1.0018088477610003        0.0000000000000000        1.0018088477610003        1.0000000000000000        6.9400066739805622E-310
  0.35500184820846731        7.8097795144244442E-005  -7.8555502598831595E-005   1.0000000000000000E-002   1.2000000000000000E-002   1.0018096108644190        0.0000000000000000        1.0018096108644190        1.0000000000000000        6.9400066739805622E-310
  0.36500175455466038        7.4140358701025918E-005  -7.4576274335491632E-005   1.0000000000000000E-002   1.2000000000000000E-002   1.0018103376687817        0.0000000000000000        1.0018103376687817        1.0000000000000000        6.9400066739805622E-310
  0.37500165397468532        6.9890251396482011E-005  -7.0302429535651356E-005   1.0000000000000000E-002   1.2000000000000000E-002   1.0018110253026060        0.0000000000000000        1.0018110253026060        1.0000000000000000        6.9400066739805622E-310
  0.38500154686547094        6.5364246257038219E-005  -6.5750827011434865E-005   1.0000000000000000E-002   1.2000000000000000E-002   1.0018116710491325        0.0000000000000000        1.0018116710491325        1.0000000000000000        6.9400066739805622E-310
  0.39500143364974305        6.0580205324781970E-005  -6.0939458380815381E-005   1.0000000000000000E-002   1.2000000000000000E-002   1.0018122723569758        0.0000000000000000        1.0018122723569758        1.0000000000000000        6.9400066739805622E-310
  0.40500131477435181        5.5557011227248511E-005  -5.5887288078260156E-005   1.0000000000000000E-002   1.2000000000000000E-002   1.0018128268501778        0.0000000000000000        1.0018128268501778        1.0000000000000000        6.9400066739805622E-310
  0.41500119070851127        5.0314490769268519E-005  -5.0614250461045174E-005   1.0000000000000000E-002   1.2000000000000000E-002   1.0018133323374014        0.0000000000000000        1.0018133323374014        1.0000000000000000        6.9400066739805622E-310
  0.42500106194194842        4.4873337960910568E-005  -4.5141212313026813E-005   1.0000000000000000E-002   1.2000000000000000E-002   1.0018137868209809        0.0000000000000000        1.0018137868209809        1.0000000000000000        6.9400066739805622E-310
  0.43500092898296383        3.9255031265756168E-005  -3.9489784120938509E-005   1.0000000000000000E-002   1.2000000000000000E-002   1.0018141885048339        0.0000000000000000        1.0018141885048339        1.0000000000000000        6.9400066739805622E-310
  0.44500079235642664        3.3481749512730953E-005  -3.3682309299010171E-005   1.0000000000000000E-002   1.2000000000000000E-002   1.0018145358015247        0.0000000000000000        1.0018145358015247        1.0000000000000000        6.9400066739805622E-310
  0.45500065260169653        2.7576283941338894E-005  -2.7741653020108004E-005   1.0000000000000000E-002   1.2000000000000000E-002   1.0018148273382144        0.0000000000000000        1.0018148273382144        1.0000000000000000        6.9400066739805622E-310
  0.46500051027050404        2.1561948020152790E-005  -2.1691382293909101E-005   1.0000000000000000E-002   1.2000000000000000E-002   1.0018150619624302        0.0000000000000000        1.0018150619624302        1.0000000000000000        6.9400066739805622E-310
  0.47500036592475881        1.5462485907767112E-005  -1.5555401181366335E-005   1.0000000000000000E-002   1.2000000000000000E-002   1.0018152387470534        0.0000000000000000        1.0018152387470534        1.0000000000000000        6.9400066739805622E-310
  0.48500022013432947        9.3019775340390644E-006  -9.3578736652943917E-006   1.0000000000000000E-002   1.2000000000000000E-002   1.0018153569930983        0.0000000000000000        1.0018153569930983        1.0000000000000000        6.9400066739805622E-310
  0.49500007347480307        3.1047451079029862E-006  -3.1234059489904098E-006   1.0000000000000000E-002   1.2000000000000000E-002   1.0018154162330881        0.0000000000000000        1.0018154162330881        1.0000000000000000        6.9400066739805622E-310
  0.50499992652519510       -3.1047450703596624E-006   3.1234078283759459E-006   1.0000000000000000E-002   1.2000000000000000E-002   1.0018154162330870        0.0000000000000000        1.0018154162330870        1.0000000000000000        6.9400066739805622E-310
  0.51499977986566847       -9.3019778068171448E-006   9.3578942426120193E-006   1.0000000000000000E-002   1.2000000000000000E-002   1.0018153569929849        0.0000000000000000        1.0018153569929849        1.0000000000000000        6.9400066739805622E-310
  0.52499963407524186       -1.5462485704011162E-005   1.5555370074693542E-005   1.0000000000000000E-002   1.2000000000000000E-002   1.0018152387469883        0.0000000000000000        1.0018152387469883        1.0000000000000000        6.9400066739805622E-310
  0.53499948972949529       -2.1561948032578058E-005   2.1691390569067437E-005   1.0000000000000000E-002   1.2000000000000000E-002   1.0018150619624739        0.0000000000000000        1.0018150619624739        1.0000000000000000        6.9400066739805622E-310
  0.54499934739830291       -2.7576284074420713E-005   2.7741661594582467E-005   1.0000000000000000E-002   1.2000000000000000E-002   1.0018148273381744        0.0000000000000000        1.0018148273381744        1.0000000000000000        6.9400066739805622E-310
  0.55499920764357369       -3.3481749310649356E-005   3.3682296181503091E-005   1.0000000000000000E-002   1.2000000000000000E-002   1.0018145358015120        0.0000000000000000        1.0018145358015120        1.0000000000000000        6.9400066739805622E-310
  0.56499907101703595       -3.9255031300092525E-005   3.9489778858481372E-005   1.0000000000000000E-002   1.2000000000000000E-002   1.0018141885048997        0.0000000000000000        1.0018141885048997        1.0000000000000000        6.9400066739805622E-310
  0.57499893805805047       -4.4873337945663101E-005   4.5141220761379941E-005   1.0000000000000000E-002   1.2000000000000000E-002   1.0018137868210335        0.0000000000000000        1.0018137868210335        1.0000000000000000        6.9400066739805622E-310
  0.58499880929148729       -5.0314490777617107E-005   5.0614269628823649E-005   1.0000000000000000E-002   1.2000000000000000E-002   1.0018133323373331        0.0000000000000000        1.0018133323373331        1.0000000000000000        6.9400066739805622E-310
  0.59499868522564858       -5.5557011202101662E-005   5.5887272234045327E-005   1.0000000000000000E-002   1.2000000000000000E-002   1.0018128268500872        0.0000000000000000        1.0018128268500872        1.0000000000000000        6.9400066739805622E-310
  0.60499856635025762       -6.0580205418997641E-005   6.0939441073770695E-005   1.0000000000000000E-002   1.2000000000000000E-002   1.0018122723570420        0.0000000000000000        1.0018122723570420        1.0000000000000000        6.9400066739805622E-310
  0.61499845313452772       -6.5364246146237297E-005   6.5750859204349865E-005   1.0000000000000000E-002   1.2000000000000000E-002   1.0018116710491252        0.0000000000000000        1.0018116710491252        1.0000000000000000        6.9400066739805622E-310
  0.62499834602531545       -6.9890251537633045E-005   7.0302420281720401E-005   1.0000000000000000E-002   1.2000000000000000E-002   1.0018110253024990        0.0000000000000000        1.0018110253024990        1.0000000000000000        6.9400066739805622E-310
  0.63499824544534067       -7.4140358728712823E-005   7.4576269020631969E-005   1.0000000000000000E-002   1.2000000000000000E-002   1.0018103376687415        0.0000000000000000        1.0018103376687415        1.0000000000000000        6.9400066739805622E-310
  0.64499815179153430       -7.8097794926783437E-005   7.8555486170195366E-005   1.0000000000000000E-002   1.2000000000000000E-002   1.0018096108644745        0.0000000000000000        1.0018096108644745        1.0000000000000000        6.9400066739805622E-310
  0.65499806543346228       -8.1746944230310137E-005   8.2224397613295253E-005   1.0000000000000000E-002   1.2000000000000000E-002   1.0018088477610394        0.0000000000000000        1.0018088477610394        1.0000000000000000        6.9400066739805622E-310
  0.66499798671187260       -8.5073407279933998E-005   8.5568522027124061E-005   1.0000000000000000E-002   1.2000000000000000E-002   1.0018080513728662        0.0000000000000000        1.0018080513728662        1.0000000000000000        6.9400066739805622E-310
  0.67499791593734904       -8.8064060665315100E-005   8.8574672336250160E-005   1.0000000000000000E-002   1.2000000000000000E-002   1.0018072248457024        0.0000000000000000        1.0018072248457024        1.0000000000000000        6.9400066739805622E-310
  0.68499785338908703       -9.0707105561207315E-005   9.1231016503101614E-005   1.0000000000000000E-002   1.2000000000000000E-002   1.0018063714440433        0.0000000000000000        1.0018063714440433        1.0000000000000000        6.9400066739805622E-310
  0.69499779931379368       -9.2992117963063844E-005   9.3527124208847567E-005   1.0000000000000000E-002   1.2000000000000000E-002   1.0018054945380195        0.0000000000000000        1.0018054945380195        1.0000000000000000        6.9400066739805622E-310
  0.70499775392472164       -9.4910086382858384E-005   9.5453883116825011E-005   1.0000000000000000E-002   1.2000000000000000E-002   1.0018045975905079        0.0000000000000000        1.0018045975905079        1.0000000000000000        6.9400066739805622E-310
  0.71499771740081852       -9.6453448358954503E-005   9.7003805094253437E-005   1.0000000000000000E-002   1.2000000000000000E-002   1.0018036841431548        0.0000000000000000        1.0018036841431548        1.0000000000000000        6.9400066739805622E-310
  0.72499768988603597       -9.7616121725661176E-005   9.8170761511084947E-005   1.0000000000000000E-002   1.2000000000000000E-002   1.0018027578022144        0.0000000000000000        1.0018027578022144        1.0000000000000000        6.9400066739805622E-310
  0.73499767148875694       -9.8393526091239506E-005   9.8950184348467474E-005   1.0000000000000000E-002   1.2000000000000000E-002   1.0018018222246934        0.0000000000000000        1.0018018222246934        1.0000000000000000        6.9400066739805622E-310
  0.74499766228137365       -9.8782602696430866E-005   9.9339027361367016E-005   1.0000000000000000E-002   1.2000000000000000E-002   1.0018008811037076        0.0000000000000000        1.0018008811037076        1.0000000000000000        6.9400066739805622E-310
  0.75499766230000254       -9.8781824325827949E-005   9.9335843140480051E-005   1.0000000000000000E-002   1.2000000000000000E-002   1.0017999381536897        0.0000000000000000        1.0017999381536897        1.0000000000000000        6.9400066739805622E-310
  0.76499767154435239       -9.8391204530775631E-005   9.8940628940447084E-005   1.0000000000000000E-002   1.2000000000000000E-002   1.0017989970959389        0.0000000000000000        1.0017989970959389        1.0000000000000000        6.9400066739805622E-310
  0.77499768997772112       -9.7612292758879801E-005   9.8154997545840672E-005   1.0000000000000000E-002   1.2000000000000000E-002   1.0017980616440725        0.0000000000000000        1.0017980616440725        1.0000000000000000        6.9400066739805622E-310
  0.78499771752714842       -9.6448172684840286E-005   9.6982059321071290E-005   1.0000000000000000E-002   1.2000000000000000E-002   1.0017971354892725        0.0000000000000000        1.0017971354892725        1.0000000000000000        6.9400066739805622E-310
  0.79499775408370121       -9.4903446705039762E-005   9.5426553437860662E-005   1.0000000000000000E-002   1.2000000000000000E-002   1.0017962222854535        0.0000000000000000        1.0017962222854535        1.0000000000000000        6.9400066739805622E-310
  0.80499779950291783       -9.2984219878085224E-005   9.3494582658060210E-005   1.0000000000000000E-002   1.2000000000000000E-002   1.0017953256350527        0.0000000000000000        1.0017953256350527        1.0000000000000000        6.9400066739805622E-310
  0.81499785360537058       -9.0698073229812234E-005   9.1193842250092416E-005   1.0000000000000000E-002   1.2000000000000000E-002   1.0017944490750146        0.0000000000000000        1.0017944490750146        1.0000000000000000        6.9400066739805622E-310
  0.82499791617738349       -8.8054036120691393E-005   8.8533404101198698E-005   1.0000000000000000E-002   1.2000000000000000E-002   1.0017935960626374        0.0000000000000000        1.0017935960626374        1.0000000000000000        6.9400066739805622E-310
  0.83499798697187400       -8.5062549195181959E-005   8.5523776316875910E-005   1.0000000000000000E-002   1.2000000000000000E-002   1.0017927699623259        0.0000000000000000        1.0017927699623259        1.0000000000000000        6.9400066739805622E-310
  0.84499806570932623       -8.1735423393634947E-005   8.2176970095382273E-005   1.0000000000000000E-002   1.2000000000000000E-002   1.0017919740315631        0.0000000000000000        1.0017919740315631        1.0000000000000000        6.9400066739805622E-310
  0.85499815207891250       -7.8085793593806293E-005   7.8506063672101334E-005   1.0000000000000000E-002   1.2000000000000000E-002   1.0017912114087535        0.0000000000000000        1.0017912114087535        1.0000000000000000        6.9400066739805622E-310
  0.86499824573970063       -7.4128065630898305E-005   7.4525642809852854E-005   1.0000000000000000E-002   1.2000000000000000E-002   1.0017904851010013        0.0000000000000000        1.0017904851010013        1.0000000000000000        6.9400066739805622E-310
  0.87499834632201423       -6.9877860663554716E-005   7.0251410139832160E-005   1.0000000000000000E-002   1.2000000000000000E-002   1.0017897979716188        0.0000000000000000        1.0017897979716188        1.0000000000000000        6.9400066739805622E-310
  0.88499845342888850       -6.5351953006244427E-005   6.5700214432418136E-005   1.0000000000000000E-002   1.2000000000000000E-002   1.0017891527294662        0.0000000000000000        1.0017891527294662        1.0000000000000000        6.9400066739805622E-310
  0.89499856663763488       -6.0568203882954383E-005   6.0890039617511604E-005   1.0000000000000000E-002   1.2000000000000000E-002   1.0017885519180394        0.0000000000000000        1.0017885519180394        1.0000000000000000        6.9400066739805622E-310
  0.90499868550151319       -5.5545490553510984E-005   5.5839829704140698E-005   1.0000000000000000E-002   1.2000000000000000E-002   1.0017879979056006        0.0000000000000000        1.0017879979056006        1.0000000000000000        6.9400066739805622E-310
  0.91499880955148782       -5.0303632691562460E-005   5.0569555201995797E-005   1.0000000000000000E-002   1.2000000000000000E-002   1.0017874928756927        0.0000000000000000        1.0017874928756927        1.0000000000000000        6.9400066739805622E-310
  0.92499893829808733       -4.4863313452437184E-005   4.5099914610879921E-005   1.0000000000000000E-002   1.2000000000000000E-002   1.0017870388188650        0.0000000000000000        1.0017870388188650        1.0000000000000000        6.9400066739805622E-310
  0.93499907123332016       -3.9245998676390650E-005   3.9452606928946921E-005   1.0000000000000000E-002   1.2000000000000000E-002   1.0017866375244568        0.0000000000000000        1.0017866375244568        1.0000000000000000        6.9400066739805622E-310
  0.94499920783269742       -3.3473851345710145E-005   3.3649774219490780E-005   1.0000000000000000E-002   1.2000000000000000E-002   1.0017862905737156        0.0000000000000000        1.0017862905737156        1.0000000000000000        6.9400066739805622E-310
  0.95499934755728344       -2.7569644554232687E-005   2.7714308384219066E-005   1.0000000000000000E-002   1.2000000000000000E-002   1.0017859993341882        0.0000000000000000        1.0017859993341882        1.0000000000000000        6.9400066739805622E-310
  0.96499948985582429       -2.1556672308809893E-005   2.1669666803170173E-005   1.0000000000000000E-002   1.2000000000000000E-002   1.0017857649534370        0.0000000000000000        1.0017857649534370        1.0000000000000000        6.9400066739805622E-310
  0.97499963416692681       -1.5458656875863849E-005   1.5539622685523113E-005   1.0000000000000000E-002   1.2000000000000000E-002   1.0017855883548765        0.0000000000000000        1.0017855883548765        1.0000000000000000        6.9400066739805622E-310
  0.98499977992126642       -9.2996558549234847E-006   9.3483050891407515E-006   1.0000000000000000E-002   1.2000000000000000E-002   1.0017854702346185        0.0000000000000000        1.0017854702346185        1.0000000000000000        6.9400066739805622E-310
  0.99499992654382508       -3.1039670969534693E-006   3.1202319172862758E-006   1.0000000000000000E-002   1.2000000000000000E-002   1.0017854110578697        0.0000000000000000        1.0017854110578697        1.0000000000000000        6.9400066739805622E-310
   1.0050000734561753        3.1039662601977359E-006  -2.8033999859289338E-006   1.0000000000000000E-002   1.2000000000000000E-002   1.0017854110577948        0.0000000000000000        1.0017854110577948        1.0000000000000000        6.9400066739805622E-310
   1.0150002200787358        9.2996533277556176E-006  -8.3991405999128688E-006   1.0000000000000000E-002   1.2000000000000000E-002   1.0017854702346114        0.0000000000000000        1.0017854702346114        1.0000000000000000        6.9400066739805622E-310
   1.0250003658330735        1.5458652917897113E-005  -1.3961761582415022E-005   1.0000000000000000E-002   1.2000000000000000E-002   1.0017855883549065        0.0000000000000000        1.0017855883549065        1.0000000000000000        6.9400066739805622E-310
   1.0350005101441773        2.1556666547221258E-005  -1.9469421702389411E-005   1.0000000000000000E-002   1.2000000000000000E-002   1.0017857649534399        0.0000000000000000        1.0017857649534399        1.0000000000000000        6.9400066739805622E-310
   1.0450006524427171        2.7569637254794906E-005  -2.4900294007146329E-005   1.0000000000000000E-002   1.2000000000000000E-002   1.0017859993342642        0.0000000000000000        1.0017859993342642        1.0000000000000000        6.9400066739805622E-310
  -5.0000734561749249E-003  -3.1043472783822078E-006  -3.5767633061438002E+077   1.0000000000000000E-002   1.2000000000000000E-002   1.0017854110578697        0.0000000000000000        1.0017854110578697        1.0000000000000000        6.9400066739805622E-310
  -1.5000220078733584E-002  -9.3007948888946278E-006   0.0000000000000000        1.0000000000000000E-002   1.2000000000000000E-002   1.0017854702346185        0.0000000000000000        1.0017854702346185        1.0000000000000000        6.9400066739805622E-310
  -2.5000365833073190E-002  -1.5460550281743933E-005  -3.5767633061438002E+077   1.0000000000000000E-002   1.2000000000000000E-002   1.0017855883548765        0.0000000000000000        1.0017855883548765        1.0000000000000000        6.9400066739805622E-310
  -3.5000510144175712E-002  -2.1559312621037945E-005   6.9400068546417920E-310   1.0000000000000000E-002   1.2000000000000000E-002   1.0017857649534370        0.0000000000000000        1.0017857649534370        1.0000000000000000        6.9400066739805622E-310
  -4.5000652442716560E-002  -2.7573021369111604E-005   6.9400066883177543E-310   1.0000000000000000E-002   1.2000000000000000E-002   1.0017859993341882        0.0000000000000000        1.0017859993341882        1.0000000000000000        6.9400066739805622E-310
