 # x, v, a, m, h, rho, u, P, c, ke
   4.8000000000000371     
   4.9999395488636500E-003   3.1152600690469192E-006   2.5662125162639882E-006   1.0000000000000000E-002   1.2000000000000000E-002   1.0018127565841013        0.0000000000000000        1.0018127565841013        1.0000000000000000        6.9400066739805622E-310
   1.4999818884923107E-002   9.3334968487034423E-006   7.6886016273647328E-006   1.0000000000000000E-002   1.2000000000000000E-002   1.0018127079117010        0.0000000000000000        1.0018127079117010        1.0000000000000000        6.9400066739805622E-310
   2.4999698935051429E-002   1.5514933568298565E-005   1.2780694938818726E-005   1.0000000000000000E-002   1.2000000000000000E-002   1.0018126107583232        0.0000000000000000        1.0018126107583232        1.0000000000000000        6.9400066739805622E-310
   3.4999580172168233E-002   2.1635196845570740E-005   1.7822593806116060E-005   1.0000000000000000E-002   1.2000000000000000E-002   1.0018124655060492        0.0000000000000000        1.0018124655060492        1.0000000000000000        6.9400066739805622E-310
   4.4999463064532806E-002   2.7670154961273256E-005   2.2794458932828832E-005   1.0000000000000000E-002   1.2000000000000000E-002   1.0018122727255221        0.0000000000000000        1.0018122727255221        1.0000000000000000        6.9400066739805622E-310
   5.4999348073902034E-002   3.3596010957724645E-005   2.7676614678284750E-005   1.0000000000000000E-002   1.2000000000000000E-002   1.0018120331749993        0.0000000000000000        1.0018120331749993        1.0000000000000000        6.9400066739805622E-310
   6.4999235653696877E-002   3.9389396708746879E-005   3.2450059920918761E-005   1.0000000000000000E-002   1.2000000000000000E-002   1.0018117477962980        0.0000000000000000        1.0018117477962980        1.0000000000000000        6.9400066739805622E-310
   7.4999126247246653E-002   4.5027465632519597E-005   3.7095873222092735E-005   1.0000000000000000E-002   1.2000000000000000E-002   1.0018114177112156        0.0000000000000000        1.0018114177112156        1.0000000000000000        6.9400066739805622E-310
   8.4999020286025073E-002   5.0487981402361409E-005   4.1595766158586400E-005   1.0000000000000000E-002   1.2000000000000000E-002   1.0018110442182229        0.0000000000000000        1.0018110442182229        1.0000000000000000        6.9400066739805622E-310
   9.4998918187952655E-002   5.5749406721161712E-005   4.5932128879044853E-005   1.0000000000000000E-002   1.2000000000000000E-002   1.0018106287860979        0.0000000000000000        1.0018106287860979        1.0000000000000000        6.9400066739805622E-310
  0.10499882035576613        6.0790986679702520E-005   5.0087753661998136E-005   1.0000000000000000E-002   1.2000000000000000E-002   1.0018101730489513        0.0000000000000000        1.0018101730489513        1.0000000000000000        6.9400066739805622E-310
  0.11499872717541183        6.5592831790674605E-005   5.4046402857998999E-005   1.0000000000000000E-002   1.2000000000000000E-002   1.0018096787996127        0.0000000000000000        1.0018096787996127        1.0000000000000000        6.9400066739805622E-310
  0.12499863901454733        7.0135995829670697E-005   5.7792325175221038E-005   1.0000000000000000E-002   1.2000000000000000E-002   1.0018091479827194        0.0000000000000000        1.0018091479827194        1.0000000000000000        6.9400066739805622E-310
  0.13499855622106974        7.4402550620637135E-005   6.1310841927841864E-005   1.0000000000000000E-002   1.2000000000000000E-002   1.0018085826873830        0.0000000000000000        1.0018085826873830        1.0000000000000000        6.9400066739805622E-310
  0.14499847912175837        7.8375656325007316E-005   6.4588044879521078E-005   1.0000000000000000E-002   1.2000000000000000E-002   1.0018079851383324        0.0000000000000000        1.0018079851383324        1.0000000000000000        6.9400066739805622E-310
  0.15499840802098153        8.2039628406187118E-005   6.7610932226180864E-005   1.0000000000000000E-002   1.2000000000000000E-002   1.0018073576880904        0.0000000000000000        1.0018073576880904        1.0000000000000000        6.9400066739805622E-310
  0.16499834319948567        8.5380000303309474E-005   7.0367659931847015E-005   1.0000000000000000E-002   1.2000000000000000E-002   1.0018067028070470        0.0000000000000000        1.0018067028070470        1.0000000000000000        6.9400066739805622E-310
  0.17499828491330238        8.8383578685868983E-005   7.2847149087174046E-005   1.0000000000000000E-002   1.2000000000000000E-002   1.0018060230743744        0.0000000000000000        1.0018060230743744        1.0000000000000000        6.9400066739805622E-310
  0.18499823339271160        9.1038497528325265E-005   7.5039688994138487E-005   1.0000000000000000E-002   1.2000000000000000E-002   1.0018053211679556        0.0000000000000000        1.0018053211679556        1.0000000000000000        6.9400066739805622E-310
  0.19499818884134437        9.3334264338016263E-005   7.6936613629285944E-005   1.0000000000000000E-002   1.2000000000000000E-002   1.0018045998528298        0.0000000000000000        1.0018045998528298        1.0000000000000000        6.9400066739805622E-310
  0.20499815143537917        9.5261801863529401E-005   7.8530232960893898E-005   1.0000000000000000E-002   1.2000000000000000E-002   1.0018038619717107        0.0000000000000000        1.0018038619717107        1.0000000000000000        6.9400066739805622E-310
  0.21499812132282151        9.6813483725053810E-005   7.9814333121319692E-005   1.0000000000000000E-002   1.2000000000000000E-002   1.0018031104332552        0.0000000000000000        1.0018031104332552        1.0000000000000000        6.9400066739805622E-310
  0.22499809862293435        9.7983166250761083E-005   8.0783693248598354E-005   1.0000000000000000E-002   1.2000000000000000E-002   1.0018023482003777        0.0000000000000000        1.0018023482003777        1.0000000000000000        6.9400066739805622E-310
  0.23499808342574746        9.8766211356156219E-005   8.1434410050817974E-005   1.0000000000000000E-002   1.2000000000000000E-002   1.0018015782792886        0.0000000000000000        1.0018015782792886        1.0000000000000000        6.9400066739805622E-310
  0.24499807579169836        9.9159506401055031E-005   8.1763838088555474E-005   1.0000000000000000E-002   1.2000000000000000E-002   1.0018008037072421        0.0000000000000000        1.0018008037072421        1.0000000000000000        6.9400066739805622E-310
  0.25499807575138367        9.9161476281530215E-005   8.1770695118166259E-005   1.0000000000000000E-002   1.2000000000000000E-002   1.0018000275401739        0.0000000000000000        1.0018000275401739        1.0000000000000000        6.9400066739805622E-310
  0.26499808330544278        9.8772089245973969E-005   8.1454804731428965E-005   1.0000000000000000E-002   1.2000000000000000E-002   1.0017992528408872        0.0000000000000000        1.0017992528408872        1.0000000000000000        6.9400066739805622E-310
  0.27499809842454098        9.7992859358519532E-005   8.0817229884289077E-005   1.0000000000000000E-002   1.2000000000000000E-002   1.0017984826679656        0.0000000000000000        1.0017984826679656        1.0000000000000000        6.9400066739805622E-310
  0.28499812104946465        9.6826839589756548E-005   7.9860560892264232E-005   1.0000000000000000E-002   1.2000000000000000E-002   1.0017977200626194        0.0000000000000000        1.0017977200626194        1.0000000000000000        6.9400066739805622E-310
  0.29499815109136723        9.5278609485709845E-005   7.8588452615768745E-005   1.0000000000000000E-002   1.2000000000000000E-002   1.0017969680364185        0.0000000000000000        1.0017969680364185        1.0000000000000000        6.9400066739805622E-310
  0.30499818843210480        9.3354258747665534E-005   7.7005842369359812E-005   1.0000000000000000E-002   1.2000000000000000E-002   1.0017962295601774        0.0000000000000000        1.0017962295601774        1.0000000000000000        6.9400066739805622E-310
  0.31499823292469520        9.1061363861901697E-005   7.5118929547812741E-005   1.0000000000000000E-002   1.2000000000000000E-002   1.0017955075517746        0.0000000000000000        1.0017955075517746        1.0000000000000000        6.9400066739805622E-310
  0.32499828439389616        8.8408955989871220E-005   7.2935032913612474E-005   1.0000000000000000E-002   1.2000000000000000E-002   1.0017948048649539        0.0000000000000000        1.0017948048649539        1.0000000000000000        6.9400066739805622E-310
  0.33499834263688011        8.5407488038076712E-005   7.0462831239126444E-005   1.0000000000000000E-002   1.2000000000000000E-002   1.0017941242774984        0.0000000000000000        1.0017941242774984        1.0000000000000000        6.9400066739805622E-310
  0.34499840742404686        8.2068793563566558E-005   6.7711934340408675E-005   1.0000000000000000E-002   1.2000000000000000E-002   1.0017934684803949        0.0000000000000000        1.0017934684803949        1.0000000000000000        6.9400066739805622E-310
  0.35499847849990884        7.8406038751000924E-005   6.4693259689718730E-005   1.0000000000000000E-002   1.2000000000000000E-002   1.0017928400672067        0.0000000000000000        1.0017928400672067        1.0000000000000000        6.9400066739805622E-310
  0.36499855558411154        7.4433671025450493E-005   6.1418623070963463E-005   1.0000000000000000E-002   1.2000000000000000E-002   1.0017922415235643        0.0000000000000000        1.0017922415235643        1.0000000000000000        6.9400066739805622E-310
  0.37499863837252617        7.0167363943062991E-005   5.7900957747492043E-005   1.0000000000000000E-002   1.2000000000000000E-002   1.0017916752176588        0.0000000000000000        1.0017916752176588        1.0000000000000000        6.9400066739805622E-310
  0.38499872653845318        6.5623952392558933E-005   5.4154164363495738E-005   1.0000000000000000E-002   1.2000000000000000E-002   1.0017911433903057        0.0000000000000000        1.0017911433903057        1.0000000000000000        6.9400066739805622E-310
  0.39499881973391265        6.0821368984700764E-005   5.0193009738741523E-005   1.0000000000000000E-002   1.2000000000000000E-002   1.0017906481462591        0.0000000000000000        1.0017906481462591        1.0000000000000000        6.9400066739805622E-310
  0.40499891759101642        5.5778571539229362E-005   4.6033108360710173E-005   1.0000000000000000E-002   1.2000000000000000E-002   1.0017901914460854        0.0000000000000000        1.0017901914460854        1.0000000000000000        6.9400066739805622E-310
  0.41499901972341591        5.0515469301797422E-005   4.1690986389397722E-005   1.0000000000000000E-002   1.2000000000000000E-002   1.0017897750978040        0.0000000000000000        1.0017897750978040        1.0000000000000000        6.9400066739805622E-310
  0.42499912572784088        4.5052842747074364E-005   3.7183734781898181E-005   1.0000000000000000E-002   1.2000000000000000E-002   1.0017894007498669        0.0000000000000000        1.0017894007498669        1.0000000000000000        6.9400066739805622E-310
  0.43499923518568356        3.9412262993581436E-005   3.2529218535692905E-005   1.0000000000000000E-002   1.2000000000000000E-002   1.0017890698848924        0.0000000000000000        1.0017890698848924        1.0000000000000000        6.9400066739805622E-310
  0.44499934766465715        3.3616005570139305E-005   2.7745942241530486E-005   1.0000000000000000E-002   1.2000000000000000E-002   1.0017887838128132        0.0000000000000000        1.0017887838128132        1.0000000000000000        6.9400066739805622E-310
  0.45499946272052127        2.7686962890874872E-005   2.2852615178869939E-005   1.0000000000000000E-002   1.2000000000000000E-002   1.0017885436670002        0.0000000000000000        1.0017885436670002        1.0000000000000000        6.9400066739805622E-310
  0.46499957989880741        2.1648552755668111E-005   1.7868859204739351E-005   1.0000000000000000E-002   1.2000000000000000E-002   1.0017883503988783        0.0000000000000000        1.0017883503988783        1.0000000000000000        6.9400066739805622E-310
  0.47499969873665515        1.5524626530859097E-005   1.2814272046135500E-005   1.0000000000000000E-002   1.2000000000000000E-002   1.0017882047737527        0.0000000000000000        1.0017882047737527        1.0000000000000000        6.9400066739805622E-310
  0.48499981876462045        9.3393746521293121E-006   7.7089550662989836E-006   1.0000000000000000E-002   1.2000000000000000E-002   1.0017881073685633        0.0000000000000000        1.0017881073685633        1.0000000000000000        6.9400066739805622E-310
  0.49499993950855137        3.1172296022565011E-006   2.5730346662200532E-006   1.0000000000000000E-002   1.2000000000000000E-002   1.0017880585692533        0.0000000000000000        1.0017880585692533        1.0000000000000000        6.9400066739805622E-310
  0.50500006049145152       -3.1172295750419800E-006  -2.5730753101527171E-006   1.0000000000000000E-002   1.2000000000000000E-002   1.0017880585694408        0.0000000000000000        1.0017880585694408        1.0000000000000000        6.9400066739805622E-310
  0.51500018123537805       -9.3393744991583789E-006  -7.7089099423943708E-006   1.0000000000000000E-002   1.2000000000000000E-002   1.0017881073687240        0.0000000000000000        1.0017881073687240        1.0000000000000000        6.9400066739805622E-310
  0.52500030126334418       -1.5524626787171392E-005  -1.2814256865389950E-005   1.0000000000000000E-002   1.2000000000000000E-002   1.0017882047736457        0.0000000000000000        1.0017882047736457        1.0000000000000000        6.9400066739805622E-310
  0.53500042010119375       -2.1648552772143397E-005  -1.7868886348360036E-005   1.0000000000000000E-002   1.2000000000000000E-002   1.0017883503988252        0.0000000000000000        1.0017883503988252        1.0000000000000000        6.9400066739805622E-310
  0.54500053727947939       -2.7686962782732068E-005  -2.2852636700321227E-005   1.0000000000000000E-002   1.2000000000000000E-002   1.0017885436671681        0.0000000000000000        1.0017885436671681        1.0000000000000000        6.9400066739805622E-310
  0.55500065233534013       -3.3616005616026922E-005  -2.7745896773900824E-005   1.0000000000000000E-002   1.2000000000000000E-002   1.0017887838128698        0.0000000000000000        1.0017887838128698        1.0000000000000000        6.9400066739805622E-310
  0.56500076481431594       -3.9412263019950791E-005  -3.2529231337896647E-005   1.0000000000000000E-002   1.2000000000000000E-002   1.0017890698847998        0.0000000000000000        1.0017890698847998        1.0000000000000000        6.9400066739805622E-310
  0.57500087427215874       -4.5052842636960887E-005  -3.7183748973212971E-005   1.0000000000000000E-002   1.2000000000000000E-002   1.0017894007499089        0.0000000000000000        1.0017894007499089        1.0000000000000000        6.9400066739805622E-310
  0.58500098027658254       -5.0515469297041772E-005  -4.1690983463738007E-005   1.0000000000000000E-002   1.2000000000000000E-002   1.0017897750978753        0.0000000000000000        1.0017897750978753        1.0000000000000000        6.9400066739805622E-310
  0.59500108240898186       -5.5778571786709099E-005  -4.6033115410182290E-005   1.0000000000000000E-002   1.2000000000000000E-002   1.0017901914461911        0.0000000000000000        1.0017901914461911        1.0000000000000000        6.9400066739805622E-310
  0.60500118026608329       -6.0821369303082709E-005  -5.0192962462780599E-005   1.0000000000000000E-002   1.2000000000000000E-002   1.0017906481461722        0.0000000000000000        1.0017906481461722        1.0000000000000000        6.9400066739805622E-310
  0.61500127346154709       -6.5623952119571043E-005  -5.4154203548151258E-005   1.0000000000000000E-002   1.2000000000000000E-002   1.0017911433901872        0.0000000000000000        1.0017911433901872        1.0000000000000000        6.9400066739805622E-310
  0.62500136162747222       -7.0167363657678346E-005  -5.7900928338128210E-005   1.0000000000000000E-002   1.2000000000000000E-002   1.0017916752175839        0.0000000000000000        1.0017916752175839        1.0000000000000000        6.9400066739805622E-310
  0.63500144441589002       -7.4433670983507427E-005  -6.1418640845189998E-005   1.0000000000000000E-002   1.2000000000000000E-002   1.0017922415234364        0.0000000000000000        1.0017922415234364        1.0000000000000000        6.9400066739805622E-310
  0.64500152150009216       -7.8406038749265049E-005  -6.4693243733593420E-005   1.0000000000000000E-002   1.2000000000000000E-002   1.0017928400670897        0.0000000000000000        1.0017928400670897        1.0000000000000000        6.9400066739805622E-310
  0.65500159257595725       -8.2068793522948984E-005  -6.7711986885043984E-005   1.0000000000000000E-002   1.2000000000000000E-002   1.0017934684804435        0.0000000000000000        1.0017934684804435        1.0000000000000000        6.9400066739805622E-310
  0.66500165736311989       -8.5407488382291182E-005  -7.0462809589777464E-005   1.0000000000000000E-002   1.2000000000000000E-002   1.0017941242776855        0.0000000000000000        1.0017941242776855        1.0000000000000000        6.9400066739805622E-310
  0.67500171560610400       -8.8408955881228376E-005  -7.2935050354772102E-005   1.0000000000000000E-002   1.2000000000000000E-002   1.0017948048651137        0.0000000000000000        1.0017948048651137        1.0000000000000000        6.9400066739805622E-310
  0.68500176707530158       -9.1061363650676576E-005  -7.5118882898017603E-005   1.0000000000000000E-002   1.2000000000000000E-002   1.0017955075518221        0.0000000000000000        1.0017955075518221        1.0000000000000000        6.9400066739805622E-310
  0.69500181156789409       -9.3354259157723833E-005  -7.7005831847998252E-005   1.0000000000000000E-002   1.2000000000000000E-002   1.0017962295599478        0.0000000000000000        1.0017962295599478        1.0000000000000000        6.9400066739805622E-310
  0.70500184890863482       -9.5278609156704372E-005  -7.8588492406161947E-005   1.0000000000000000E-002   1.2000000000000000E-002   1.0017969680363381        0.0000000000000000        1.0017969680363381        1.0000000000000000        6.9400066739805622E-310
  0.71500187895053569       -9.6826839507172720E-005  -7.9860548074961457E-005   1.0000000000000000E-002   1.2000000000000000E-002   1.0017977200626484        0.0000000000000000        1.0017977200626484        1.0000000000000000        6.9400066739805622E-310
  0.72500190157546041       -9.7992859448235622E-005  -8.0817255516230091E-005   1.0000000000000000E-002   1.2000000000000000E-002   1.0017984826680433        0.0000000000000000        1.0017984826680433        1.0000000000000000        6.9400066739805622E-310
  0.73500191669455606       -9.8772089303067378E-005  -8.1454779146561407E-005   1.0000000000000000E-002   1.2000000000000000E-002   1.0017992528409885        0.0000000000000000        1.0017992528409885        1.0000000000000000        6.9400066739805622E-310
  0.74500192424861511       -9.9161476235529712E-005  -8.1770658339586078E-005   1.0000000000000000E-002   1.2000000000000000E-002   1.0018000275399792        0.0000000000000000        1.0018000275399792        1.0000000000000000        6.9400066739805622E-310
  0.75500192420830503       -9.9159506495526703E-005  -8.1763900972475767E-005   1.0000000000000000E-002   1.2000000000000000E-002   1.0018008037071677        0.0000000000000000        1.0018008037071677        1.0000000000000000        6.9400066739805622E-310
  0.76500191657425309       -9.8766211270041456E-005  -8.1434410900804721E-005   1.0000000000000000E-002   1.2000000000000000E-002   1.0018015782795109        0.0000000000000000        1.0018015782795109        1.0000000000000000        6.9400066739805622E-310
  0.77500190137706382       -9.7983166501821811E-005  -8.0783657453231683E-005   1.0000000000000000E-002   1.2000000000000000E-002   1.0018023482004230        0.0000000000000000        1.0018023482004230        1.0000000000000000        6.9400066739805622E-310
  0.78500187867717841       -9.6813483621289604E-005  -7.9814349356333025E-005   1.0000000000000000E-002   1.2000000000000000E-002   1.0018031104332275        0.0000000000000000        1.0018031104332275        1.0000000000000000        6.9400066739805622E-310
  0.79500184856461964       -9.5261801730519641E-005  -7.8530215627203859E-005   1.0000000000000000E-002   1.2000000000000000E-002   1.0018038619716731        0.0000000000000000        1.0018038619716731        1.0000000000000000        6.9400066739805622E-310
  0.80500181115865621       -9.3334264348830096E-005  -7.6936619568535036E-005   1.0000000000000000E-002   1.2000000000000000E-002   1.0018045998527454        0.0000000000000000        1.0018045998527454        1.0000000000000000        6.9400066739805622E-310
  0.81500176660728885       -9.1038497561178909E-005  -7.5039675047072762E-005   1.0000000000000000E-002   1.2000000000000000E-002   1.0018053211678311        0.0000000000000000        1.0018053211678311        1.0000000000000000        6.9400066739805622E-310
  0.82500171508670106       -8.8383578652162696E-005  -7.2847207317039420E-005   1.0000000000000000E-002   1.2000000000000000E-002   1.0018060230744470        0.0000000000000000        1.0018060230744470        1.0000000000000000        6.9400066739805622E-310
  0.83500165680051330       -8.5380000326160891E-005  -7.0367634568135884E-005   1.0000000000000000E-002   1.2000000000000000E-002   1.0018067028072741        0.0000000000000000        1.0018067028072741        1.0000000000000000        6.9400066739805622E-310
  0.84500159197901681       -8.2039628617276754E-005  -6.7610911618665170E-005   1.0000000000000000E-002   1.2000000000000000E-002   1.0018073576880993        0.0000000000000000        1.0018073576880993        1.0000000000000000        6.9400066739805622E-310
  0.85500152087824066       -7.8375656210105061E-005  -6.4588036800650173E-005   1.0000000000000000E-002   1.2000000000000000E-002   1.0018079851382291        0.0000000000000000        1.0018079851382291        1.0000000000000000        6.9400066739805622E-310
  0.86500144377893073       -7.4402550353213818E-005  -6.1310850470341904E-005   1.0000000000000000E-002   1.2000000000000000E-002   1.0018085826872658        0.0000000000000000        1.0018085826872658        1.0000000000000000        6.9400066739805622E-310
  0.87500136098545434       -7.0135996058829199E-005  -5.7792352868624164E-005   1.0000000000000000E-002   1.2000000000000000E-002   1.0018091479827729        0.0000000000000000        1.0018091479827729        1.0000000000000000        6.9400066739805622E-310
  0.88500127282458718       -6.5592831652949000E-005  -5.4046363826998345E-005   1.0000000000000000E-002   1.2000000000000000E-002   1.0018096787996136        0.0000000000000000        1.0018096787996136        1.0000000000000000        6.9400066739805622E-310
  0.89500117964423542       -6.0790986805226643E-005  -5.0087769320583675E-005   1.0000000000000000E-002   1.2000000000000000E-002   1.0018101730488458        0.0000000000000000        1.0018101730488458        1.0000000000000000        6.9400066739805622E-310
  0.90500108181204886       -5.5749406646548151E-005  -4.5932142906934814E-005   1.0000000000000000E-002   1.2000000000000000E-002   1.0018106287861306        0.0000000000000000        1.0018106287861306        1.0000000000000000        6.9400066739805622E-310
  0.91500097971397576       -5.0487981257708131E-005  -4.1595776512082239E-005   1.0000000000000000E-002   1.2000000000000000E-002   1.0018110442183552        0.0000000000000000        1.0018110442183552        1.0000000000000000        6.9400066739805622E-310
  0.92500087375275197       -4.5027465577978705E-005  -3.7095838652412283E-005   1.0000000000000000E-002   1.2000000000000000E-002   1.0018114177112551        0.0000000000000000        1.0018114177112551        1.0000000000000000        6.9400066739805622E-310
  0.93500076434630286       -3.9389396943828201E-005  -3.2450042721343664E-005   1.0000000000000000E-002   1.2000000000000000E-002   1.0018117477960857        0.0000000000000000        1.0018117477960857        1.0000000000000000        6.9400066739805622E-310
  0.94500065192610161       -3.3596010799918958E-005  -2.7676675375509774E-005   1.0000000000000000E-002   1.2000000000000000E-002   1.0018120331750004        0.0000000000000000        1.0018120331750004        1.0000000000000000        6.9400066739805622E-310
  0.95500053693546660       -2.7670155022503102E-005  -2.2794414384463835E-005   1.0000000000000000E-002   1.2000000000000000E-002   1.0018122727255900        0.0000000000000000        1.0018122727255900        1.0000000000000000        6.9400066739805622E-310
  0.96500041982783380       -2.1635197224101080E-005  -1.7822621551921713E-005   1.0000000000000000E-002   1.2000000000000000E-002   1.0018124655060290        0.0000000000000000        1.0018124655060290        1.0000000000000000        6.9400066739805622E-310
  0.97500030106494884       -1.5514933477374989E-005  -1.2780692883573863E-005   1.0000000000000000E-002   1.2000000000000000E-002   1.0018126107584402        0.0000000000000000        1.0018126107584402        1.0000000000000000        6.9400066739805622E-310
  0.98500018111507615       -9.3334969536499639E-006  -7.6885808972804170E-006   1.0000000000000000E-002   1.2000000000000000E-002   1.0018127079117016        0.0000000000000000        1.0018127079117016        1.0000000000000000        6.9400066739805622E-310
  0.99500006045113676       -3.1152597538238836E-006  -2.5662229043987850E-006   1.0000000000000000E-002   1.2000000000000000E-002   1.0018127565840578        0.0000000000000000        1.0018127565840578        1.0000000000000000        6.9400066739805622E-310
   1.0049999395488636        3.1152609101010789E-006   2.8833144405382427E-006   1.0000000000000000E-002   1.2000000000000000E-002   1.0018127565841013        0.0000000000000000        1.0018127565841013        1.0000000000000000        6.9400066739805622E-310
   1.0149998188849232        9.3334993771832685E-006   8.6386427149420797E-006   1.0000000000000000E-002   1.2000000000000000E-002   1.0018127079117010        0.0000000000000000        1.0018127079117010        1.0000000000000000        6.9400066739805622E-310
   1.0249996989350514        1.5514937765573627E-005   1.4359962558607720E-005   1.0000000000000000E-002   1.2000000000000000E-002   1.0018126107583232        0.0000000000000000        1.0018126107583232        1.0000000000000000        6.9400066739805622E-310
   1.0349995801721683        2.1635202699609063E-005   2.0024855879263725E-005   1.0000000000000000E-002   1.2000000000000000E-002   1.0018124655060492        0.0000000000000000        1.0018124655060492        1.0000000000000000        6.9400066739805622E-310
   1.0449994630645327        2.7670162454867268E-005   2.5611064581987364E-005   1.0000000000000000E-002   1.2000000000000000E-002   1.0018122727255221        0.0000000000000000        1.0018122727255221        1.0000000000000000        6.9400066739805622E-310
  -4.9999395488632414E-003  -3.1156402656709815E-006  -3.5767633061438002E+077   1.0000000000000000E-002   1.2000000000000000E-002   1.0018127565840578        0.0000000000000000        1.0018127565840578        1.0000000000000000        6.9400066739805622E-310
  -1.4999818884923855E-002  -9.3346370143784520E-006   0.0000000000000000        1.0000000000000000E-002   1.2000000000000000E-002   1.0018127079117016        0.0000000000000000        1.0018127079117016        1.0000000000000000        6.9400066739805622E-310
  -2.4999698935051162E-002  -1.5516828588423343E-005  -3.5767633061438002E+077   1.0000000000000000E-002   1.2000000000000000E-002   1.0018126107584402        0.0000000000000000        1.0018126107584402        1.0000000000000000        6.9400066739805622E-310
  -3.4999580172166200E-002  -2.1637839952214224E-005   6.9400068546417920E-310   1.0000000000000000E-002   1.2000000000000000E-002   1.0018124655060290        0.0000000000000000        1.0018124655060290        1.0000000000000000        6.9400066739805622E-310
  -4.4999463064533396E-002  -2.7673534953113695E-005   6.9400066883177543E-310   1.0000000000000000E-002   1.2000000000000000E-002   1.0018122727255900        0.0000000000000000        1.0018122727255900        1.0000000000000000        6.9400066739805622E-310
