 # x, v, a, m, h, rho, u, P, c, ke
   4.4016000000000810     
   4.9998040371036336E-003  -2.8703741157946955E-006   8.3339006726745879E-006   1.0000000000000000E-002   1.2000000000000000E-002   1.0018404312198426        0.0000000000000000        1.0018404312198426        1.0000000000000000        6.9400066739805622E-310
   1.4999412885304876E-002  -8.5997866009233641E-006   2.4968714728679231E-005   1.0000000000000000E-002   1.2000000000000000E-002   1.0018402731491818        0.0000000000000000        1.0018402731491818        1.0000000000000000        6.9400066739805622E-310
   2.4999024052411702E-002  -1.4295237883019103E-005   4.1504653298218841E-005   1.0000000000000000E-002   1.2000000000000000E-002   1.0018399576338612        0.0000000000000000        1.0018399576338612        1.0000000000000000        6.9400066739805622E-310
   3.4998639074156845E-002  -1.9934236879816756E-005   5.7876295276315659E-005   1.0000000000000000E-002   1.2000000000000000E-002   1.0018394859232800        0.0000000000000000        1.0018394859232800        1.0000000000000000        6.9400066739805622E-310
   4.4998259471015677E-002  -2.5494514840806445E-005   7.4018805038988944E-005   1.0000000000000000E-002   1.2000000000000000E-002   1.0018388598851533        0.0000000000000000        1.0018388598851533        1.0000000000000000        6.9400066739805622E-310
   5.4997886742186017E-002  -3.0954115774759607E-005   8.9868228339007317E-005   1.0000000000000000E-002   1.2000000000000000E-002   1.0018380819986552        0.0000000000000000        1.0018380819986552        1.0000000000000000        6.9400066739805622E-310
   6.4997522359643414E-002  -3.6291480985973396E-005   1.0536202479904944E-004   1.0000000000000000E-002   1.2000000000000000E-002   1.0018371553434378        0.0000000000000000        1.0018371553434378        1.0000000000000000        6.9400066739805622E-310
   7.4997167762342248E-002  -4.1485535603045009E-005   1.2043869835665078E-004   1.0000000000000000E-002   1.2000000000000000E-002   1.0018360835879729        0.0000000000000000        1.0018360835879729        1.0000000000000000        6.9400066739805622E-310
   8.4996824350495409E-002  -4.6515771986029353E-005   1.3503868069619784E-004   1.0000000000000000E-002   1.2000000000000000E-002   1.0018348709754545        0.0000000000000000        1.0018348709754545        1.0000000000000000        6.9400066739805622E-310
   9.4996493480047725E-002  -5.1362329801102037E-005   1.4910427373049373E-004   1.0000000000000000E-002   1.2000000000000000E-002   1.0018335223056820        0.0000000000000000        1.0018335223056820        1.0000000000000000        6.9400066739805622E-310
  0.10499617645731678       -5.6006076534873469E-005   1.6257983210010707E-004   1.0000000000000000E-002   1.2000000000000000E-002   1.0018320429165513        0.0000000000000000        1.0018320429165513        1.0000000000000000        6.9400066739805622E-310
  0.11499587453382250       -6.0428680523051456E-005   1.7541216924676917E-004   1.0000000000000000E-002   1.2000000000000000E-002   1.0018304386625203        0.0000000000000000        1.0018304386625203        1.0000000000000000        6.9400066739805622E-310
  0.12499558890135178       -6.4612684940116273E-005   1.8755052053531784E-004   1.0000000000000000E-002   1.2000000000000000E-002   1.0018287158914518        0.0000000000000000        1.0018287158914518        1.0000000000000000        6.9400066739805622E-310
  0.13499532068723963       -6.8541576168411070E-005   1.9894702184064528E-004   1.0000000000000000E-002   1.2000000000000000E-002   1.0018268814193649        0.0000000000000000        1.0018268814193649        1.0000000000000000        6.9400066739805622E-310
  0.14499507094992650       -7.2199850291196561E-005   2.0955670697819784E-004   1.0000000000000000E-002   1.2000000000000000E-002   1.0018249425028221        0.0000000000000000        1.0018249425028221        1.0000000000000000        6.9400066739805622E-310
  0.15499484067478259       -7.5573072356153095E-005   2.1933768234205786E-004   1.0000000000000000E-002   1.2000000000000000E-002   1.0018229068106665        0.0000000000000000        1.0018229068106665        1.0000000000000000        6.9400066739805622E-310
  0.16499463077021279       -7.8647933539325915E-005   2.2825154561445515E-004   1.0000000000000000E-002   1.2000000000000000E-002   1.0018207823927912        0.0000000000000000        1.0018207823927912        1.0000000000000000        6.9400066739805622E-310
  0.17499444206409615       -8.1412305747048867E-005   2.3626309307100968E-004   1.0000000000000000E-002   1.2000000000000000E-002   1.0018185776483608        0.0000000000000000        1.0018185776483608        1.0000000000000000        6.9400066739805622E-310
  0.18499427530051127       -8.3855286961271358E-005   2.4334082559196446E-004   1.0000000000000000E-002   1.2000000000000000E-002   1.0018163012930843        0.0000000000000000        1.0018163012930843        1.0000000000000000        6.9400066739805622E-310
  0.19499413113681152       -8.5967244538001568E-005   2.4945703006551412E-004   1.0000000000000000E-002   1.2000000000000000E-002   1.0018139623235618        0.0000000000000000        1.0018139623235618        1.0000000000000000        6.9400066739805622E-310
  0.20499401014105431       -8.7739854952507425E-005   2.5458762445129679E-004   1.0000000000000000E-002   1.2000000000000000E-002   1.0018115699821657        0.0000000000000000        1.0018115699821657        1.0000000000000000        6.9400066739805622E-310
  0.21499391278975838       -8.9166133925428425E-005   2.5871260895549142E-004   1.0000000000000000E-002   1.2000000000000000E-002   1.0018091337203394        0.0000000000000000        1.0018091337203394        1.0000000000000000        6.9400066739805622E-310
  0.22499383946605253       -9.0240465164654154E-005   2.6181580940765059E-004   1.0000000000000000E-002   1.2000000000000000E-002   1.0018066631610762        0.0000000000000000        1.0018066631610762        1.0000000000000000        6.9400066739805622E-310
  0.23499379045816662       -9.0958622451104459E-005   2.6388528251075627E-004   1.0000000000000000E-002   1.2000000000000000E-002   1.0018041680607184        0.0000000000000000        1.0018041680607184        1.0000000000000000        6.9400066739805622E-310
  0.24499376595832742       -9.1317786190196380E-005   2.6491300483399982E-004   1.0000000000000000E-002   1.2000000000000000E-002   1.0018016582701856        0.0000000000000000        1.0018016582701856        1.0000000000000000        6.9400066739805622E-310
  0.25499376606201019       -9.1316552497612661E-005   2.6489509054972160E-004   1.0000000000000000E-002   1.2000000000000000E-002   1.0017991436967970        0.0000000000000000        1.0017991436967970        1.0000000000000000        6.9400066739805622E-310
  0.26499379076757684       -9.0954941268991038E-005   2.6383189130463336E-004   1.0000000000000000E-002   1.2000000000000000E-002   1.0017966342644533        0.0000000000000000        1.0017966342644533        1.0000000000000000        6.9400066739805622E-310
  0.27499383997631099       -9.0234394455890942E-005   2.6172777623845178E-004   1.0000000000000000E-002   1.2000000000000000E-002   1.0017941398745280        0.0000000000000000        1.0017941398745280        1.0000000000000000        6.9400066739805622E-310
  0.28499391349281983       -8.9157769151958745E-005   2.5859128564587053E-004   1.0000000000000000E-002   1.2000000000000000E-002   1.0017916703669580        0.0000000000000000        1.0017916703669580        1.0000000000000000        6.9400066739805622E-310
  0.29499401102583062       -8.7729328390644199E-005   2.5443493545473927E-004   1.0000000000000000E-002   1.2000000000000000E-002   1.0017892354815914        0.0000000000000000        1.0017892354815914        1.0000000000000000        6.9400066739805622E-310
  0.30499413218934845       -8.5954722384505821E-005   2.4927539511132579E-004   1.0000000000000000E-002   1.2000000000000000E-002   1.0017868448196277        0.0000000000000000        1.0017868448196277        1.0000000000000000        6.9400066739805622E-310
  0.31499427650420841       -8.3840965928231386E-005   2.4313313901380695E-004   1.0000000000000000E-002   1.2000000000000000E-002   1.0017845078058298        0.0000000000000000        1.0017845078058298        1.0000000000000000        6.9400066739805622E-310
  0.32499444339997352       -8.1396412280647804E-005   2.3603255943172030E-004   1.0000000000000000E-002   1.2000000000000000E-002   1.0017822336519040        0.0000000000000000        1.0017822336519040        1.0000000000000000        6.9400066739805622E-310
  0.33499463221720133       -7.8630718328660454E-005   2.2800183546234365E-004   1.0000000000000000E-002   1.2000000000000000E-002   1.0017800313199245        0.0000000000000000        1.0017800313199245        1.0000000000000000        6.9400066739805622E-310
  0.34499484221006027       -7.5554806364177418E-005   2.1907277780552903E-004   1.0000000000000000E-002   1.2000000000000000E-002   1.0017779094871480        0.0000000000000000        1.0017779094871480        1.0000000000000000        6.9400066739805622E-310
  0.35499507254928486       -7.2180822098794696E-005   2.0928069745451694E-004   1.0000000000000000E-002   1.2000000000000000E-002   1.0017758765122260        0.0000000000000000        1.0017758765122260        1.0000000000000000        6.9400066739805622E-310
  0.36499532232545184       -6.8522086036091045E-005   1.9866436617732575E-004   1.0000000000000000E-002   1.2000000000000000E-002   1.0017739404020909        0.0000000000000000        1.0017739404020909        1.0000000000000000        6.9400066739805622E-310
  0.37499559055258741       -6.4593039477539940E-005   1.8726555344805718E-004   1.0000000000000000E-002   1.2000000000000000E-002   1.0017721087813838        0.0000000000000000        1.0017721087813838        1.0000000000000000        6.9400066739805622E-310
  0.38499587617203707       -6.0409190028305852E-005   1.7512945428865834E-004   1.0000000000000000E-002   1.2000000000000000E-002   1.0017703888619902        0.0000000000000000        1.0017703888619902        1.0000000000000000        6.9400066739805622E-310
  0.39499617805667236       -5.5987048352957012E-005   1.6230387780158395E-004   1.0000000000000000E-002   1.2000000000000000E-002   1.0017687874143677        0.0000000000000000        1.0017687874143677        1.0000000000000000        6.9400066739805622E-310
  0.40499649501532520       -5.1344064094666818E-005   1.4883936038589951E-004   1.0000000000000000E-002   1.2000000000000000E-002   1.0017673107422571        0.0000000000000000        1.0017673107422571        1.0000000000000000        6.9400066739805622E-310
  0.41499682579748354       -4.6498556593427802E-005   1.3478898796837058E-004   1.0000000000000000E-002   1.2000000000000000E-002   1.0017659646575712        0.0000000000000000        1.0017659646575712        1.0000000000000000        6.9400066739805622E-310
  0.42499716909822149       -4.1469641974192595E-005   1.2020814769719834E-004   1.0000000000000000E-002   1.2000000000000000E-002   1.0017647544574704        0.0000000000000000        1.0017647544574704        1.0000000000000000        6.9400066739805622E-310
  0.43499752356334376       -3.6277159975638637E-005   1.0515428381818737E-004   1.0000000000000000E-002   1.2000000000000000E-002   1.0017636849036988        0.0000000000000000        1.0017636849036988        1.0000000000000000        6.9400066739805622E-310
  0.44499788779472021       -3.0941593283767878E-005   8.9686661747911955E-005   1.0000000000000000E-002   1.2000000000000000E-002   1.0017627602041344        0.0000000000000000        1.0017627602041344        1.0000000000000000        6.9400066739805622E-310
  0.45499826035579249       -2.5483988692361955E-005   7.3866098195374263E-005   1.0000000000000000E-002   1.2000000000000000E-002   1.0017619839968350        0.0000000000000000        1.0017619839968350        1.0000000000000000        6.9400066739805622E-310
  0.46499863977721828       -1.9925872119359094E-005   5.7754980645086107E-005   1.0000000000000000E-002   1.2000000000000000E-002   1.0017613593352330        0.0000000000000000        1.0017613593352330        1.0000000000000000        6.9400066739805622E-310
  0.47499902456267123       -1.4289167381792141E-005   4.1416621056278302E-005   1.0000000000000000E-002   1.2000000000000000E-002   1.0017608886762717        0.0000000000000000        1.0017608886762717        1.0000000000000000        6.9400066739805622E-310
  0.48499941319471784       -8.5961053542835709E-006   2.4915295702143681E-005   1.0000000000000000E-002   1.2000000000000000E-002   1.0017605738715269        0.0000000000000000        1.0017605738715269        1.0000000000000000        6.9400066739805622E-310
  0.49499980414078654       -2.8691404889673448E-006   8.3160335497822757E-006   1.0000000000000000E-002   1.2000000000000000E-002   1.0017604161589653        0.0000000000000000        1.0017604161589653        1.0000000000000000        6.9400066739805622E-310
  0.50500019585921296        2.8691404880720868E-006  -8.3160143162785971E-006   1.0000000000000000E-002   1.2000000000000000E-002   1.0017604161588758        0.0000000000000000        1.0017604161588758        1.0000000000000000        6.9400066739805622E-310
  0.51500058680528382        8.5961055396200786E-006  -2.4915324710050868E-005   1.0000000000000000E-002   1.2000000000000000E-002   1.0017605738714850        0.0000000000000000        1.0017605738714850        1.0000000000000000        6.9400066739805622E-310
  0.52500097543732926        1.4289167229298646E-005  -4.1416624802614876E-005   1.0000000000000000E-002   1.2000000000000000E-002   1.0017608886763780        0.0000000000000000        1.0017608886763780        1.0000000000000000        6.9400066739805622E-310
  0.53500136022278089        1.9925872144245925E-005  -5.7754958537437062E-005   1.0000000000000000E-002   1.2000000000000000E-002   1.0017613593352508        0.0000000000000000        1.0017613593352508        1.0000000000000000        6.9400066739805622E-310
  0.54500173964420762        2.5483988561406416E-005  -7.3866092558105834E-005   1.0000000000000000E-002   1.2000000000000000E-002   1.0017619839967322        0.0000000000000000        1.0017619839967322        1.0000000000000000        6.9400066739805622E-310
  0.55500211220528117        3.0941593217625542E-005  -8.9686668672150915E-005   1.0000000000000000E-002   1.2000000000000000E-002   1.0017627602040375        0.0000000000000000        1.0017627602040375        1.0000000000000000        6.9400066739805622E-310
  0.56500247643665835        3.6277160110437358E-005  -1.0515429234647655E-004   1.0000000000000000E-002   1.2000000000000000E-002   1.0017636849036751        0.0000000000000000        1.0017636849036751        1.0000000000000000        6.9400066739805622E-310
  0.57500283090178028        4.1469641979409695E-005  -1.2020814794500012E-004   1.0000000000000000E-002   1.2000000000000000E-002   1.0017647544574835        0.0000000000000000        1.0017647544574835        1.0000000000000000        6.9400066739805622E-310
  0.58500317420251846        4.6498556455971891E-005  -1.3478901559249579E-004   1.0000000000000000E-002   1.2000000000000000E-002   1.0017659646577011        0.0000000000000000        1.0017659646577011        1.0000000000000000        6.9400066739805622E-310
  0.59500350498467403        5.1344064199819121E-005  -1.4883934753928685E-004   1.0000000000000000E-002   1.2000000000000000E-002   1.0017673107424703        0.0000000000000000        1.0017673107424703        1.0000000000000000        6.9400066739805622E-310
  0.60500382194332469        5.5987048707371230E-005  -1.6230381936566118E-004   1.0000000000000000E-002   1.2000000000000000E-002   1.0017687874142496        0.0000000000000000        1.0017687874142496        1.0000000000000000        6.9400066739805622E-310
  0.61500412382796499        6.0409189836938802E-005  -1.7512950406128880E-004   1.0000000000000000E-002   1.2000000000000000E-002   1.0017703888618317        0.0000000000000000        1.0017703888618317        1.0000000000000000        6.9400066739805622E-310
  0.62500440944741331        6.4593039575670631E-005  -1.8726556344450529E-004   1.0000000000000000E-002   1.2000000000000000E-002   1.0017721087815032        0.0000000000000000        1.0017721087815032        1.0000000000000000        6.9400066739805622E-310
  0.63500467767454716        6.8522085562857993E-005  -1.9866433580695286E-004   1.0000000000000000E-002   1.2000000000000000E-002   1.0017739404021042        0.0000000000000000        1.0017739404021042        1.0000000000000000        6.9400066739805622E-310
  0.64500492745071558        7.2180822415830373E-005  -2.0928069541970018E-004   1.0000000000000000E-002   1.2000000000000000E-002   1.0017758765121005        0.0000000000000000        1.0017758765121005        1.0000000000000000        6.9400066739805622E-310
  0.65500515778994151        7.5554806255926350E-005  -2.1907278795740837E-004   1.0000000000000000E-002   1.2000000000000000E-002   1.0017779094870662        0.0000000000000000        1.0017779094870662        1.0000000000000000        6.9400066739805622E-310
  0.66500536778280073        7.8630718161963625E-005  -2.2800184249227584E-004   1.0000000000000000E-002   1.2000000000000000E-002   1.0017800313199130        0.0000000000000000        1.0017800313199130        1.0000000000000000        6.9400066739805622E-310
  0.67500555660002859        8.1396412396939980E-005  -2.3603258217086420E-004   1.0000000000000000E-002   1.2000000000000000E-002   1.0017822336520206        0.0000000000000000        1.0017822336520206        1.0000000000000000        6.9400066739805622E-310
  0.68500572349579125        8.3840966250099731E-005  -2.4313312096957418E-004   1.0000000000000000E-002   1.2000000000000000E-002   1.0017845078059859        0.0000000000000000        1.0017845078059859        1.0000000000000000        6.9400066739805622E-310
  0.69500586781064999        8.5954721994393169E-005  -2.4927535525698374E-004   1.0000000000000000E-002   1.2000000000000000E-002   1.0017868448195038        0.0000000000000000        1.0017868448195038        1.0000000000000000        6.9400066739805622E-310
  0.70500598897417222        8.7729328408687682E-005  -2.5443499760768873E-004   1.0000000000000000E-002   1.2000000000000000E-002   1.0017892354815807        0.0000000000000000        1.0017892354815807        1.0000000000000000        6.9400066739805622E-310
  0.71500608650717878        8.9157769292939708E-005  -2.5859124611660178E-004   1.0000000000000000E-002   1.2000000000000000E-002   1.0017916703670502        0.0000000000000000        1.0017916703670502        1.0000000000000000        6.9400066739805622E-310
  0.72500616002368956        9.0234394438057524E-005  -2.6172778629174331E-004   1.0000000000000000E-002   1.2000000000000000E-002   1.0017941398744716        0.0000000000000000        1.0017941398744716        1.0000000000000000        6.9400066739805622E-310
  0.73500620923242332        9.0954941484473265E-005  -2.6383189355350112E-004   1.0000000000000000E-002   1.2000000000000000E-002   1.0017966342644709        0.0000000000000000        1.0017966342644709        1.0000000000000000        6.9400066739805622E-310
  0.74500623393798981        9.1316552425455970E-005  -2.6489508673588347E-004   1.0000000000000000E-002   1.2000000000000000E-002   1.0017991436967930        0.0000000000000000        1.0017991436967930        1.0000000000000000        6.9400066739805622E-310
  0.75500623404167289        9.1317785940023152E-005  -2.6491300671160900E-004   1.0000000000000000E-002   1.2000000000000000E-002   1.0018016582701788        0.0000000000000000        1.0018016582701788        1.0000000000000000        6.9400066739805622E-310
  0.76500620954183340        9.0958622664289967E-005  -2.6388526647114219E-004   1.0000000000000000E-002   1.2000000000000000E-002   1.0018041680606522        0.0000000000000000        1.0018041680606522        1.0000000000000000        6.9400066739805622E-310
  0.77500616053394911        9.0240465257352545E-005  -2.6181582211393106E-004   1.0000000000000000E-002   1.2000000000000000E-002   1.0018066631609883        0.0000000000000000        1.0018066631609883        1.0000000000000000        6.9400066739805622E-310
  0.78500608721024379        8.9166133664070365E-005  -2.5871264018118012E-004   1.0000000000000000E-002   1.2000000000000000E-002   1.0018091337204549        0.0000000000000000        1.0018091337204549        1.0000000000000000        6.9400066739805622E-310
  0.79500598985894477        8.7739855036498182E-005  -2.5458760309060580E-004   1.0000000000000000E-002   1.2000000000000000E-002   1.0018115699823233        0.0000000000000000        1.0018115699823233        1.0000000000000000        6.9400066739805622E-310
  0.80500586886318726        8.5967244508074512E-005  -2.4945702117307178E-004   1.0000000000000000E-002   1.2000000000000000E-002   1.0018139623235822        0.0000000000000000        1.0018139623235822        1.0000000000000000        6.9400066739805622E-310
  0.81500572469948762        8.3855287142488676E-005  -2.4334082763033393E-004   1.0000000000000000E-002   1.2000000000000000E-002   1.0018163012930752        0.0000000000000000        1.0018163012930752        1.0000000000000000        6.9400066739805622E-310
  0.82500555793590291        8.1412305588976933E-005  -2.3626309595137229E-004   1.0000000000000000E-002   1.2000000000000000E-002   1.0018185776483735        0.0000000000000000        1.0018185776483735        1.0000000000000000        6.9400066739805622E-310
  0.83500536922978563        7.8647933640509652E-005  -2.2825152071614951E-004   1.0000000000000000E-002   1.2000000000000000E-002   1.0018207823927037        0.0000000000000000        1.0018207823927037        1.0000000000000000        6.9400066739805622E-310
  0.84500515932521825        7.5573072016071088E-005  -2.1933769473836406E-004   1.0000000000000000E-002   1.2000000000000000E-002   1.0018229068105227        0.0000000000000000        1.0018229068105227        1.0000000000000000        6.9400066739805622E-310
  0.85500492905007508        7.2199850310421769E-005  -2.0955672647282597E-004   1.0000000000000000E-002   1.2000000000000000E-002   1.0018249425028227        0.0000000000000000        1.0018249425028227        1.0000000000000000        6.9400066739805622E-310
  0.86500467931276115        6.8541576494579931E-005  -1.9894702954648125E-004   1.0000000000000000E-002   1.2000000000000000E-002   1.0018268814194862        0.0000000000000000        1.0018268814194862        1.0000000000000000        6.9400066739805622E-310
  0.87500441109864713        6.4612684816588511E-005  -1.8755049964536141E-004   1.0000000000000000E-002   1.2000000000000000E-002   1.0018287158915140        0.0000000000000000        1.0018287158915140        1.0000000000000000        6.9400066739805622E-310
  0.88500412546617702        6.0428680542593238E-005  -1.7541216887284605E-004   1.0000000000000000E-002   1.2000000000000000E-002   1.0018304386624872        0.0000000000000000        1.0018304386624872        1.0000000000000000        6.9400066739805622E-310
  0.89500382354268293        5.6006076536801540E-005  -1.6257982812817318E-004   1.0000000000000000E-002   1.2000000000000000E-002   1.0018320429165053        0.0000000000000000        1.0018320429165053        1.0000000000000000        6.9400066739805622E-310
  0.90500350651995265        5.1362329924640675E-005  -1.4910427627778944E-004   1.0000000000000000E-002   1.2000000000000000E-002   1.0018335223056216        0.0000000000000000        1.0018335223056216        1.0000000000000000        6.9400066739805622E-310
  0.91500317564950573        4.6515771994621832E-005  -1.3503870472142410E-004   1.0000000000000000E-002   1.2000000000000000E-002   1.0018348709755120        0.0000000000000000        1.0018348709755120        1.0000000000000000        6.9400066739805622E-310
  0.92500283223765689        4.1485535439733492E-005  -1.2043868248134970E-004   1.0000000000000000E-002   1.2000000000000000E-002   1.0018360835880753        0.0000000000000000        1.0018360835880753        1.0000000000000000        6.9400066739805622E-310
  0.93500247764035527        3.6291480826680048E-005  -1.0536199775668109E-004   1.0000000000000000E-002   1.2000000000000000E-002   1.0018371553433392        0.0000000000000000        1.0018371553433392        1.0000000000000000        6.9400066739805622E-310
  0.94500211325781547        3.0954115771550653E-005  -8.9868259678382856E-005   1.0000000000000000E-002   1.2000000000000000E-002   1.0018380819985799        0.0000000000000000        1.0018380819985799        1.0000000000000000        6.9400066739805622E-310
  0.95500174052898468        2.5494515010550235E-005  -7.4018802731501410E-005   1.0000000000000000E-002   1.2000000000000000E-002   1.0018388598852181        0.0000000000000000        1.0018388598852181        1.0000000000000000        6.9400066739805622E-310
  0.96500136092584299        1.9934236755499062E-005  -5.7876289606184628E-005   1.0000000000000000E-002   1.2000000000000000E-002   1.0018394859232955        0.0000000000000000        1.0018394859232955        1.0000000000000000        6.9400066739805622E-310
  0.97500097594758872        1.4295238397095379E-005  -4.1504689130000827E-005   1.0000000000000000E-002   1.2000000000000000E-002   1.0018399576340207        0.0000000000000000        1.0018399576340207        1.0000000000000000        6.9400066739805622E-310
  0.98500058711469174        8.5997864911860174E-006  -2.4968698024707692E-005   1.0000000000000000E-002   1.2000000000000000E-002   1.0018402731494263        0.0000000000000000        1.0018402731494263        1.0000000000000000        6.9400066739805622E-310
  0.99500019596289158        2.8703738376939440E-006  -8.3338833514190469E-006   1.0000000000000000E-002   1.2000000000000000E-002   1.0018404312199225        0.0000000000000000        1.0018404312199225        1.0000000000000000        6.9400066739805622E-310
   1.0049998040371035       -2.8703717478307371E-006   8.0399436352962539E-006   1.0000000000000000E-002   1.2000000000000000E-002   1.0018404312198426        0.0000000000000000        1.0018404312198426        1.0000000000000000        6.9400066739805622E-310
   1.0149994128853048       -8.5997795032281332E-006   2.4088013844014711E-005   1.0000000000000000E-002   1.2000000000000000E-002   1.0018402731491818        0.0000000000000000        1.0018402731491818        1.0000000000000000        6.9400066739805622E-310
   1.0249990240524116       -1.4295226087207840E-005   4.0040698111809547E-005   1.0000000000000000E-002   1.2000000000000000E-002   1.0018399576338612        0.0000000000000000        1.0018399576338612        1.0000000000000000        6.9400066739805622E-310
   1.0349986390741568       -1.9934220430887071E-005   5.5834860538617193E-005   1.0000000000000000E-002   1.2000000000000000E-002   1.0018394859232800        0.0000000000000000        1.0018394859232800        1.0000000000000000        6.9400066739805622E-310
   1.0449982594710157       -2.5494493801432470E-005   7.1407990047234193E-005   1.0000000000000000E-002   1.2000000000000000E-002   1.0018388598851533        0.0000000000000000        1.0018388598851533        1.0000000000000000        6.9400066739805622E-310
  -4.9998040371084240E-003   2.8707265793687467E-006  -3.5767633061438002E+077   1.0000000000000000E-002   1.2000000000000000E-002   1.0018404312199225        0.0000000000000000        1.0018404312199225        1.0000000000000000        6.9400066739805622E-310
  -1.4999412885308261E-002   8.6008433232404206E-006   0.0000000000000000        1.0000000000000000E-002   1.2000000000000000E-002   1.0018402731494263        0.0000000000000000        1.0018402731494263        1.0000000000000000        6.9400066739805622E-310
  -2.4999024052411278E-002   1.4296995174539962E-005  -3.5767633061438002E+077   1.0000000000000000E-002   1.2000000000000000E-002   1.0018399576340207        0.0000000000000000        1.0018399576340207        1.0000000000000000        6.9400066739805622E-310
  -3.4998639074157012E-002   1.9936686457836575E-005   6.9400068546417920E-310   1.0000000000000000E-002   1.2000000000000000E-002   1.0018394859232955        0.0000000000000000        1.0018394859232955        1.0000000000000000        6.9400066739805622E-310
  -4.4998259471015323E-002   2.5497647995669570E-005   6.9400066883177543E-310   1.0000000000000000E-002   1.2000000000000000E-002   1.0018388598852181        0.0000000000000000        1.0018388598852181        1.0000000000000000        6.9400066739805622E-310
