 # x, v, a, m, h, rho, u, P, c, ke
   1.3007999999999880     
   5.0003906231765767E-003  -1.8393829914216318E-006  -1.6601365616430996E-005   1.0000000000000000E-002   1.2000000000000000E-002   1.0017206477623750        0.0000000000000000        1.0017206477623750        1.0000000000000000        6.9400066739805622E-310
   1.5001170327642794E-002  -5.5108906670917093E-006  -4.9738532037935101E-005   1.0000000000000000E-002   1.2000000000000000E-002   1.0017209625844024        0.0000000000000000        1.0017209625844024        1.0000000000000000        6.9400066739805622E-310
   2.5001945412537935E-002  -9.1606519112027009E-006  -8.2679283113229474E-005   1.0000000000000000E-002   1.2000000000000000E-002   1.0017215909856703        0.0000000000000000        1.0017215909856703        1.0000000000000000        6.9400066739805622E-310
   3.5002712818422564E-002  -1.2774264375805122E-005  -1.1529356060435703E-004   1.0000000000000000E-002   1.2000000000000000E-002   1.0017225304857065        0.0000000000000000        1.0017225304857065        1.0000000000000000        6.9400066739805622E-310
   4.5003469516181470E-002  -1.6337468515346314E-005  -1.4745253082093512E-004   1.0000000000000000E-002   1.2000000000000000E-002   1.0017237773758878        0.0000000000000000        1.0017237773758878        1.0000000000000000        6.9400066739805622E-310
   5.5004212518991763E-002  -1.9836203284737528E-005  -1.7902921953449891E-004   1.0000000000000000E-002   1.2000000000000000E-002   1.0017253267340509        0.0000000000000000        1.0017253267340509        1.0000000000000000        6.9400066739805622E-310
   6.5004938894116404E-002  -2.3256662038157862E-005  -2.0989897623202580E-004   1.0000000000000000E-002   1.2000000000000000E-002   1.0017271724443093        0.0000000000000000        1.0017271724443093        1.0000000000000000        6.9400066739805622E-310
   7.5005645774481683E-002  -2.6585347346153309E-005  -2.3993988391879384E-004   1.0000000000000000E-002   1.2000000000000000E-002   1.0017293072210007        0.0000000000000000        1.0017293072210007        1.0000000000000000        6.9400066739805622E-310
   8.5006330370002228E-002  -2.9809123381929872E-005  -2.6903333075978253E-004   1.0000000000000000E-002   1.2000000000000000E-002   1.0017317226373030        0.0000000000000000        1.0017317226373030        1.0000000000000000        6.9400066739805622E-310
   9.5006989978597745E-002  -3.2915268254184395E-005  -2.9706447214472576E-004   1.0000000000000000E-002   1.2000000000000000E-002   1.0017344091587446        0.0000000000000000        1.0017344091587446        1.0000000000000000        6.9400066739805622E-310
  0.10500762199685955       -3.5891523966034988E-005  -3.2392263760971929E-004   1.0000000000000000E-002   1.2000000000000000E-002   1.0017373561808132        0.0000000000000000        1.0017373561808132        1.0000000000000000        6.9400066739805622E-310
  0.11500822393033021       -3.8726145425924085E-005  -3.4950180638926298E-004   1.0000000000000000E-002   1.2000000000000000E-002   1.0017405520707703        0.0000000000000000        1.0017405520707703        1.0000000000000000        6.9400066739805622E-310
  0.12500879340335033       -4.1407945891552948E-005  -3.7370101333333849E-004   1.0000000000000000E-002   1.2000000000000000E-002   1.0017439842136475        0.0000000000000000        1.0017439842136475        1.0000000000000000        6.9400066739805622E-310
  0.13500932816843586       -4.3926341450631061E-005  -3.9642474870849043E-004   1.0000000000000000E-002   1.2000000000000000E-002   1.0017476390620401        0.0000000000000000        1.0017476390620401        1.0000000000000000        6.9400066739805622E-310
  0.14500982611514898       -4.6271393282805592E-005  -4.1758335235364541E-004   1.0000000000000000E-002   1.2000000000000000E-002   1.0017515021896934        0.0000000000000000        1.0017515021896934        1.0000000000000000        6.9400066739805622E-310
  0.15501028527842425       -4.8433846052073095E-005  -4.3709331422370212E-004   1.0000000000000000E-002   1.2000000000000000E-002   1.0017555583483708        0.0000000000000000        1.0017555583483708        1.0000000000000000        6.9400066739805622E-310
  0.16501070384632535       -5.0405165193826597E-005  -4.5487767695995274E-004   1.0000000000000000E-002   1.2000000000000000E-002   1.0017597915280727        0.0000000000000000        1.0017597915280727        1.0000000000000000        6.9400066739805622E-310
  0.17501108016719072       -5.2177569958394607E-005  -4.7086627802528369E-004   1.0000000000000000E-002   1.2000000000000000E-002   1.0017641850203036        0.0000000000000000        1.0017641850203036        1.0000000000000000        6.9400066739805622E-310
  0.18501141275615032       -5.3744064643135787E-005  -4.8499607789320720E-004   1.0000000000000000E-002   1.2000000000000000E-002   1.0017687214840560        0.0000000000000000        1.0017687214840560        1.0000000000000000        6.9400066739805622E-310
  0.19501170030097831       -5.5098465872963599E-005  -4.9721134454561167E-004   1.0000000000000000E-002   1.2000000000000000E-002   1.0017733830142395        0.0000000000000000        1.0017733830142395        1.0000000000000000        6.9400066739805622E-310
  0.20501194166726916       -5.6235427267642341E-005  -5.0746393982326055E-004   1.0000000000000000E-002   1.2000000000000000E-002   1.0017781512123412        0.0000000000000000        1.0017781512123412        1.0000000000000000        6.9400066739805622E-310
  0.21501213590290635       -5.7150460246584205E-005  -5.1571346406653618E-004   1.0000000000000000E-002   1.2000000000000000E-002   1.0017830072591365        0.0000000000000000        1.0017830072591365        1.0000000000000000        6.9400066739805622E-310
  0.22501228224181399       -5.7839952245687040E-005  -5.2192743775769657E-004   1.0000000000000000E-002   1.2000000000000000E-002   1.0017879319889709        0.0000000000000000        1.0017879319889709        1.0000000000000000        6.9400066739805622E-310
  0.23501238010697068       -5.8301180644485179E-005  -5.2608138318532838E-004   1.0000000000000000E-002   1.2000000000000000E-002   1.0017929059652848        0.0000000000000000        1.0017929059652848        1.0000000000000000        6.9400066739805622E-310
  0.24501242911268309       -5.8532323532729824E-005  -5.2815902541336612E-004   1.0000000000000000E-002   1.2000000000000000E-002   1.0017979095574965        0.0000000000000000        1.0017979095574965        1.0000000000000000        6.9400066739805622E-310
  0.25501242906609395       -5.8532466756235382E-005  -5.2815222978708221E-004   1.0000000000000000E-002   1.2000000000000000E-002   1.0018029230185332        0.0000000000000000        1.0018029230185332        1.0000000000000000        6.9400066739805622E-310
  0.26501237996793786       -5.8301608254914294E-005  -5.2606111005992773E-004   1.0000000000000000E-002   1.2000000000000000E-002   1.0018079265626314        0.0000000000000000        1.0018079265626314        1.0000000000000000        6.9400066739805622E-310
  0.27501228201252681       -5.7840657545179440E-005  -5.2189394456636506E-004   1.0000000000000000E-002   1.2000000000000000E-002   1.0018129004432312        0.0000000000000000        1.0018129004432312        1.0000000000000000        6.9400066739805622E-310
  0.28501213558698274       -5.7151431855565918E-005  -5.1566732626273648E-004   1.0000000000000000E-002   1.2000000000000000E-002   1.0018178250311887        0.0000000000000000        1.0018178250311887        1.0000000000000000        6.9400066739805622E-310
  0.29501194126969177       -5.6236650043182946E-005  -5.0740588302300438E-004   1.0000000000000000E-002   1.2000000000000000E-002   1.0018226808923920        0.0000000000000000        1.0018226808923920        1.0000000000000000        6.9400066739805622E-310
  0.30501169982801779       -5.5099920498846860E-005  -4.9714228974373498E-004   1.0000000000000000E-002   1.2000000000000000E-002   1.0018274488641206        0.0000000000000000        1.0018274488641206        1.0000000000000000        6.9400066739805622E-310
  0.31501141221526474       -5.3745728288655763E-005  -4.8491709712195075E-004   1.0000000000000000E-002   1.2000000000000000E-002   1.0018321101306680        0.0000000000000000        1.0018321101306680        1.0000000000000000        6.9400066739805622E-310
  0.32501107956691089       -5.2179416278084780E-005  -4.7077864069322573E-004   1.0000000000000000E-002   1.2000000000000000E-002   1.0018366462977153        0.0000000000000000        1.0018366462977153        1.0000000000000000        6.9400066739805622E-310
  0.33501070319611631       -5.0407165040031955E-005  -4.5478273079879727E-004   1.0000000000000000E-002   1.2000000000000000E-002   1.0018410394648010        0.0000000000000000        1.0018410394648010        1.0000000000000000        6.9400066739805622E-310
  0.34501028458854111       -4.8435967945614888E-005  -4.3699257814378001E-004   1.0000000000000000E-002   1.2000000000000000E-002   1.0018452722959876        0.0000000000000000        1.0018452722959876        1.0000000000000000        6.9400066739805622E-310
  0.35500982539647141       -4.6273603592542385E-005  -4.1747840525729885E-004   1.0000000000000000E-002   1.2000000000000000E-002   1.0018493280883312        0.0000000000000000        1.0018493280883312        1.0000000000000000        6.9400066739805622E-310
  0.36500932743229902       -4.3928605568579260E-005  -3.9631727057365396E-004   1.0000000000000000E-002   1.2000000000000000E-002   1.0018531908376711        0.0000000000000000        1.0018531908376711        1.0000000000000000        6.9400066739805622E-310
  0.37500879266136233       -4.1410228036019827E-005  -3.7359267165726351E-004   1.0000000000000000E-002   1.2000000000000000E-002   1.0018568453017358        0.0000000000000000        1.0018568453017358        1.0000000000000000        6.9400066739805622E-310
  0.38500822319419264       -3.8728409520662931E-005  -3.4939431029545887E-004   1.0000000000000000E-002   1.2000000000000000E-002   1.0018602770601983        0.0000000000000000        1.0018602770601983        1.0000000000000000        6.9400066739805622E-310
  0.39500762127818267       -3.5893734458628298E-005  -3.2381770336087357E-004   1.0000000000000000E-002   1.2000000000000000E-002   1.0018634725718230        0.0000000000000000        1.0018634725718230        1.0000000000000000        6.9400066739805622E-310
  0.40500698928871498       -3.2917390035140168E-005  -2.9696374091869870E-004   1.0000000000000000E-002   1.2000000000000000E-002   1.0018664192276374        0.0000000000000000        1.0018664192276374        1.0000000000000000        6.9400066739805622E-310
  0.41500632971979318       -2.9811123244489290E-005  -2.6893838817088067E-004   1.0000000000000000E-002   1.2000000000000000E-002   1.0018691054005970        0.0000000000000000        1.0018691054005970        1.0000000000000000        6.9400066739805622E-310
  0.42500564517420086       -2.6587193600528321E-005  -2.3985223447464676E-004   1.0000000000000000E-002   1.2000000000000000E-002   1.0018715204917212        0.0000000000000000        1.0018715204917212        1.0000000000000000        6.9400066739805622E-310
  0.43500493835323006       -2.3258325740193804E-005  -2.0981998578228911E-004   1.0000000000000000E-002   1.2000000000000000E-002   1.0018736549716074        0.0000000000000000        1.0018736549716074        1.0000000000000000        6.9400066739805622E-310
  0.44500421204603180       -1.9837657883775089E-005  -1.7896017890439708E-004   1.0000000000000000E-002   1.2000000000000000E-002   1.0018755004182496        0.0000000000000000        1.0018755004182496        1.0000000000000000        6.9400066739805622E-310
  0.45500346911860440       -1.6338691230789900E-005  -1.4739447958422858E-004   1.0000000000000000E-002   1.2000000000000000E-002   1.0018770495501306        0.0000000000000000        1.0018770495501306        1.0000000000000000        6.9400066739805622E-310
  0.46500271250249847       -1.2775236125535451E-005  -1.1524741388146964E-004   1.0000000000000000E-002   1.2000000000000000E-002   1.0018782962546995        0.0000000000000000        1.0018782962546995        1.0000000000000000        6.9400066739805622E-310
  0.47500194518325067       -9.1613570666258201E-006  -8.2645794625690883E-005   1.0000000000000000E-002   1.2000000000000000E-002   1.0018792356128425        0.0000000000000000        1.0018792356128425        1.0000000000000000        6.9400066739805622E-310
  0.48500117018860939       -5.5113184208664999E-006  -4.9718249100827450E-005   1.0000000000000000E-002   1.2000000000000000E-002   1.0018798639183726        0.0000000000000000        1.0018798639183726        1.0000000000000000        6.9400066739805622E-310
  0.49500039057658768       -1.8395262718811413E-006  -1.6594568268857302E-005   1.0000000000000000E-002   1.2000000000000000E-002   1.0018801786922396        0.0000000000000000        1.0018801786922396        1.0000000000000000        6.9400066739805622E-310
  0.50499960942341293        1.8395263627066458E-006   1.6594577761708251E-005   1.0000000000000000E-002   1.2000000000000000E-002   1.0018801786921887        0.0000000000000000        1.0018801786921887        1.0000000000000000        6.9400066739805622E-310
  0.51499882981139267        5.5113182369773326E-006   4.9718213827709690E-005   1.0000000000000000E-002   1.2000000000000000E-002   1.0018798639184474        0.0000000000000000        1.0018798639184474        1.0000000000000000        6.9400066739805622E-310
  0.52499805481674833        9.1613572030809458E-006   8.2645821375848527E-005   1.0000000000000000E-002   1.2000000000000000E-002   1.0018792356129593        0.0000000000000000        1.0018792356129593        1.0000000000000000        6.9400066739805622E-310
  0.53499728749750086        1.2775236079131979E-005   1.1524742787472064E-004   1.0000000000000000E-002   1.2000000000000000E-002   1.0018782962546231        0.0000000000000000        1.0018782962546231        1.0000000000000000        6.9400066739805622E-310
  0.54499653088139655        1.6338691272477074E-005   1.4739445707689924E-004   1.0000000000000000E-002   1.2000000000000000E-002   1.0018770495500999        0.0000000000000000        1.0018770495500999        1.0000000000000000        6.9400066739805622E-310
  0.55499578795396820        1.9837657913770335E-005   1.7896018107599332E-004   1.0000000000000000E-002   1.2000000000000000E-002   1.0018755004183111        0.0000000000000000        1.0018755004183111        1.0000000000000000        6.9400066739805622E-310
  0.56499506164676938        2.3258325672385581E-005   2.0981999625924175E-004   1.0000000000000000E-002   1.2000000000000000E-002   1.0018736549716019        0.0000000000000000        1.0018736549716019        1.0000000000000000        6.9400066739805622E-310
  0.57499435482579941        2.6587193672036888E-005   2.3985222468603240E-004   1.0000000000000000E-002   1.2000000000000000E-002   1.0018715204917230        0.0000000000000000        1.0018715204917230        1.0000000000000000        6.9400066739805622E-310
  0.58499367028020610        2.9811123156724781E-005   2.6893840911323963E-004   1.0000000000000000E-002   1.2000000000000000E-002   1.0018691054005453        0.0000000000000000        1.0018691054005453        1.0000000000000000        6.9400066739805622E-310
  0.59499301071128641        3.2917390160689879E-005   2.9696371715459691E-004   1.0000000000000000E-002   1.2000000000000000E-002   1.0018664192275932        0.0000000000000000        1.0018664192275932        1.0000000000000000        6.9400066739805622E-310
  0.60499237872181766        3.5893734353977066E-005   3.2381770589129388E-004   1.0000000000000000E-002   1.2000000000000000E-002   1.0018634725718840        0.0000000000000000        1.0018634725718840        1.0000000000000000        6.9400066739805622E-310
  0.61499177680580719        3.8728409624610760E-005   3.4939432406222437E-004   1.0000000000000000E-002   1.2000000000000000E-002   1.0018602770601786        0.0000000000000000        1.0018602770601786        1.0000000000000000        6.9400066739805622E-310
  0.62499120733863855        4.1410228101302012E-005   3.7359265762137994E-004   1.0000000000000000E-002   1.2000000000000000E-002   1.0018568453017203        0.0000000000000000        1.0018568453017203        1.0000000000000000        6.9400066739805622E-310
  0.63499067256770125        4.3928605389674660E-005   3.9631726597288974E-004   1.0000000000000000E-002   1.2000000000000000E-002   1.0018531908377395        0.0000000000000000        1.0018531908377395        1.0000000000000000        6.9400066739805622E-310
  0.64499017460352792        4.6273603544621143E-005   4.1747841781436534E-004   1.0000000000000000E-002   1.2000000000000000E-002   1.0018493280883618        0.0000000000000000        1.0018493280883618        1.0000000000000000        6.9400066739805622E-310
  0.65498971541145845        4.8435968072058883E-005   4.3699259043883387E-004   1.0000000000000000E-002   1.2000000000000000E-002   1.0018452722959077        0.0000000000000000        1.0018452722959077        1.0000000000000000        6.9400066739805622E-310
  0.66498929680388474        5.0407165065782156E-005   4.5478272287002852E-004   1.0000000000000000E-002   1.2000000000000000E-002   1.0018410394647017        0.0000000000000000        1.0018410394647017        1.0000000000000000        6.9400066739805622E-310
  0.67498892043309078        5.2179416203096215E-005   4.7077863075539739E-004   1.0000000000000000E-002   1.2000000000000000E-002   1.0018366462976978        0.0000000000000000        1.0018366462976978        1.0000000000000000        6.9400066739805622E-310
  0.68498858778473659        5.3745728311092311E-005   4.8491709532427762E-004   1.0000000000000000E-002   1.2000000000000000E-002   1.0018321101307006        0.0000000000000000        1.0018321101307006        1.0000000000000000        6.9400066739805622E-310
  0.69498830017198321        5.5099920511364956E-005   4.9714228558528362E-004   1.0000000000000000E-002   1.2000000000000000E-002   1.0018274488641807        0.0000000000000000        1.0018274488641807        1.0000000000000000        6.9400066739805622E-310
  0.70498805873030834        5.6236649899302466E-005   5.0740588718056756E-004   1.0000000000000000E-002   1.2000000000000000E-002   1.0018226808924529        0.0000000000000000        1.0018226808924529        1.0000000000000000        6.9400066739805622E-310
  0.71498786441301698        5.7151432099006575E-005   5.1566733448282775E-004   1.0000000000000000E-002   1.2000000000000000E-002   1.0018178250311978        0.0000000000000000        1.0018178250311978        1.0000000000000000        6.9400066739805622E-310
  0.72498771798747308        5.7840657440824432E-005   5.2189395104296210E-004   1.0000000000000000E-002   1.2000000000000000E-002   1.0018129004431706        0.0000000000000000        1.0018129004431706        1.0000000000000000        6.9400066739805622E-310
  0.73498762003206330        5.8301608301476718E-005   5.2606108742647706E-004   1.0000000000000000E-002   1.2000000000000000E-002   1.0018079265626449        0.0000000000000000        1.0018079265626449        1.0000000000000000        6.9400066739805622E-310
  0.74498757093390566        5.8532466714404402E-005   5.2815223724511640E-004   1.0000000000000000E-002   1.2000000000000000E-002   1.0018029230186145        0.0000000000000000        1.0018029230186145        1.0000000000000000        6.9400066739805622E-310
  0.75498757088731627        5.8532323515755656E-005   5.2815902937020098E-004   1.0000000000000000E-002   1.2000000000000000E-002   1.0017979095575240        0.0000000000000000        1.0017979095575240        1.0000000000000000        6.9400066739805622E-310
  0.76498761989302844        5.8301180537640606E-005   5.2608138801080173E-004   1.0000000000000000E-002   1.2000000000000000E-002   1.0017929059652744        0.0000000000000000        1.0017929059652744        1.0000000000000000        6.9400066739805622E-310
  0.77498771775818565        5.7839952373615869E-005   5.2192743325729651E-004   1.0000000000000000E-002   1.2000000000000000E-002   1.0017879319889615        0.0000000000000000        1.0017879319889615        1.0000000000000000        6.9400066739805622E-310
  0.78498786409709287        5.7150460338180267E-005   5.1571347346524021E-004   1.0000000000000000E-002   1.2000000000000000E-002   1.0017830072590992        0.0000000000000000        1.0017830072590992        1.0000000000000000        6.9400066739805622E-310
  0.79498805833273134        5.6235427235065826E-005   5.0746392209433111E-004   1.0000000000000000E-002   1.2000000000000000E-002   1.0017781512123456        0.0000000000000000        1.0017781512123456        1.0000000000000000        6.9400066739805622E-310
  0.80498829969902075        5.5098465843665543E-005   4.9721136206581917E-004   1.0000000000000000E-002   1.2000000000000000E-002   1.0017733830142448        0.0000000000000000        1.0017733830142448        1.0000000000000000        6.9400066739805622E-310
  0.81498858724385004        5.3744064614172566E-005   4.8499606386975813E-004   1.0000000000000000E-002   1.2000000000000000E-002   1.0017687214840414        0.0000000000000000        1.0017687214840414        1.0000000000000000        6.9400066739805622E-310
  0.82498891983280875        5.2177569915699017E-005   4.7086628298931288E-004   1.0000000000000000E-002   1.2000000000000000E-002   1.0017641850203352        0.0000000000000000        1.0017641850203352        1.0000000000000000        6.9400066739805622E-310
  0.83498929615367423        5.0405165237859544E-005   4.5487767875851404E-004   1.0000000000000000E-002   1.2000000000000000E-002   1.0017597915280674        0.0000000000000000        1.0017597915280674        1.0000000000000000        6.9400066739805622E-310
  0.84498971472157536        4.8433846107041522E-005   4.3709332054309158E-004   1.0000000000000000E-002   1.2000000000000000E-002   1.0017555583483368        0.0000000000000000        1.0017555583483368        1.0000000000000000        6.9400066739805622E-310
  0.85499017388485121        4.6271393151327667E-005   4.1758335441066663E-004   1.0000000000000000E-002   1.2000000000000000E-002   1.0017515021896151        0.0000000000000000        1.0017515021896151        1.0000000000000000        6.9400066739805622E-310
  0.86499067183156553        4.3926341505526941E-005   3.9642472768885995E-004   1.0000000000000000E-002   1.2000000000000000E-002   1.0017476390620519        0.0000000000000000        1.0017476390620519        1.0000000000000000        6.9400066739805622E-310
  0.87499120659664953        4.1407945801297617E-005   3.7370102515499326E-004   1.0000000000000000E-002   1.2000000000000000E-002   1.0017439842136990        0.0000000000000000        1.0017439842136990        1.0000000000000000        6.9400066739805622E-310
  0.88499177606967006        3.8726145479167980E-005   3.4950180028037181E-004   1.0000000000000000E-002   1.2000000000000000E-002   1.0017405520707945        0.0000000000000000        1.0017405520707945        1.0000000000000000        6.9400066739805622E-310
  0.89499237800313991        3.5891523983633730E-005   3.2392264312441910E-004   1.0000000000000000E-002   1.2000000000000000E-002   1.0017373561808436        0.0000000000000000        1.0017373561808436        1.0000000000000000        6.9400066739805622E-310
  0.90499301002140187        3.2915268223410034E-005   2.9706447099897559E-004   1.0000000000000000E-002   1.2000000000000000E-002   1.0017344091587530        0.0000000000000000        1.0017344091587530        1.0000000000000000        6.9400066739805622E-310
  0.91499366962999706        2.9809123375303665E-005   2.6903333692995801E-004   1.0000000000000000E-002   1.2000000000000000E-002   1.0017317226372893        0.0000000000000000        1.0017317226372893        1.0000000000000000        6.9400066739805622E-310
  0.92499435422551823        2.6585347424878560E-005   2.3993987888903945E-004   1.0000000000000000E-002   1.2000000000000000E-002   1.0017293072209819        0.0000000000000000        1.0017293072209819        1.0000000000000000        6.9400066739805622E-310
  0.93499506110588326        2.3256662076044460E-005   2.0989898098822124E-004   1.0000000000000000E-002   1.2000000000000000E-002   1.0017271724442904        0.0000000000000000        1.0017271724442904        1.0000000000000000        6.9400066739805622E-310
  0.94499578748100854        1.9836203110746698E-005   1.7902921339629785E-004   1.0000000000000000E-002   1.2000000000000000E-002   1.0017253267340398        0.0000000000000000        1.0017253267340398        1.0000000000000000        6.9400066739805622E-310
  0.95499653048381838        1.6337468616354637E-005   1.4745253878878373E-004   1.0000000000000000E-002   1.2000000000000000E-002   1.0017237773758676        0.0000000000000000        1.0017237773758676        1.0000000000000000        6.9400066739805622E-310
  0.96499728718157818        1.2774264300539428E-005   1.1529355049244572E-004   1.0000000000000000E-002   1.2000000000000000E-002   1.0017225304856967        0.0000000000000000        1.0017225304856967        1.0000000000000000        6.9400066739805622E-310
  0.97499805458746214        9.1606518894153109E-006   8.2679288107456728E-005   1.0000000000000000E-002   1.2000000000000000E-002   1.0017215909856845        0.0000000000000000        1.0017215909856845        1.0000000000000000        6.9400066739805622E-310
  0.98499882967235763        5.5108908569291256E-006   4.9738524494635783E-005   1.0000000000000000E-002   1.2000000000000000E-002   1.0017209625844246        0.0000000000000000        1.0017209625844246        1.0000000000000000        6.9400066739805622E-310
  0.99499960937682308        1.8393828780786924E-006   1.6601371812363652E-005   1.0000000000000000E-002   1.2000000000000000E-002   1.0017206477624072        0.0000000000000000        1.0017206477624072        1.0000000000000000        6.9400066739805622E-310
   1.0050003906231766       -1.8393879249589437E-006  -1.6786885018049702E-005   1.0000000000000000E-002   1.2000000000000000E-002   1.0017206477623750        0.0000000000000000        1.0017206477623750        1.0000000000000000        6.9400066739805622E-310
   1.0150011703276427       -5.5109054472826473E-006  -5.0294362853087193E-005   1.0000000000000000E-002   1.2000000000000000E-002   1.0017209625844024        0.0000000000000000        1.0017209625844024        1.0000000000000000        6.9400066739805622E-310
   1.0250019454125379       -9.1606764795148852E-006  -8.3603234043216901E-005   1.0000000000000000E-002   1.2000000000000000E-002   1.0017215909856703        0.0000000000000000        1.0017215909856703        1.0000000000000000        6.9400066739805622E-310
   1.0350027128184225       -1.2774298637620907E-005  -1.1658198227948446E-004   1.0000000000000000E-002   1.2000000000000000E-002   1.0017225304857065        0.0000000000000000        1.0017225304857065        1.0000000000000000        6.9400066739805622E-310
   1.0450034695161814       -1.6337512332922014E-005  -1.4910035003268263E-004   1.0000000000000000E-002   1.2000000000000000E-002   1.0017237773758878        0.0000000000000000        1.0017237773758878        1.0000000000000000        6.9400066739805622E-310
  -5.0003906231769202E-003   1.8396054944435013E-006  -3.5767633061438002E+077   1.0000000000000000E-002   1.2000000000000000E-002   1.0017206477624072        0.0000000000000000        1.0017206477624072        1.0000000000000000        6.9400066739805622E-310
  -1.5001170327642366E-002   5.5115578662131975E-006   0.0000000000000000        1.0000000000000000E-002   1.2000000000000000E-002   1.0017209625844246        0.0000000000000000        1.0017209625844246        1.0000000000000000        6.9400066739805622E-310
  -2.5001945412537863E-002   9.1617606267838928E-006  -3.5767633061438002E+077   1.0000000000000000E-002   1.2000000000000000E-002   1.0017215909856845        0.0000000000000000        1.0017215909856845        1.0000000000000000        6.9400066739805622E-310
  -3.5002712818421822E-002   1.2775810402446197E-005   6.9400068546417920E-310   1.0000000000000000E-002   1.2000000000000000E-002   1.0017225304856967        0.0000000000000000        1.0017225304856967        1.0000000000000000        6.9400066739805622E-310
  -4.5003469516181616E-002   1.6339446007390617E-005   6.9400066883177543E-310   1.0000000000000000E-002   1.2000000000000000E-002   1.0017237773758676        0.0000000000000000        1.0017237773758676        1.0000000000000000        6.9400066739805622E-310
