 # x, v, a, m, h, rho, u, P, c, ke
  0.40080000000000149     
   5.0002431382558743E-003  -2.7119922241833240E-006  -1.0332472582419427E-005   1.0000000000000000E-002   1.2000000000000000E-002   1.0017507620994957        0.0000000000000000        1.0017507620994957        1.0000000000000000        6.9400066739805622E-310
   1.5000728455129161E-002  -8.1252730109856423E-006  -3.0956608820353892E-005   1.0000000000000000E-002   1.2000000000000000E-002   1.0017509580500386        0.0000000000000000        1.0017509580500386        1.0000000000000000        6.9400066739805622E-310
   2.5001210896878488E-002  -1.3506485026053772E-005  -5.1458549146232713E-005   1.0000000000000000E-002   1.2000000000000000E-002   1.0017513491777128        0.0000000000000000        1.0017513491777128        1.0000000000000000        6.9400066739805622E-310
   3.5001688559367305E-002  -1.8834389953131536E-005  -7.1757348592882408E-005   1.0000000000000000E-002   1.2000000000000000E-002   1.0017519339389005        0.0000000000000000        1.0017519339389005        1.0000000000000000        6.9400066739805622E-310
   4.5002159557327552E-002  -2.4087959630204308E-005  -9.1772877332196856E-005   1.0000000000000000E-002   1.2000000000000000E-002   1.0017527100257095        0.0000000000000000        1.0017527100257095        1.0000000000000000        6.9400066739805622E-310
   5.5002622031801715E-002  -2.9246459492046907E-005  -1.1142612607262237E-004   1.0000000000000000E-002   1.2000000000000000E-002   1.0017536743751756        0.0000000000000000        1.0017536743751756        1.0000000000000000        6.9400066739805622E-310
   6.5003074157481258E-002  -3.4289530221710501E-005  -1.3063950515679323E-004   1.0000000000000000E-002   1.2000000000000000E-002   1.0017548231812901        0.0000000000000000        1.0017548231812901        1.0000000000000000        6.9400066739805622E-310
   7.5003514149913436E-002  -3.9197268213748179E-005  -1.4933717793486068E-004   1.0000000000000000E-002   1.2000000000000000E-002   1.0017561519100415        0.0000000000000000        1.0017561519100415        1.0000000000000000        6.9400066739805622E-310
   8.5003940272544876E-002  -4.3950304028034930E-005  -1.6744534382873155E-004   1.0000000000000000E-002   1.2000000000000000E-002   1.0017576553173799        0.0000000000000000        1.0017576553173799        1.0000000000000000        6.9400066739805622E-310
   9.5004350843576002E-002  -4.8529878841625053E-005  -1.8489251918474281E-004   1.0000000000000000E-002   1.2000000000000000E-002   1.0017593274698497        0.0000000000000000        1.0017593274698497        1.0000000000000000        6.9400066739805622E-310
  0.10500474424260063       -5.2917918614185873E-005  -2.0160983904915497E-004   1.0000000000000000E-002   1.2000000000000000E-002   1.0017611617679933        0.0000000000000000        1.0017611617679933        1.0000000000000000        6.9400066739805622E-310
  0.11500511891700177       -5.7097105335165387E-005  -2.1753131994017849E-004   1.0000000000000000E-002   1.2000000000000000E-002   1.0017631509724283        0.0000000000000000        1.0017631509724283        1.0000000000000000        6.9400066739805622E-310
  0.12500547338808007       -6.1050945474375827E-005  -2.3259412294329707E-004   1.0000000000000000E-002   1.2000000000000000E-002   1.0017652872324156        0.0000000000000000        1.0017652872324156        1.0000000000000000        6.9400066739805622E-310
  0.13500580625689004       -6.4763834966244721E-005  -2.4673880195624776E-004   1.0000000000000000E-002   1.2000000000000000E-002   1.0017675621168600        0.0000000000000000        1.0017675621168600        1.0000000000000000        6.9400066739805622E-310
  0.14500611620976100       -6.8221120755185456E-005  -2.5990953724353005E-004   1.0000000000000000E-002   1.2000000000000000E-002   1.0017699666475874        0.0000000000000000        1.0017699666475874        1.0000000000000000        6.9400066739805622E-310
  0.15500640202348148       -7.1409158786713047E-005  -2.7205436084543066E-004   1.0000000000000000E-002   1.2000000000000000E-002   1.0017724913348114        0.0000000000000000        1.0017724913348114        1.0000000000000000        6.9400066739805622E-310
  0.16500666257012517       -7.4315367659519592E-005  -2.8312533398278106E-004   1.0000000000000000E-002   1.2000000000000000E-002   1.0017751262145129        0.0000000000000000        1.0017751262145129        1.0000000000000000        6.9400066739805622E-310
  0.17500689682150330       -7.6928278589498197E-005  -2.9307877370232660E-004   1.0000000000000000E-002   1.2000000000000000E-002   1.0017778608877248        0.0000000000000000        1.0017778608877248        1.0000000000000000        6.9400066739805622E-310
  0.18500710385322156       -7.9237580318013357E-005  -3.0187542870407924E-004   1.0000000000000000E-002   1.2000000000000000E-002   1.0017806845617416        0.0000000000000000        1.0017806845617416        1.0000000000000000        6.9400066739805622E-310
  0.19500728284832450       -8.1234159841681871E-005  -3.0948058499458142E-004   1.0000000000000000E-002   1.2000000000000000E-002   1.0017835860926545        0.0000000000000000        1.0017835860926545        1.0000000000000000        6.9400066739805622E-310
  0.20500743310051997       -8.2910138593842692E-005  -3.1586424978158334E-004   1.0000000000000000E-002   1.2000000000000000E-002   1.0017865540292752        0.0000000000000000        1.0017865540292752        1.0000000000000000        6.9400066739805622E-310
  0.21500755401696361       -8.4258903252245235E-005  -3.2100124370870731E-004   1.0000000000000000E-002   1.2000000000000000E-002   1.0017895766583735        0.0000000000000000        1.0017895766583735        1.0000000000000000        6.9400066739805622E-310
  0.22500764512059718       -8.5275132052728357E-005  -3.2487131420211313E-004   1.0000000000000000E-002   1.2000000000000000E-002   1.0017926420508780        0.0000000000000000        1.0017926420508780        1.0000000000000000        6.9400066739805622E-310
  0.23500770605202884       -8.5954815739739616E-005  -3.2745921116283938E-004   1.0000000000000000E-002   1.2000000000000000E-002   1.0017957381089955        0.0000000000000000        1.0017957381089955        1.0000000000000000        6.9400066739805622E-310
  0.24500773657094876       -8.6295273051466325E-005  -3.2875473622873130E-004   1.0000000000000000E-002   1.2000000000000000E-002   1.0017988526139150        0.0000000000000000        1.0017988526139150        1.0000000000000000        6.9400066739805622E-310
  0.25500773655707604       -8.6295161670205855E-005  -3.2875280818966957E-004   1.0000000000000000E-002   1.2000000000000000E-002   1.0018019732740648        0.0000000000000000        1.0018019732740648        1.0000000000000000        6.9400066739805622E-310
  0.26500770601062956       -8.5954483377131654E-005  -3.2745346023332900E-004   1.0000000000000000E-002   1.2000000000000000E-002   1.0018050877736622        0.0000000000000000        1.0018050877736622        1.0000000000000000        6.9400066739805622E-310
  0.27500764505232472       -8.5274583992727776E-005  -3.2486184012370245E-004   1.0000000000000000E-002   1.2000000000000000E-002   1.0018081838212760        0.0000000000000000        1.0018081838212760        1.0000000000000000        6.9400066739805622E-310
  0.28500755392289401       -8.4258148137190928E-005  -3.2098817860415352E-004   1.0000000000000000E-002   1.2000000000000000E-002   1.0018112491982192        0.0000000000000000        1.0018112491982192        1.0000000000000000        6.9400066739805622E-310
  0.29500743298213750       -8.2909188247176367E-005  -3.1584781702953535E-004   1.0000000000000000E-002   1.2000000000000000E-002   1.0018142718069449        0.0000000000000000        1.0018142718069449        1.0000000000000000        6.9400066739805622E-310
  0.30500728270749572       -8.1233029304565190E-005  -3.0946103374240863E-004   1.0000000000000000E-002   1.2000000000000000E-002   1.0018172397187430        0.0000000000000000        1.0018172397187430        1.0000000000000000        6.9400066739805622E-310
  0.31500710369216739       -7.9236287448183012E-005  -3.0185306748808927E-004   1.0000000000000000E-002   1.2000000000000000E-002   1.0018201412207188        0.0000000000000000        1.0018201412207188        1.0000000000000000        6.9400066739805622E-310
  0.32500689664276400       -7.6926843735546221E-005  -2.9305396609657919E-004   1.0000000000000000E-002   1.2000000000000000E-002   1.0018229648621995        0.0000000000000000        1.0018229648621995        1.0000000000000000        6.9400066739805622E-310
  0.33500666237651866       -7.4313813521933851E-005  -2.8309845156826441E-004   1.0000000000000000E-002   1.2000000000000000E-002   1.0018256994997474        0.0000000000000000        1.0018256994997474        1.0000000000000000        6.9400066739805622E-310
  0.34500640181806153       -7.1407509737761145E-005  -2.7202583660912438E-004   1.0000000000000000E-002   1.2000000000000000E-002   1.0018283343411694        0.0000000000000000        1.0018283343411694        1.0000000000000000        6.9400066739805622E-310
  0.35500611599576770       -6.8219402854612657E-005  -2.5987982870923076E-004   1.0000000000000000E-002   1.2000000000000000E-002   1.0018308589881830        0.0000000000000000        1.0018308589881830        1.0000000000000000        6.9400066739805622E-310
  0.36500580603769806       -6.4762075332228669E-005  -2.4670837142526381E-004   1.0000000000000000E-002   1.2000000000000000E-002   1.0018332634774043        0.0000000000000000        1.0018332634774043        1.0000000000000000        6.9400066739805622E-310
  0.37500547316714622       -6.1049171924011111E-005  -2.3256345302336001E-004   1.0000000000000000E-002   1.2000000000000000E-002   1.0018355383196873        0.0000000000000000        1.0018355383196873        1.0000000000000000        6.9400066739805622E-310
  0.38500511869781001       -5.7095345756112321E-005  -2.1750089210659240E-004   1.0000000000000000E-002   1.2000000000000000E-002   1.0018376745375255        0.0000000000000000        1.0018376745375255        1.0000000000000000        6.9400066739805622E-310
  0.39500474402860752       -5.2916200753281694E-005  -2.0158013118720675E-004   1.0000000000000000E-002   1.2000000000000000E-002   1.0018396637004710        0.0000000000000000        1.0018396637004710        1.0000000000000000        6.9400066739805622E-310
  0.40500435063815610       -4.8528229809460910E-005  -1.8486399452033453E-004   1.0000000000000000E-002   1.2000000000000000E-002   1.0018414979584020        0.0000000000000000        1.0018414979584020        1.0000000000000000        6.9400066739805622E-310
  0.41500394007893854       -4.3948749887043113E-005  -1.6741846842194263E-004   1.0000000000000000E-002   1.2000000000000000E-002   1.0018431700726240        0.0000000000000000        1.0018431700726240        1.0000000000000000        6.9400066739805622E-310
  0.42500351397117336       -3.9195833364885536E-005  -1.4931235774540141E-004   1.0000000000000000E-002   1.2000000000000000E-002   1.0018446734442752        0.0000000000000000        1.0018446734442752        1.0000000000000000        6.9400066739805622E-310
  0.43500307399642696       -3.4288237325521473E-005  -1.3061714696949167E-004   1.0000000000000000E-002   1.2000000000000000E-002   1.0018460021404438        0.0000000000000000        1.0018460021404438        1.0000000000000000        6.9400066739805622E-310
  0.44500262189097300       -2.9245328979965125E-005  -1.1140658152353211E-004   1.0000000000000000E-002   1.2000000000000000E-002   1.0018471509176703        0.0000000000000000        1.0018471509176703        1.0000000000000000        6.9400066739805622E-310
  0.45500215943894451       -2.4087009296351095E-005  -9.1756435828038718E-005   1.0000000000000000E-002   1.2000000000000000E-002   1.0018481152422991        0.0000000000000000        1.0018481152422991        1.0000000000000000        6.9400066739805622E-310
  0.46500168846529777       -1.8833634802888428E-005  -7.1744289640740533E-005   1.0000000000000000E-002   1.2000000000000000E-002   1.0018488913087265        0.0000000000000000        1.0018488913087265        1.0000000000000000        6.9400066739805622E-310
  0.47500121082860564       -1.3505937022585019E-005  -5.1449069419007287E-005   1.0000000000000000E-002   1.2000000000000000E-002   1.0018494760543544        0.0000000000000000        1.0018494760543544        1.0000000000000000        6.9400066739805622E-310
  0.48500072841373010       -8.1249406313002643E-006  -3.0950864720935556E-005   1.0000000000000000E-002   1.2000000000000000E-002   1.0018498671715308        0.0000000000000000        1.0018498671715308        1.0000000000000000        6.9400066739805622E-310
  0.49500024312438273       -2.7118808350582058E-006  -1.0330534693459015E-005   1.0000000000000000E-002   1.2000000000000000E-002   1.0018500631167373        0.0000000000000000        1.0018500631167373        1.0000000000000000        6.9400066739805622E-310
  0.50499975687561727        2.7118808653550624E-006   1.0330537305591747E-005   1.0000000000000000E-002   1.2000000000000000E-002   1.0018500631167242        0.0000000000000000        1.0018500631167242        1.0000000000000000        6.9400066739805622E-310
  0.51499927158627024        8.1249407349645677E-006   3.0950859332357084E-005   1.0000000000000000E-002   1.2000000000000000E-002   1.0018498671715330        0.0000000000000000        1.0018498671715330        1.0000000000000000        6.9400066739805622E-310
  0.52499878917139431        1.3505936883534669E-005   5.1449070510578565E-005   1.0000000000000000E-002   1.2000000000000000E-002   1.0018494760543719        0.0000000000000000        1.0018494760543719        1.0000000000000000        6.9400066739805622E-310
  0.53499831153470223        1.8833634830626226E-005   7.1744286421981940E-005   1.0000000000000000E-002   1.2000000000000000E-002   1.0018488913087567        0.0000000000000000        1.0018488913087567        1.0000000000000000        6.9400066739805622E-310
  0.54499784056105471        2.4087009278375084E-005   9.1756452264668553E-005   1.0000000000000000E-002   1.2000000000000000E-002   1.0018481152422711        0.0000000000000000        1.0018481152422711        1.0000000000000000        6.9400066739805622E-310
  0.55499737810902761        2.9245328973781280E-005   1.1140656670161064E-004   1.0000000000000000E-002   1.2000000000000000E-002   1.0018471509176288        0.0000000000000000        1.0018471509176288        1.0000000000000000        6.9400066739805622E-310
  0.56499692600357332        3.4288237329645080E-005   1.3061713982676082E-004   1.0000000000000000E-002   1.2000000000000000E-002   1.0018460021405104        0.0000000000000000        1.0018460021405104        1.0000000000000000        6.9400066739805622E-310
  0.57499648602882558        3.9195833379738638E-005   1.4931238142246173E-004   1.0000000000000000E-002   1.2000000000000000E-002   1.0018446734442581        0.0000000000000000        1.0018446734442581        1.0000000000000000        6.9400066739805622E-310
  0.58499605992106218        4.3948749922650881E-005   1.6741845248713361E-004   1.0000000000000000E-002   1.2000000000000000E-002   1.0018431700725763        0.0000000000000000        1.0018431700725763        1.0000000000000000        6.9400066739805622E-310
  0.59499564936184390        4.8528229747463587E-005   1.8486400260453451E-004   1.0000000000000000E-002   1.2000000000000000E-002   1.0018414979583932        0.0000000000000000        1.0018414979583932        1.0000000000000000        6.9400066739805622E-310
  0.60499525597139325        5.2916200750334751E-005   2.0158012504545297E-004   1.0000000000000000E-002   1.2000000000000000E-002   1.0018396637004461        0.0000000000000000        1.0018396637004461        1.0000000000000000        6.9400066739805622E-310
  0.61499488130219060        5.7095345799865028E-005   2.1750088975469595E-004   1.0000000000000000E-002   1.2000000000000000E-002   1.0018376745375455        0.0000000000000000        1.0018376745375455        1.0000000000000000        6.9400066739805622E-310
  0.62499452683285406        6.1049171881242154E-005   2.3256345645350507E-004   1.0000000000000000E-002   1.2000000000000000E-002   1.0018355383196982        0.0000000000000000        1.0018355383196982        1.0000000000000000        6.9400066739805622E-310
  0.63499419396230239        6.4762075416711437E-005   2.4670836642215477E-004   1.0000000000000000E-002   1.2000000000000000E-002   1.0018332634774236        0.0000000000000000        1.0018332634774236        1.0000000000000000        6.9400066739805622E-310
  0.64499388400423219        6.8219402898221410E-005   2.5987983427455674E-004   1.0000000000000000E-002   1.2000000000000000E-002   1.0018308589882015        0.0000000000000000        1.0018308589882015        1.0000000000000000        6.9400066739805622E-310
  0.65499359818193847        7.1407509595232049E-005   2.7202583959429205E-004   1.0000000000000000E-002   1.2000000000000000E-002   1.0018283343411467        0.0000000000000000        1.0018283343411467        1.0000000000000000        6.9400066739805622E-310
  0.66499333762348178        7.4313813503635052E-005   2.8309844419815988E-004   1.0000000000000000E-002   1.2000000000000000E-002   1.0018256994997454        0.0000000000000000        1.0018256994997454        1.0000000000000000        6.9400066739805622E-310
  0.67499310335723606        7.6926843718722399E-005   2.9305396791023952E-004   1.0000000000000000E-002   1.2000000000000000E-002   1.0018229648622241        0.0000000000000000        1.0018229648622241        1.0000000000000000        6.9400066739805622E-310
  0.68499289630783244        7.9236287455770529E-005   3.0185307469299261E-004   1.0000000000000000E-002   1.2000000000000000E-002   1.0018201412207008        0.0000000000000000        1.0018201412207008        1.0000000000000000        6.9400066739805622E-310
  0.69499271729250478        8.1233029384444882E-005   3.0946102471851589E-004   1.0000000000000000E-002   1.2000000000000000E-002   1.0018172397187328        0.0000000000000000        1.0018172397187328        1.0000000000000000        6.9400066739805622E-310
  0.70499256701786261        8.2909188155253139E-005   3.1584781572746579E-004   1.0000000000000000E-002   1.2000000000000000E-002   1.0018142718069849        0.0000000000000000        1.0018142718069849        1.0000000000000000        6.9400066739805622E-310
  0.71499244607710555        8.4258148138088377E-005   3.2098818815651242E-004   1.0000000000000000E-002   1.2000000000000000E-002   1.0018112491982194        0.0000000000000000        1.0018112491982194        1.0000000000000000        6.9400066739805622E-310
  0.72499235494767544        8.5274584051231325E-005   3.2486183199154084E-004   1.0000000000000000E-002   1.2000000000000000E-002   1.0018081838212678        0.0000000000000000        1.0018081838212678        1.0000000000000000        6.9400066739805622E-310
  0.73499229398937027        8.5954483389750995E-005   3.2745345737517084E-004   1.0000000000000000E-002   1.2000000000000000E-002   1.0018050877737084        0.0000000000000000        1.0018050877737084        1.0000000000000000        6.9400066739805622E-310
  0.74499226344292302        8.6295161643070253E-005   3.2875282266786598E-004   1.0000000000000000E-002   1.2000000000000000E-002   1.0018019732740540        0.0000000000000000        1.0018019732740540        1.0000000000000000        6.9400066739805622E-310
  0.75499226342905135        8.6295273110182052E-005   3.2875472858773236E-004   1.0000000000000000E-002   1.2000000000000000E-002   1.0017988526138755        0.0000000000000000        1.0017988526138755        1.0000000000000000        6.9400066739805622E-310
  0.76499229394797108        8.5954815588099766E-005   3.2745921366217345E-004   1.0000000000000000E-002   1.2000000000000000E-002   1.0017957381089793        0.0000000000000000        1.0017957381089793        1.0000000000000000        6.9400066739805622E-310
  0.77499235487940321        8.5275132136732667E-005   3.2487131084923959E-004   1.0000000000000000E-002   1.2000000000000000E-002   1.0017926420508656        0.0000000000000000        1.0017926420508656        1.0000000000000000        6.9400066739805622E-310
  0.78499244598303652        8.4258903297733072E-005   3.2100124737066693E-004   1.0000000000000000E-002   1.2000000000000000E-002   1.0017895766583578        0.0000000000000000        1.0017895766583578        1.0000000000000000        6.9400066739805622E-310
  0.79499256689948083        8.2910138598149698E-005   3.1586423531049235E-004   1.0000000000000000E-002   1.2000000000000000E-002   1.0017865540293098        0.0000000000000000        1.0017865540293098        1.0000000000000000        6.9400066739805622E-310
  0.80499271715167486        8.1234159781538114E-005   3.0948060116919862E-004   1.0000000000000000E-002   1.2000000000000000E-002   1.0017835860926820        0.0000000000000000        1.0017835860926820        1.0000000000000000        6.9400066739805622E-310
  0.81499289614677861        7.9237580306640198E-005   3.0187542526416422E-004   1.0000000000000000E-002   1.2000000000000000E-002   1.0017806845617099        0.0000000000000000        1.0017806845617099        1.0000000000000000        6.9400066739805622E-310
  0.82499310317849683        7.6928278657994824E-005   2.9307877241357971E-004   1.0000000000000000E-002   1.2000000000000000E-002   1.0017778608877173        0.0000000000000000        1.0017778608877173        1.0000000000000000        6.9400066739805622E-310
  0.83499333742987514        7.4315367611265819E-005   2.8312533011298768E-004   1.0000000000000000E-002   1.2000000000000000E-002   1.0017751262145285        0.0000000000000000        1.0017751262145285        1.0000000000000000        6.9400066739805622E-310
  0.84499359797651830        7.1409158775535857E-005   2.7205436593114030E-004   1.0000000000000000E-002   1.2000000000000000E-002   1.0017724913348194        0.0000000000000000        1.0017724913348194        1.0000000000000000        6.9400066739805622E-310
  0.85499388379023922        6.8221120803538122E-005   2.5990952703303094E-004   1.0000000000000000E-002   1.2000000000000000E-002   1.0017699666476196        0.0000000000000000        1.0017699666476196        1.0000000000000000        6.9400066739805622E-310
  0.86499419374310904        6.4763834946951438E-005   2.4673881486148019E-004   1.0000000000000000E-002   1.2000000000000000E-002   1.0017675621168807        0.0000000000000000        1.0017675621168807        1.0000000000000000        6.9400066739805622E-310
  0.87499452661191968        6.1050945411537529E-005   2.3259411979559275E-004   1.0000000000000000E-002   1.2000000000000000E-002   1.0017652872323892        0.0000000000000000        1.0017652872323892        1.0000000000000000        6.9400066739805622E-310
  0.88499488108299795        5.7097105400338880E-005   2.1753132050772450E-004   1.0000000000000000E-002   1.2000000000000000E-002   1.0017631509724187        0.0000000000000000        1.0017631509724187        1.0000000000000000        6.9400066739805622E-310
  0.89499525575739924        5.2917918601838484E-005   2.0160983914152553E-004   1.0000000000000000E-002   1.2000000000000000E-002   1.0017611617679747        0.0000000000000000        1.0017611617679747        1.0000000000000000        6.9400066739805622E-310
  0.90499564915642416        4.8529878844464348E-005   1.8489251318776212E-004   1.0000000000000000E-002   1.2000000000000000E-002   1.0017593274698615        0.0000000000000000        1.0017593274698615        1.0000000000000000        6.9400066739805622E-310
  0.91499605972745468        4.3950304042087687E-005   1.6744535405788241E-004   1.0000000000000000E-002   1.2000000000000000E-002   1.0017576553173724        0.0000000000000000        1.0017576553173724        1.0000000000000000        6.9400066739805622E-310
  0.92499648585008687        3.9197268209412353E-005   1.4933717215015463E-004   1.0000000000000000E-002   1.2000000000000000E-002   1.0017561519100102        0.0000000000000000        1.0017561519100102        1.0000000000000000        6.9400066739805622E-310
  0.93499692584251903        3.4289530176361231E-005   1.3063950370995059E-004   1.0000000000000000E-002   1.2000000000000000E-002   1.0017548231812978        0.0000000000000000        1.0017548231812978        1.0000000000000000        6.9400066739805622E-310
  0.94499737796819827        2.9246459561203349E-005   1.1142613561343495E-004   1.0000000000000000E-002   1.2000000000000000E-002   1.0017536743751412        0.0000000000000000        1.0017536743751412        1.0000000000000000        6.9400066739805622E-310
  0.95499784044267355        2.4087959593131089E-005   9.1772861252614746E-005   1.0000000000000000E-002   1.2000000000000000E-002   1.0017527100257071        0.0000000000000000        1.0017527100257071        1.0000000000000000        6.9400066739805622E-310
  0.96499831144063275        1.8834389909846638E-005   7.1757355512680476E-005   1.0000000000000000E-002   1.2000000000000000E-002   1.0017519339389416        0.0000000000000000        1.0017519339389416        1.0000000000000000        6.9400066739805622E-310
  0.97499878910312165        1.3506485120735350E-005   5.1458550251126667E-005   1.0000000000000000E-002   1.2000000000000000E-002   1.0017513491777132        0.0000000000000000        1.0017513491777132        1.0000000000000000        6.9400066739805622E-310
  0.98499927154487099        8.1252729906594588E-006   3.0956606131837816E-005   1.0000000000000000E-002   1.2000000000000000E-002   1.0017509580500499        0.0000000000000000        1.0017509580500499        1.0000000000000000        6.9400066739805622E-310
  0.99499975686174402        2.7119922035949858E-006   1.0332475237184724E-005   1.0000000000000000E-002   1.2000000000000000E-002   1.0017507620995068        0.0000000000000000        1.0017507620995068        1.0000000000000000        6.9400066739805622E-310
   1.0050002431382559       -2.7119953423685007E-006  -1.0607793914374497E-005   1.0000000000000000E-002   1.2000000000000000E-002   1.0017507620994957        0.0000000000000000        1.0017507620994957        1.0000000000000000        6.9400066739805622E-310
   1.0150007284551292       -8.1252823487396790E-006  -3.1781487817461596E-005   1.0000000000000000E-002   1.2000000000000000E-002   1.0017509580500386        0.0000000000000000        1.0017509580500386        1.0000000000000000        6.9400066739805622E-310
   1.0250012108968785       -1.3506500548093958E-005  -5.2829726191028215E-005   1.0000000000000000E-002   1.2000000000000000E-002   1.0017513491777128        0.0000000000000000        1.0017513491777128        1.0000000000000000        6.9400066739805622E-310
   1.0350016885593674       -1.8834411598510357E-005  -7.3669416395638621E-005   1.0000000000000000E-002   1.2000000000000000E-002   1.0017519339389005        0.0000000000000000        1.0017519339389005        1.0000000000000000        6.9400066739805622E-310
   1.0450021595573276       -2.4087987312812515E-005  -9.4218286763592118E-005   1.0000000000000000E-002   1.2000000000000000E-002   1.0017527100257095        0.0000000000000000        1.0017527100257095        1.0000000000000000        6.9400066739805622E-310
  -5.0002431382559775E-003   2.7123225875253329E-006  -3.5767633061438002E+077   1.0000000000000000E-002   1.2000000000000000E-002   1.0017507620995068        0.0000000000000000        1.0017507620995068        1.0000000000000000        6.9400066739805622E-310
  -1.5000728455129009E-002   8.1262628444050951E-006   0.0000000000000000        1.0000000000000000E-002   1.2000000000000000E-002   1.0017509580500499        0.0000000000000000        1.0017509580500499        1.0000000000000000        6.9400066739805622E-310
  -2.5001210896878345E-002   1.3508130538793156E-005  -3.5767633061438002E+077   1.0000000000000000E-002   1.2000000000000000E-002   1.0017513491777132        0.0000000000000000        1.0017513491777132        1.0000000000000000        6.9400066739805622E-310
  -3.5001688559367250E-002   1.8836684386613090E-005   6.9400068546417920E-310   1.0000000000000000E-002   1.2000000000000000E-002   1.0017519339389416        0.0000000000000000        1.0017519339389416        1.0000000000000000        6.9400066739805622E-310
  -4.5002159557326449E-002   2.4090894084198297E-005   6.9400066883177543E-310   1.0000000000000000E-002   1.2000000000000000E-002   1.0017527100257071        0.0000000000000000        1.0017527100257071        1.0000000000000000        6.9400066739805622E-310
