 # x, v, a, m, h, rho, u, P, c, ke
   3.8016000000001107     
   4.9998343646535737E-003   2.9489632936397151E-006   7.0333068213912497E-006   1.0000000000000000E-002   1.2000000000000000E-002   1.0018342375586176        0.0000000000000000        1.0018342375586176        1.0000000000000000        6.9400066739805622E-310
   1.4999503747162003E-002   8.8352593025593059E-006   2.1072351635176290E-005   1.0000000000000000E-002   1.2000000000000000E-002   1.0018341041562646        0.0000000000000000        1.0018341041562646        1.0000000000000000        6.9400066739805622E-310
   2.4999175086718436E-002   1.4686708498343787E-005   3.5028410623638706E-005   1.0000000000000000E-002   1.2000000000000000E-002   1.0018338378763934        0.0000000000000000        1.0018338378763934        1.0000000000000000        6.9400066739805622E-310
   3.4998849679458981E-002   2.0480231314756649E-005   4.8846630362753274E-005   1.0000000000000000E-002   1.2000000000000000E-002   1.0018334397673165        0.0000000000000000        1.0018334397673165        1.0000000000000000        6.9400066739805622E-310
   4.4998528808721308E-002   2.6192978425900046E-005   6.2472614255071335E-005   1.0000000000000000E-002   1.2000000000000000E-002   1.0018329113959510        0.0000000000000000        1.0018329113959510        1.0000000000000000        6.9400066739805622E-310
   5.4998213739988755E-002   3.1802416144353119E-005   7.5852774110707344E-005   1.0000000000000000E-002   1.2000000000000000E-002   1.0018322548418948        0.0000000000000000        1.0018322548418948        1.0000000000000000        6.9400066739805622E-310
   6.4997905715916085E-002   3.7286418536619392E-005   8.8934392383777094E-005   1.0000000000000000E-002   1.2000000000000000E-002   1.0018314726893427        0.0000000000000000        1.0018314726893427        1.0000000000000000        6.9400066739805622E-310
   7.4997605951433191E-002   4.2623353365247513E-005   1.0166591110216672E-004   1.0000000000000000E-002   1.2000000000000000E-002   1.0018305680175092        0.0000000000000000        1.0018305680175092        1.0000000000000000        6.9400066739805622E-310
   8.4997315628954614E-002   4.7792167767650926E-005   1.1399729795069646E-004   1.0000000000000000E-002   1.2000000000000000E-002   1.0018295443878580        0.0000000000000000        1.0018295443878580        1.0000000000000000        6.9400066739805622E-310
   9.4997035893736759E-002   5.2772470745940874E-005   1.2587990587142883E-004   1.0000000000000000E-002   1.2000000000000000E-002   1.0018284058302540        0.0000000000000000        1.0018284058302540        1.0000000000000000        6.9400066739805622E-310
  0.10499676784935801        5.7544613242067983E-005   1.3726686992132642E-004   1.0000000000000000E-002   1.2000000000000000E-002   1.0018271568279722        0.0000000000000000        1.0018271568279722        1.0000000000000000        6.9400066739805622E-310
  0.11499651255336424        6.2089766406537187E-005   1.4811342338649780E-004   1.0000000000000000E-002   1.2000000000000000E-002   1.0018258022992053        0.0000000000000000        1.0018258022992053        1.0000000000000000        6.9400066739805622E-310
  0.12499627101311660        6.6389995443720879E-005   1.5837666289542085E-004   1.0000000000000000E-002   1.2000000000000000E-002   1.0018243475782660        0.0000000000000000        1.0018243475782660        1.0000000000000000        6.9400066739805622E-310
  0.13499604418180183        7.0428330421407450E-005   1.6801613053996078E-004   1.0000000000000000E-002   1.2000000000000000E-002   1.0018227983951709        0.0000000000000000        1.0018227983951709        1.0000000000000000        6.9400066739805622E-310
  0.14499583295467600        7.4188832922274746E-005   1.7699386773895043E-004   1.0000000000000000E-002   1.2000000000000000E-002   1.0018211608520720        0.0000000000000000        1.0018211608520720        1.0000000000000000        6.9400066739805622E-310
  0.15499563816554285        7.7656658565101070E-005   1.8527426623027310E-004   1.0000000000000000E-002   1.2000000000000000E-002   1.0018194414003041        0.0000000000000000        1.0018194414003041        1.0000000000000000        6.9400066739805622E-310
  0.16499546058344031        8.0818118019908324E-005   1.9282468346215609E-004   1.0000000000000000E-002   1.2000000000000000E-002   1.0018176468150830        0.0000000000000000        1.0018176468150830        1.0000000000000000        6.9400066739805622E-310
  0.17499530090961454        8.3660727463982101E-005   1.9961524128575547E-004   1.0000000000000000E-002   1.2000000000000000E-002   1.0018157841683195        0.0000000000000000        1.0018157841683195        1.0000000000000000        6.9400066739805622E-310
  0.18499515977474082        8.6173260745882557E-005   2.0561907935867652E-004   1.0000000000000000E-002   1.2000000000000000E-002   1.0018138608011895        0.0000000000000000        1.0018138608011895        1.0000000000000000        6.9400066739805622E-310
  0.19499503773643204        8.8345793075467164E-005   2.1081231916753040E-004   1.0000000000000000E-002   1.2000000000000000E-002   1.0018118842955677        0.0000000000000000        1.0018118842955677        1.0000000000000000        6.9400066739805622E-310
  0.20499493527701829        9.0169739201517336E-005   2.1517438602192129E-004   1.0000000000000000E-002   1.2000000000000000E-002   1.0018098624442677        0.0000000000000000        1.0018098624442677        1.0000000000000000        6.9400066739805622E-310
  0.21499485280163588        9.1637889375009311E-005   2.1868802451230351E-004   1.0000000000000000E-002   1.2000000000000000E-002   1.0018078032195554        0.0000000000000000        1.0018078032195554        1.0000000000000000        6.9400066739805622E-310
  0.22499479063662775        9.2744436431434088E-005   2.2133909677535257E-004   1.0000000000000000E-002   1.2000000000000000E-002   1.0018057147425974        0.0000000000000000        1.0018057147425974        1.0000000000000000        6.9400066739805622E-310
  0.23499474902822595        9.3485000077765123E-005   2.2311702274357970E-004   1.0000000000000000E-002   1.2000000000000000E-002   1.0018036052517783        0.0000000000000000        1.0018036052517783        1.0000000000000000        6.9400066739805622E-310
  0.24499472814157047        9.3856643006665061E-005   2.2401469445654243E-004   1.0000000000000000E-002   1.2000000000000000E-002   1.0018014830692892        0.0000000000000000        1.0018014830692892        1.0000000000000000        6.9400066739805622E-310
  0.25499472806005097        9.3857884245488672E-005   2.2402831974233095E-004   1.0000000000000000E-002   1.2000000000000000E-002   1.0017993565689800        0.0000000000000000        1.0017993565689800        1.0000000000000000        6.9400066739805622E-310
  0.26499474878494977        9.3488704274633400E-005   2.2315776062420412E-004   1.0000000000000000E-002   1.2000000000000000E-002   1.0017972341432282        0.0000000000000000        1.0017972341432282        1.0000000000000000        6.9400066739805622E-310
  0.27499479023543327        9.2750544897287506E-005   2.2140625529409874E-004   1.0000000000000000E-002   1.2000000000000000E-002   1.0017951241695677        0.0000000000000000        1.0017951241695677        1.0000000000000000        6.9400066739805622E-310
  0.28499485224884946        9.1646305948821002E-005   2.1878055520652140E-004   1.0000000000000000E-002   1.2000000000000000E-002   1.0017930349780262        0.0000000000000000        1.0017930349780262        1.0000000000000000        6.9400066739805622E-310
  0.29499493458135584        9.0180331019807113E-005   2.1529087609817310E-004   1.0000000000000000E-002   1.2000000000000000E-002   1.0017909748179559        0.0000000000000000        1.0017909748179559        1.0000000000000000        6.9400066739805622E-310
  0.30499503690886814        8.8358393117876329E-005   2.1095085177424977E-004   1.0000000000000000E-002   1.2000000000000000E-002   1.0017889518254497        0.0000000000000000        1.0017889518254497        1.0000000000000000        6.9400066739805622E-310
  0.31499515882832457        8.6187670619446808E-005   2.0577752362793689E-004   1.0000000000000000E-002   1.2000000000000000E-002   1.0017869739908849        0.0000000000000000        1.0017869739908849        1.0000000000000000        6.9400066739805622E-310
  0.32499529985927222        8.3676719601578103E-005   1.9979107885781389E-004   1.0000000000000000E-002   1.2000000000000000E-002   1.0017850491278639        0.0000000000000000        1.0017850491278639        1.0000000000000000        6.9400066739805622E-310
  0.33499545944573583        8.0835440100679012E-005   1.9301515282243997E-004   1.0000000000000000E-002   1.2000000000000000E-002   1.0017831848419154        0.0000000000000000        1.0017831848419154        1.0000000000000000        6.9400066739805622E-310
  0.34499563695841878        7.7675038185426139E-005   1.8547634741672425E-004   1.0000000000000000E-002   1.2000000000000000E-002   1.0017813885000477        0.0000000000000000        1.0017813885000477        1.0000000000000000        6.9400066739805622E-310
  0.35499583169716936        7.4207979133624727E-005   1.7720436694101949E-004   1.0000000000000000E-002   1.2000000000000000E-002   1.0017796672020274        0.0000000000000000        1.0017796672020274        1.0000000000000000        6.9400066739805622E-310
  0.36499604289374049        7.0447941790096604E-005   1.6823182679104320E-004   1.0000000000000000E-002   1.2000000000000000E-002   1.0017780277517361        0.0000000000000000        1.0017780277517361        1.0000000000000000        6.9400066739805622E-310
  0.37499626971482131        6.6409762899168637E-005   1.5859399507878180E-004   1.0000000000000000E-002   1.2000000000000000E-002   1.0017764766308597        0.0000000000000000        1.0017764766308597        1.0000000000000000        6.9400066739805622E-310
  0.38499651126530710        6.2109378094255257E-005   1.4832903626338378E-004   1.0000000000000000E-002   1.2000000000000000E-002   1.0017750199725470        0.0000000000000000        1.0017750199725470        1.0000000000000000        6.9400066739805622E-310
  0.39499676659184968        5.7563759463617928E-005   1.3747742097525162E-004   1.0000000000000000E-002   1.2000000000000000E-002   1.0017736635367123        0.0000000000000000        1.0017736635367123        1.0000000000000000        6.9400066739805622E-310
  0.40499703468661286        5.2790849795969766E-005   1.2608197060792747E-004   1.0000000000000000E-002   1.2000000000000000E-002   1.0017724126880101        0.0000000000000000        1.0017724126880101        1.0000000000000000        6.9400066739805622E-310
  0.41499731449124866        4.7809489963901031E-005   1.1418777693616988E-004   1.0000000000000000E-002   1.2000000000000000E-002   1.0017712723738146        0.0000000000000000        1.0017712723738146        1.0000000000000000        6.9400066739805622E-310
  0.42499760490108934        4.2639345536510445E-005   1.0184175974892185E-004   1.0000000000000000E-002   1.2000000000000000E-002   1.0017702471048668        0.0000000000000000        1.0017702471048668        1.0000000000000000        6.9400066739805622E-310
  0.43499790476949951        3.7300828342626898E-005   8.9092816619285031E-005   1.0000000000000000E-002   1.2000000000000000E-002   1.0017693409371911        0.0000000000000000        1.0017693409371911        1.0000000000000000        6.9400066739805622E-310
  0.44499821291242325        3.1815016230754499E-005   7.5991309392620110E-005   1.0000000000000000E-002   1.2000000000000000E-002   1.0017685574557695        0.0000000000000000        1.0017685574557695        1.0000000000000000        6.9400066739805622E-310
  0.45499852811305685        2.6203570387925273E-005   6.2589103464461004E-005   1.0000000000000000E-002   1.2000000000000000E-002   1.0017678997604931        0.0000000000000000        1.0017678997604931        1.0000000000000000        6.9400066739805622E-310
  0.46499884912666956        2.0488648097988668E-005   4.8939188164176528E-005   1.0000000000000000E-002   1.2000000000000000E-002   1.0017673704536667        0.0000000000000000        1.0017673704536667        1.0000000000000000        6.9400066739805622E-310
  0.47499917468552250        1.4692816668060950E-005   3.5095577692878521E-005   1.0000000000000000E-002   1.2000000000000000E-002   1.0017669716298230        0.0000000000000000        1.0017669716298230        1.0000000000000000        6.9400066739805622E-310
  0.48499950350388793        8.8389631338329828E-006   2.1113035740150110E-005   1.0000000000000000E-002   1.2000000000000000E-002   1.0017667048673353        0.0000000000000000        1.0017667048673353        1.0000000000000000        6.9400066739805622E-310
  0.49499983428313199        2.9502046719475904E-006   7.0469947290874302E-006   1.0000000000000000E-002   1.2000000000000000E-002   1.0017665712216710        0.0000000000000000        1.0017665712216710        1.0000000000000000        6.9400066739805622E-310
  0.50500016571686868       -2.9502044827549030E-006  -7.0469892019531244E-006   1.0000000000000000E-002   1.2000000000000000E-002   1.0017665712216421        0.0000000000000000        1.0017665712216421        1.0000000000000000        6.9400066739805622E-310
  0.51500049649611357       -8.8389631640062310E-006  -2.1113056765109661E-005   1.0000000000000000E-002   1.2000000000000000E-002   1.0017667048673864        0.0000000000000000        1.0017667048673864        1.0000000000000000        6.9400066739805622E-310
  0.52500082531447712       -1.4692816937368723E-005  -3.5095571302434792E-005   1.0000000000000000E-002   1.2000000000000000E-002   1.0017669716299300        0.0000000000000000        1.0017669716299300        1.0000000000000000        6.9400066739805622E-310
  0.53500115087332978       -2.0488648108196990E-005  -4.8939193746377896E-005   1.0000000000000000E-002   1.2000000000000000E-002   1.0017673704537735        0.0000000000000000        1.0017673704537735        1.0000000000000000        6.9400066739805622E-310
  0.54500147188694037       -2.6203570294551451E-005  -6.2589058599016312E-005   1.0000000000000000E-002   1.2000000000000000E-002   1.0017678997604273        0.0000000000000000        1.0017678997604273        1.0000000000000000        6.9400066739805622E-310
  0.55500178708757741       -3.1815016335234116E-005  -7.5991326882629551E-005   1.0000000000000000E-002   1.2000000000000000E-002   1.0017685574555726        0.0000000000000000        1.0017685574555726        1.0000000000000000        6.9400066739805622E-310
  0.56500209523050215       -3.7300828052032763E-005  -8.9092840453552924E-005   1.0000000000000000E-002   1.2000000000000000E-002   1.0017693409371922        0.0000000000000000        1.0017693409371922        1.0000000000000000        6.9400066739805622E-310
  0.57500239509891105       -4.2639345445272549E-005  -1.0184175579297516E-004   1.0000000000000000E-002   1.2000000000000000E-002   1.0017702471049439        0.0000000000000000        1.0017702471049439        1.0000000000000000        6.9400066739805622E-310
  0.58500268550875145       -4.7809490363366045E-005  -1.1418778518024197E-004   1.0000000000000000E-002   1.2000000000000000E-002   1.0017712723739183        0.0000000000000000        1.0017712723739183        1.0000000000000000        6.9400066739805622E-310
  0.59500296531338537       -5.2790849863971767E-005  -1.2608195134156119E-004   1.0000000000000000E-002   1.2000000000000000E-002   1.0017724126880623        0.0000000000000000        1.0017724126880623        1.0000000000000000        6.9400066739805622E-310
  0.60500323340814943       -5.7563759593001201E-005  -1.3747742851055733E-004   1.0000000000000000E-002   1.2000000000000000E-002   1.0017736635367172        0.0000000000000000        1.0017736635367172        1.0000000000000000        6.9400066739805622E-310
  0.61500348873469102       -6.2109378003451197E-005  -1.4832902131356462E-004   1.0000000000000000E-002   1.2000000000000000E-002   1.0017750199725097        0.0000000000000000        1.0017750199725097        1.0000000000000000        6.9400066739805622E-310
  0.62500373028517875       -6.6409762728664902E-005  -1.5859402382645271E-004   1.0000000000000000E-002   1.2000000000000000E-002   1.0017764766308901        0.0000000000000000        1.0017764766308901        1.0000000000000000        6.9400066739805622E-310
  0.63500395710625679       -7.0447941907845636E-005  -1.6823178588776244E-004   1.0000000000000000E-002   1.2000000000000000E-002   1.0017780277517074        0.0000000000000000        1.0017780277517074        1.0000000000000000        6.9400066739805622E-310
  0.64500416830283125       -7.4207979076388719E-005  -1.7720439424540047E-004   1.0000000000000000E-002   1.2000000000000000E-002   1.0017796672019359        0.0000000000000000        1.0017796672019359        1.0000000000000000        6.9400066739805622E-310
  0.65500436304158050       -7.7675037768538965E-005  -1.8547632816368065E-004   1.0000000000000000E-002   1.2000000000000000E-002   1.0017813885000035        0.0000000000000000        1.0017813885000035        1.0000000000000000        6.9400066739805622E-310
  0.66500454055426550       -8.0835440403373825E-005  -1.9301517466541185E-004   1.0000000000000000E-002   1.2000000000000000E-002   1.0017831848418668        0.0000000000000000        1.0017831848418668        1.0000000000000000        6.9400066739805622E-310
  0.67500470014072833       -8.3676719524548426E-005  -1.9979108847145710E-004   1.0000000000000000E-002   1.2000000000000000E-002   1.0017850491279698        0.0000000000000000        1.0017850491279698        1.0000000000000000        6.9400066739805622E-310
  0.68500484117167426       -8.6187670676678914E-005  -2.0577749728367678E-004   1.0000000000000000E-002   1.2000000000000000E-002   1.0017869739909122        0.0000000000000000        1.0017869739909122        1.0000000000000000        6.9400066739805622E-310
  0.69500496309113180       -8.8358393037229522E-005  -2.1095085215616649E-004   1.0000000000000000E-002   1.2000000000000000E-002   1.0017889518253560        0.0000000000000000        1.0017889518253560        1.0000000000000000        6.9400066739805622E-310
  0.70500506541864527       -9.0180331305735810E-005  -2.1529090110394833E-004   1.0000000000000000E-002   1.2000000000000000E-002   1.0017909748179823        0.0000000000000000        1.0017909748179823        1.0000000000000000        6.9400066739805622E-310
  0.71500514775114976       -9.1646305774641037E-005  -2.1878053342749837E-004   1.0000000000000000E-002   1.2000000000000000E-002   1.0017930349780644        0.0000000000000000        1.0017930349780644        1.0000000000000000        6.9400066739805622E-310
  0.72500520976456684       -9.2750545062223483E-005  -2.2140624930244712E-004   1.0000000000000000E-002   1.2000000000000000E-002   1.0017951241694747        0.0000000000000000        1.0017951241694747        1.0000000000000000        6.9400066739805622E-310
  0.73500525121505156       -9.3488703998572447E-005  -2.2315776691961275E-004   1.0000000000000000E-002   1.2000000000000000E-002   1.0017972341431509        0.0000000000000000        1.0017972341431509        1.0000000000000000        6.9400066739805622E-310
  0.74500527193995059       -9.3857884309567514E-005  -2.2402831668077994E-004   1.0000000000000000E-002   1.2000000000000000E-002   1.0017993565689061        0.0000000000000000        1.0017993565689061        1.0000000000000000        6.9400066739805622E-310
  0.75500527185843258       -9.3856643154129947E-005  -2.2401472924116206E-004   1.0000000000000000E-002   1.2000000000000000E-002   1.0018014830693649        0.0000000000000000        1.0018014830693649        1.0000000000000000        6.9400066739805622E-310
  0.76500525097177396       -9.3484999878589784E-005  -2.2311700423394143E-004   1.0000000000000000E-002   1.2000000000000000E-002   1.0018036052519195        0.0000000000000000        1.0018036052519195        1.0000000000000000        6.9400066739805622E-310
  0.77500520936337236       -9.2744436635014838E-005  -2.2133910148269820E-004   1.0000000000000000E-002   1.2000000000000000E-002   1.0018057147426831        0.0000000000000000        1.0018057147426831        1.0000000000000000        6.9400066739805622E-310
  0.78500514719836212       -9.1637889410522543E-005  -2.1868797757917946E-004   1.0000000000000000E-002   1.2000000000000000E-002   1.0018078032194553        0.0000000000000000        1.0018078032194553        1.0000000000000000        6.9400066739805622E-310
  0.79500506472298405       -9.0169739130805724E-005  -2.1517443067686770E-004   1.0000000000000000E-002   1.2000000000000000E-002   1.0018098624441460        0.0000000000000000        1.0018098624441460        1.0000000000000000        6.9400066739805622E-310
  0.80500496226356888       -8.8345792931752859E-005  -2.1081233240050068E-004   1.0000000000000000E-002   1.2000000000000000E-002   1.0018118842957153        0.0000000000000000        1.0018118842957153        1.0000000000000000        6.9400066739805622E-310
  0.81500484022525799       -8.6173260741005206E-005  -2.0561905005767045E-004   1.0000000000000000E-002   1.2000000000000000E-002   1.0018138608012603        0.0000000000000000        1.0018138608012603        1.0000000000000000        6.9400066739805622E-310
  0.82500469909038476       -8.3660727601073449E-005  -1.9961522601619208E-004   1.0000000000000000E-002   1.2000000000000000E-002   1.0018157841681861        0.0000000000000000        1.0018157841681861        1.0000000000000000        6.9400066739805622E-310
  0.83500453941656172       -8.0818117980590844E-005  -1.9282472621107161E-004   1.0000000000000000E-002   1.2000000000000000E-002   1.0018176468150806        0.0000000000000000        1.0018176468150806        1.0000000000000000        6.9400066739805622E-310
  0.84500436183445637       -7.7656658665533644E-005  -1.8527423827041645E-004   1.0000000000000000E-002   1.2000000000000000E-002   1.0018194414003705        0.0000000000000000        1.0018194414003705        1.0000000000000000        6.9400066739805622E-310
  0.85500416704532434       -7.4188832831394738E-005  -1.7699386796543592E-004   1.0000000000000000E-002   1.2000000000000000E-002   1.0018211608519987        0.0000000000000000        1.0018211608519987        1.0000000000000000        6.9400066739805622E-310
  0.86500395581819933       -7.0428330260766933E-005  -1.6801615239003809E-004   1.0000000000000000E-002   1.2000000000000000E-002   1.0018227983952146        0.0000000000000000        1.0018227983952146        1.0000000000000000        6.9400066739805622E-310
  0.87500372898688261       -6.6389995611681535E-005  -1.5837664065987411E-004   1.0000000000000000E-002   1.2000000000000000E-002   1.0018243475782982        0.0000000000000000        1.0018243475782982        1.0000000000000000        6.9400066739805622E-310
  0.88500348744663626       -6.2089766374085200E-005  -1.4811343652265663E-004   1.0000000000000000E-002   1.2000000000000000E-002   1.0018258022991975        0.0000000000000000        1.0018258022991975        1.0000000000000000        6.9400066739805622E-310
  0.89500323215064148       -5.7544613181607422E-005  -1.3726686124915233E-004   1.0000000000000000E-002   1.2000000000000000E-002   1.0018271568279877        0.0000000000000000        1.0018271568279877        1.0000000000000000        6.9400066739805622E-310
  0.90500296410626335       -5.2772470736112913E-005  -1.2587991166856938E-004   1.0000000000000000E-002   1.2000000000000000E-002   1.0018284058302513        0.0000000000000000        1.0018284058302513        1.0000000000000000        6.9400066739805622E-310
  0.91500268437104493       -4.7792167817390490E-005  -1.1399728700300926E-004   1.0000000000000000E-002   1.2000000000000000E-002   1.0018295443878347        0.0000000000000000        1.0018295443878347        1.0000000000000000        6.9400066739805622E-310
  0.92500239404856732       -4.2623353302087498E-005  -1.0166591281901560E-004   1.0000000000000000E-002   1.2000000000000000E-002   1.0018305680174402        0.0000000000000000        1.0018305680174402        1.0000000000000000        6.9400066739805622E-310
  0.93500209428408487       -3.7286418566901322E-005  -8.8934386075933958E-005   1.0000000000000000E-002   1.2000000000000000E-002   1.0018314726892608        0.0000000000000000        1.0018314726892608        1.0000000000000000        6.9400066739805622E-310
  0.94500178626001330       -3.1802415977784294E-005  -7.5852774610751794E-005   1.0000000000000000E-002   1.2000000000000000E-002   1.0018322548417797        0.0000000000000000        1.0018322548417797        1.0000000000000000        6.9400066739805622E-310
  0.95500147119128220       -2.6192978593653749E-005  -6.2472641022104369E-005   1.0000000000000000E-002   1.2000000000000000E-002   1.0018329113959670        0.0000000000000000        1.0018329113959670        1.0000000000000000        6.9400066739805622E-310
  0.96500115032054268       -2.0480231640519653E-005  -4.8846625353426987E-005   1.0000000000000000E-002   1.2000000000000000E-002   1.0018334397674247        0.0000000000000000        1.0018334397674247        1.0000000000000000        6.9400066739805622E-310
  0.97500082491328288       -1.4686708157291748E-005  -3.5028422908034429E-005   1.0000000000000000E-002   1.2000000000000000E-002   1.0018338378765361        0.0000000000000000        1.0018338378765361        1.0000000000000000        6.9400066739805622E-310
  0.98500049625283670       -8.8352592239587548E-006  -2.1072322780923969E-005   1.0000000000000000E-002   1.2000000000000000E-002   1.0018341041563386        0.0000000000000000        1.0018341041563386        1.0000000000000000        6.9400066739805622E-310
  0.99500016563534621       -2.9489634135928386E-006  -7.0333139072786821E-006   1.0000000000000000E-002   1.2000000000000000E-002   1.0018342375585809        0.0000000000000000        1.0018342375585809        1.0000000000000000        6.9400066739805622E-310
   1.0049998343646536        2.9489654356159113E-006   7.3330134915394751E-006   1.0000000000000000E-002   1.2000000000000000E-002   1.0018342375586176        0.0000000000000000        1.0018342375586176        1.0000000000000000        6.9400066739805622E-310
   1.0149995037471620        8.8352657385118764E-006   2.1970299579621155E-005   1.0000000000000000E-002   1.2000000000000000E-002   1.0018341041562646        0.0000000000000000        1.0018341041562646        1.0000000000000000        6.9400066739805622E-310
   1.0249991750867185        1.4686719195188798E-005   3.6521074812334575E-005   1.0000000000000000E-002   1.2000000000000000E-002   1.0018338378763934        0.0000000000000000        1.0018338378763934        1.0000000000000000        6.9400066739805622E-310
   1.0349988496794589        2.0480246226652366E-005   5.0928095689073416E-005   1.0000000000000000E-002   1.2000000000000000E-002   1.0018334397673165        0.0000000000000000        1.0018334397673165        1.0000000000000000        6.9400066739805622E-310
   1.0449985288087213        2.6192997498623183E-005   6.5134726264126641E-005   1.0000000000000000E-002   1.2000000000000000E-002   1.0018329113959510        0.0000000000000000        1.0018329113959510        1.0000000000000000        6.9400066739805622E-310
  -4.9998343646537879E-003  -2.9493230667012000E-006  -3.5767633061438002E+077   1.0000000000000000E-002   1.2000000000000000E-002   1.0018342375585809        0.0000000000000000        1.0018342375585809        1.0000000000000000        6.9400066739805622E-310
  -1.4999503747163301E-002  -8.8363367614014947E-006   0.0000000000000000        1.0000000000000000E-002   1.2000000000000000E-002   1.0018341041563386        0.0000000000000000        1.0018341041563386        1.0000000000000000        6.9400066739805622E-310
  -2.4999175086717118E-002  -1.4688499332569180E-005  -3.5767633061438002E+077   1.0000000000000000E-002   1.2000000000000000E-002   1.0018338378765361        0.0000000000000000        1.0018338378765361        1.0000000000000000        6.9400066739805622E-310
  -3.4998849679457322E-002  -2.0482729417116407E-005   6.9400068546417920E-310   1.0000000000000000E-002   1.2000000000000000E-002   1.0018334397674247        0.0000000000000000        1.0018334397674247        1.0000000000000000        6.9400066739805622E-310
  -4.4998528808717797E-002  -2.6196173132801093E-005   6.9400066883177543E-310   1.0000000000000000E-002   1.2000000000000000E-002   1.0018329113959670        0.0000000000000000        1.0018329113959670        1.0000000000000000        6.9400066739805622E-310
