 # x, v, a, m, h, rho, u, P, c, ke
  0.45120000000000177     
   5.0000958885316965E-003  -3.0783560029802758E-006  -4.0749991088162574E-006   1.0000000000000000E-002   1.2000000000000000E-002   1.0017808302552955        0.0000000000000000        1.0017808302552955        1.0000000000000000        6.9400066739805622E-310
   1.5000287287129819E-002  -9.2229177934353342E-006  -1.2208898660936995E-005   1.0000000000000000E-002   1.2000000000000000E-002   1.0017809075394459        0.0000000000000000        1.0017809075394459        1.0000000000000000        6.9400066739805622E-310
   2.5000477551829412E-002  -1.5331077713233336E-005  -2.0294606501103374E-005   1.0000000000000000E-002   1.2000000000000000E-002   1.0017810618026566        0.0000000000000000        1.0017810618026566        1.0000000000000000        6.9400066739805622E-310
   3.5000665931671976E-002  -2.1378727417013059E-005  -2.8300181656781831E-005   1.0000000000000000E-002   1.2000000000000000E-002   1.0017812924359486        0.0000000000000000        1.0017812924359486        1.0000000000000000        6.9400066739805622E-310
   4.5000851683142183E-002  -2.7341997494145352E-005  -3.6194041302728408E-005   1.0000000000000000E-002   1.2000000000000000E-002   1.0017815985288832        0.0000000000000000        1.0017815985288832        1.0000000000000000        6.9400066739805622E-310
   5.5001034073099912E-002  -3.3197351687228683E-005  -4.3945006749979143E-005   1.0000000000000000E-002   1.2000000000000000E-002   1.0017819788731812        0.0000000000000000        1.0017819788731812        1.0000000000000000        6.9400066739805622E-310
   6.5001212381676984E-002  -3.8921679742568563E-005  -5.1522482305443873E-005   1.0000000000000000E-002   1.2000000000000000E-002   1.0017824319673987        0.0000000000000000        1.0017824319673987        1.0000000000000000        6.9400066739805622E-310
   7.5001385905118276E-002  -4.4492388793615243E-005  -5.8896555567677922E-005   1.0000000000000000E-002   1.2000000000000000E-002   1.0017829560229443        0.0000000000000000        1.0017829560229443        1.0000000000000000        6.9400066739805622E-310
   8.5001553958560017E-002  -4.9887492389958449E-005  -6.6038117225275528E-005   1.0000000000000000E-002   1.2000000000000000E-002   1.0017835489711182        0.0000000000000000        1.0017835489711182        1.0000000000000000        6.9400066739805622E-310
   9.5001715878733448E-002  -5.5085697261090749E-005  -7.2918981102176872E-005   1.0000000000000000E-002   1.2000000000000000E-002   1.0017842084713096        0.0000000000000000        1.0017842084713096        1.0000000000000000        6.9400066739805622E-310
  0.10500187102658239       -6.0066487542635221E-005  -7.9511978762880631E-005   1.0000000000000000E-002   1.2000000000000000E-002   1.0017849319202017        0.0000000000000000        1.0017849319202017        1.0000000000000000        6.9400066739805622E-310
  0.11500201878978679       -6.4810205659201445E-005  -8.5791088750397648E-005   1.0000000000000000E-002   1.2000000000000000E-002   1.0017857164620430        0.0000000000000000        1.0017857164620430        1.0000000000000000        6.9400066739805622E-310
  0.12500215858517935       -6.9298129946322948E-005  -9.1731529845873183E-005   1.0000000000000000E-002   1.2000000000000000E-002   1.0017865589999753        0.0000000000000000        1.0017865589999753        1.0000000000000000        6.9400066739805622E-310
  0.13500228986104698       -7.3512548424066885E-005  -9.7309856128546812E-005   1.0000000000000000E-002   1.2000000000000000E-002   1.0017874562082432        0.0000000000000000        1.0017874562082432        1.0000000000000000        6.9400066739805622E-310
  0.14500241209930867       -7.7436828843093817E-005  -1.0250406334577633E-004   1.0000000000000000E-002   1.2000000000000000E-002   1.0017884045453787        0.0000000000000000        1.0017884045453787        1.0000000000000000        6.9400066739805622E-310
  0.15500252481755847       -8.1055484303037400E-005  -1.0729363778594347E-004   1.0000000000000000E-002   1.2000000000000000E-002   1.0017894002681096        0.0000000000000000        1.0017894002681096        1.0000000000000000        6.9400066739805622E-310
  0.16500262757097148       -8.4354234282143299E-005  -1.1165969068827053E-004   1.0000000000000000E-002   1.2000000000000000E-002   1.0017904394461430        0.0000000000000000        1.0017904394461430        1.0000000000000000        6.9400066739805622E-310
  0.17500271995405733       -8.7320061112722261E-005  -1.1558498826502728E-004   1.0000000000000000E-002   1.2000000000000000E-002   1.0017915179777324        0.0000000000000000        1.0017915179777324        1.0000000000000000        6.9400066739805622E-310
  0.18500280160226121       -8.9941261287802916E-005  -1.1905405125922641E-004   1.0000000000000000E-002   1.2000000000000000E-002   1.0017926316058414        0.0000000000000000        1.0017926316058414        1.0000000000000000        6.9400066739805622E-310
  0.19500287219340140       -9.2207491449870877E-005  -1.2205320716063284E-004   1.0000000000000000E-002   1.2000000000000000E-002   1.0017937759350548        0.0000000000000000        1.0017937759350548        1.0000000000000000        6.9400066739805622E-310
  0.20500293144893850       -9.4109809405187530E-005  -1.2457060466442016E-004   1.0000000000000000E-002   1.2000000000000000E-002   1.0017949464487903        0.0000000000000000        1.0017949464487903        1.0000000000000000        6.9400066739805622E-310
  0.21500297913507688       -9.5640709388586948E-005  -1.2659633166656192E-004   1.0000000000000000E-002   1.2000000000000000E-002   1.0017961385271417        0.0000000000000000        1.0017961385271417        1.0000000000000000        6.9400066739805622E-310
  0.22500301506368456       -9.6794151720975310E-005  -1.2812240698778510E-004   1.0000000000000000E-002   1.2000000000000000E-002   1.0017973474652488        0.0000000000000000        1.0017973474652488        1.0000000000000000        6.9400066739805622E-310
  0.23500303909303441       -9.7565586357936725E-005  -1.2914280577458470E-004   1.0000000000000000E-002   1.2000000000000000E-002   1.0017985684917359        0.0000000000000000        1.0017985684917359        1.0000000000000000        6.9400066739805622E-310
  0.24500305112836404       -9.7951970858222372E-005  -1.2965352308569322E-004   1.0000000000000000E-002   1.2000000000000000E-002   1.0017997967875913        0.0000000000000000        1.0017997967875913        1.0000000000000000        6.9400066739805622E-310
  0.25500305112224714       -9.7951782508407678E-005  -1.2965255134478326E-004   1.0000000000000000E-002   1.2000000000000000E-002   1.0018010275052303        0.0000000000000000        1.0018010275052303        1.0000000000000000        6.9400066739805622E-310
  0.26500303907478012       -9.7565024368841368E-005  -1.2913990671670206E-004   1.0000000000000000E-002   1.2000000000000000E-002   1.0018022557875692        0.0000000000000000        1.0018022557875692        1.0000000000000000        6.9400066739805622E-310
  0.27500301503358066       -9.6793225011610045E-005  -1.2811762678754945E-004   1.0000000000000000E-002   1.2000000000000000E-002   1.0018034767872448        0.0000000000000000        1.0018034767872448        1.0000000000000000        6.9400066739805622E-310
  0.28500297909359762       -9.5639432467835384E-005  -1.2658973615931046E-004   1.0000000000000000E-002   1.2000000000000000E-002   1.0018046856856242        0.0000000000000000        1.0018046856856242        1.0000000000000000        6.9400066739805622E-310
  0.29500293139673855       -9.4108202416575052E-005  -1.2456230989066341E-004   1.0000000000000000E-002   1.2000000000000000E-002   1.0018058777119703        0.0000000000000000        1.0018058777119703        1.0000000000000000        6.9400066739805622E-310
  0.30500287213130378       -9.2205579714572803E-005  -1.2204333460807959E-004   1.0000000000000000E-002   1.2000000000000000E-002   1.0018070481622598        0.0000000000000000        1.0018070481622598        1.0000000000000000        6.9400066739805622E-310
  0.31500280153124560       -8.9939074971301188E-005  -1.1904276169882877E-004   1.0000000000000000E-002   1.2000000000000000E-002   1.0018081924175581        0.0000000000000000        1.0018081924175581        1.0000000000000000        6.9400066739805622E-310
  0.32500271987524426       -8.7317634868236938E-005  -1.1557247418103600E-004   1.0000000000000000E-002   1.2000000000000000E-002   1.0018093059625459        0.0000000000000000        1.0018093059625459        1.0000000000000000        6.9400066739805622E-310
  0.33500262748560256       -8.4351606189988647E-005  -1.1164612231429061E-004   1.0000000000000000E-002   1.2000000000000000E-002   1.0018103844030575        0.0000000000000000        1.0018103844030575        1.0000000000000000        6.9400066739805622E-310
  0.34500252472698040       -8.1052695861876106E-005  -1.0727924093867358E-004   1.0000000000000000E-002   1.2000000000000000E-002   1.0018114234834230        0.0000000000000000        1.0018114234834230        1.0000000000000000        6.9400066739805622E-310
  0.35500241200495003       -7.7433924019241319E-005  -1.0248906715393247E-004   1.0000000000000000E-002   1.2000000000000000E-002   1.0018124191035029        0.0000000000000000        1.0018124191035029        1.0000000000000000        6.9400066739805622E-310
  0.36500228976439603       -7.3509573001943898E-005  -9.7294499966871228E-005   1.0000000000000000E-002   1.2000000000000000E-002   1.0018133673346419        0.0000000000000000        1.0018133673346419        1.0000000000000000        6.9400066739805622E-310
  0.37500215848775986       -6.9295130870788890E-005  -9.1716044797074403E-005   1.0000000000000000E-002   1.2000000000000000E-002   1.0018142644352035        0.0000000000000000        1.0018142644352035        1.0000000000000000        6.9400066739805622E-310
  0.38500201869313555       -6.4807230248145844E-005  -8.5775728257964090E-005   1.0000000000000000E-002   1.2000000000000000E-002   1.0018151068654091        0.0000000000000000        1.0018151068654091        1.0000000000000000        6.9400066739805622E-310
  0.39500187093222366       -6.0063582677823618E-005  -7.9496985480709270E-005   1.0000000000000000E-002   1.2000000000000000E-002   1.0018158913012465        0.0000000000000000        1.0018158913012465        1.0000000000000000        6.9400066739805622E-310
  0.40500171578815519       -5.5082908778308485E-005  -7.2904588640732015E-005   1.0000000000000000E-002   1.2000000000000000E-002   1.0018166146475196        0.0000000000000000        1.0018166146475196        1.0000000000000000        6.9400066739805622E-310
  0.41500155387319038       -4.9884864365175117E-005  -6.6024544974396804E-005   1.0000000000000000E-002   1.2000000000000000E-002   1.0018172740500459        0.0000000000000000        1.0018172740500459        1.0000000000000000        6.9400066739805622E-310
  0.42500138582630426       -4.4489962467692147E-005  -5.8884032513084605E-005   1.0000000000000000E-002   1.2000000000000000E-002   1.0018178669070827        0.0000000000000000        1.0018178669070827        1.0000000000000000        6.9400066739805622E-310
  0.43500121231066124       -3.8919493478709574E-005  -5.1511198302378602E-005   1.0000000000000000E-002   1.2000000000000000E-002   1.0018183908794922        0.0000000000000000        1.0018183908794922        1.0000000000000000        6.9400066739805622E-310
  0.44500103401100222       -3.3195439984300454E-005  -4.3935133382966285E-005   1.0000000000000000E-002   1.2000000000000000E-002   1.0018188438998195        0.0000000000000000        1.0018188438998195        1.0000000000000000        6.9400066739805622E-310
  0.45500085163094234       -2.7340390446074207E-005  -3.6185744909822404E-005   1.0000000000000000E-002   1.2000000000000000E-002   1.0018192241806556        0.0000000000000000        1.0018192241806556        1.0000000000000000        6.9400066739805622E-310
  0.46500066589019340       -2.1377450499085951E-005  -2.8293598776762963E-005   1.0000000000000000E-002   1.2000000000000000E-002   1.0018195302216379        0.0000000000000000        1.0018195302216379        1.0000000000000000        6.9400066739805622E-310
  0.47500047752172514       -1.5330150998972787E-005  -2.0289819014251975E-005   1.0000000000000000E-002   1.2000000000000000E-002   1.0018197608152246        0.0000000000000000        1.0018197608152246        1.0000000000000000        6.9400066739805622E-310
  0.48500028726887529       -9.2223559028745839E-006  -1.2206002375059199E-005   1.0000000000000000E-002   1.2000000000000000E-002   1.0018199150516007        0.0000000000000000        1.0018199150516007        1.0000000000000000        6.9400066739805622E-310
  0.49500009588241406       -3.0781675984211295E-006  -4.0740196096678005E-006   1.0000000000000000E-002   1.2000000000000000E-002   1.0018199923222191        0.0000000000000000        1.0018199923222191        1.0000000000000000        6.9400066739805622E-310
  0.50499990411758533        3.0781676373564076E-006   4.0740297242436441E-006   1.0000000000000000E-002   1.2000000000000000E-002   1.0018199923221689        0.0000000000000000        1.0018199923221689        1.0000000000000000        6.9400066739805622E-310
  0.51499971273112533        9.2223558509662653E-006   1.2205989110114501E-005   1.0000000000000000E-002   1.2000000000000000E-002   1.0018199150515725        0.0000000000000000        1.0018199150515725        1.0000000000000000        6.9400066739805622E-310
  0.52499952247827475        1.5330150960580053E-005   2.0289831090813948E-005   1.0000000000000000E-002   1.2000000000000000E-002   1.0018197608151986        0.0000000000000000        1.0018197608151986        1.0000000000000000        6.9400066739805622E-310
  0.53499933410980771        2.1377450501523448E-005   2.8293586196603826E-005   1.0000000000000000E-002   1.2000000000000000E-002   1.0018195302216120        0.0000000000000000        1.0018195302216120        1.0000000000000000        6.9400066739805622E-310
  0.54499914836905816        2.7340390581785392E-005   3.6185746330019697E-005   1.0000000000000000E-002   1.2000000000000000E-002   1.0018192241806838        0.0000000000000000        1.0018192241806838        1.0000000000000000        6.9400066739805622E-310
  0.55499896598899823        3.3195439943247458E-005   4.3935131567529595E-005   1.0000000000000000E-002   1.2000000000000000E-002   1.0018188438998452        0.0000000000000000        1.0018188438998452        1.0000000000000000        6.9400066739805622E-310
  0.56499878768933876        3.8919493442914178E-005   5.1511201645482174E-005   1.0000000000000000E-002   1.2000000000000000E-002   1.0018183908795149        0.0000000000000000        1.0018183908795149        1.0000000000000000        6.9400066739805622E-310
  0.57499861417369569        4.4489962620966791E-005   5.8884035820661040E-005   1.0000000000000000E-002   1.2000000000000000E-002   1.0018178669070739        0.0000000000000000        1.0018178669070739        1.0000000000000000        6.9400066739805622E-310
  0.58499844612680985        4.9884864218803690E-005   6.6024543881049169E-005   1.0000000000000000E-002   1.2000000000000000E-002   1.0018172740500295        0.0000000000000000        1.0018172740500295        1.0000000000000000        6.9400066739805622E-310
  0.59499828421184509        5.5082908790137984E-005   7.2904589788258534E-005   1.0000000000000000E-002   1.2000000000000000E-002   1.0018166146475025        0.0000000000000000        1.0018166146475025        1.0000000000000000        6.9400066739805622E-310
  0.60499812906777695        6.0063582640048008E-005   7.9496977408055614E-005   1.0000000000000000E-002   1.2000000000000000E-002   1.0018158913012578        0.0000000000000000        1.0018158913012578        1.0000000000000000        6.9400066739805622E-310
  0.61499798130686456        6.4807230208794862E-005   8.5775725518821844E-005   1.0000000000000000E-002   1.2000000000000000E-002   1.0018151068654708        0.0000000000000000        1.0018151068654708        1.0000000000000000        6.9400066739805622E-310
  0.62499784151223936        6.9295130906341275E-005   9.1716058266300138E-005   1.0000000000000000E-002   1.2000000000000000E-002   1.0018142644352168        0.0000000000000000        1.0018142644352168        1.0000000000000000        6.9400066739805622E-310
  0.63499771023560381        7.3509572991004271E-005   9.7294498507594085E-005   1.0000000000000000E-002   1.2000000000000000E-002   1.0018133673345981        0.0000000000000000        1.0018133673345981        1.0000000000000000        6.9400066739805622E-310
  0.64499758799505025        7.7433924037417643E-005   1.0248905933263330E-004   1.0000000000000000E-002   1.2000000000000000E-002   1.0018124191035074        0.0000000000000000        1.0018124191035074        1.0000000000000000        6.9400066739805622E-310
  0.65499747527301921        8.1052695845599060E-005   1.0727925186415632E-004   1.0000000000000000E-002   1.2000000000000000E-002   1.0018114234834092        0.0000000000000000        1.0018114234834092        1.0000000000000000        6.9400066739805622E-310
  0.66499737251439806        8.4351606132957065E-005   1.1164610694613941E-004   1.0000000000000000E-002   1.2000000000000000E-002   1.0018103844030619        0.0000000000000000        1.0018103844030619        1.0000000000000000        6.9400066739805622E-310
  0.67499728012475535        8.7317634895496207E-005   1.1557247780746849E-004   1.0000000000000000E-002   1.2000000000000000E-002   1.0018093059626099        0.0000000000000000        1.0018093059626099        1.0000000000000000        6.9400066739805622E-310
  0.68499719846875351        8.9939075087450466E-005   1.1904277244756400E-004   1.0000000000000000E-002   1.2000000000000000E-002   1.0018081924175493        0.0000000000000000        1.0018081924175493        1.0000000000000000        6.9400066739805622E-310
  0.69499712786869616        9.2205579649471951E-005   1.2204332373144666E-004   1.0000000000000000E-002   1.2000000000000000E-002   1.0018070481622559        0.0000000000000000        1.0018070481622559        1.0000000000000000        6.9400066739805622E-310
  0.70499706860326061        9.4108202353913710E-005   1.2456232208979401E-004   1.0000000000000000E-002   1.2000000000000000E-002   1.0018058777119618        0.0000000000000000        1.0018058777119618        1.0000000000000000        6.9400066739805622E-310
  0.71499702090640238        9.5639432512317150E-005   1.2658973625878644E-004   1.0000000000000000E-002   1.2000000000000000E-002   1.0018046856855556        0.0000000000000000        1.0018046856855556        1.0000000000000000        6.9400066739805622E-310
  0.72499698496642007        9.6793225008184482E-005   1.2811761546416278E-004   1.0000000000000000E-002   1.2000000000000000E-002   1.0018034767872299        0.0000000000000000        1.0018034767872299        1.0000000000000000        6.9400066739805622E-310
  0.73499696092522016        9.7565024383653088E-005   1.2913990806229236E-004   1.0000000000000000E-002   1.2000000000000000E-002   1.0018022557876007        0.0000000000000000        1.0018022557876007        1.0000000000000000        6.9400066739805622E-310
  0.74499694887775281        9.7951782549302998E-005   1.2965255717567459E-004   1.0000000000000000E-002   1.2000000000000000E-002   1.0018010275052249        0.0000000000000000        1.0018010275052249        1.0000000000000000        6.9400066739805622E-310
  0.75499694887163649        9.7951970773718232E-005   1.2965351071247966E-004   1.0000000000000000E-002   1.2000000000000000E-002   1.0017997967876202        0.0000000000000000        1.0017997967876202        1.0000000000000000        6.9400066739805622E-310
  0.76499696090696490        9.7565586341858887E-005   1.2914281886544643E-004   1.0000000000000000E-002   1.2000000000000000E-002   1.0017985684917610        0.0000000000000000        1.0017985684917610        1.0000000000000000        6.9400066739805622E-310
  0.77499698493631541        9.6794151758168039E-005   1.2812240212056736E-004   1.0000000000000000E-002   1.2000000000000000E-002   1.0017973474652340        0.0000000000000000        1.0017973474652340        1.0000000000000000        6.9400066739805622E-310
  0.78499702086492285        9.5640709498739937E-005   1.2659633196765441E-004   1.0000000000000000E-002   1.2000000000000000E-002   1.0017961385271512        0.0000000000000000        1.0017961385271512        1.0000000000000000        6.9400066739805622E-310
  0.79499706855106123        9.4109809298233114E-005   1.2457060498238803E-004   1.0000000000000000E-002   1.2000000000000000E-002   1.0017949464487932        0.0000000000000000        1.0017949464487932        1.0000000000000000        6.9400066739805622E-310
  0.80499712780659827        9.2207491440999162E-005   1.2205321006941716E-004   1.0000000000000000E-002   1.2000000000000000E-002   1.0017937759350461        0.0000000000000000        1.0017937759350461        1.0000000000000000        6.9400066739805622E-310
  0.81499719839773865        8.9941261257212070E-005   1.1905405321677165E-004   1.0000000000000000E-002   1.2000000000000000E-002   1.0017926316058086        0.0000000000000000        1.0017926316058086        1.0000000000000000        6.9400066739805622E-310
  0.82499728004594308        8.7320061109833852E-005   1.1558497922692368E-004   1.0000000000000000E-002   1.2000000000000000E-002   1.0017915179777317        0.0000000000000000        1.0017915179777317        1.0000000000000000        6.9400066739805622E-310
  0.83499737242902838        8.4354234285425965E-005   1.1165969503412754E-004   1.0000000000000000E-002   1.2000000000000000E-002   1.0017904394461654        0.0000000000000000        1.0017904394461654        1.0000000000000000        6.9400066739805622E-310
  0.84499747518244139        8.1055484396837571E-005   1.0729364065920066E-004   1.0000000000000000E-002   1.2000000000000000E-002   1.0017894002680963        0.0000000000000000        1.0017894002680963        1.0000000000000000        6.9400066739805622E-310
  0.85499758790069158        7.7436828770562901E-005   1.0250405437073340E-004   1.0000000000000000E-002   1.2000000000000000E-002   1.0017884045453942        0.0000000000000000        1.0017884045453942        1.0000000000000000        6.9400066739805622E-310
  0.86499771013895255        7.3512548483330528E-005   9.7309864031558391E-005   1.0000000000000000E-002   1.2000000000000000E-002   1.0017874562082658        0.0000000000000000        1.0017874562082658        1.0000000000000000        6.9400066739805622E-310
  0.87499784141482029        6.9298129875331219E-005   9.1731538409689506E-005   1.0000000000000000E-002   1.2000000000000000E-002   1.0017865589999204        0.0000000000000000        1.0017865589999204        1.0000000000000000        6.9400066739805622E-310
  0.88499798121021400        6.4810205678749542E-005   8.5791073813901164E-005   1.0000000000000000E-002   1.2000000000000000E-002   1.0017857164620190        0.0000000000000000        1.0017857164620190        1.0000000000000000        6.9400066739805622E-310
  0.89499812897341779        6.0066487589726140E-005   7.9511978379187553E-005   1.0000000000000000E-002   1.2000000000000000E-002   1.0017849319202479        0.0000000000000000        1.0017849319202479        1.0000000000000000        6.9400066739805622E-310
  0.90499828412126626        5.5085697270619090E-005   7.2918987351400233E-005   1.0000000000000000E-002   1.2000000000000000E-002   1.0017842084713262        0.0000000000000000        1.0017842084713262        1.0000000000000000        6.9400066739805622E-310
  0.91499844604143987        4.9887492410171603E-005   6.6038115188682411E-005   1.0000000000000000E-002   1.2000000000000000E-002   1.0017835489711175        0.0000000000000000        1.0017835489711175        1.0000000000000000        6.9400066739805622E-310
  0.92499861409488149        4.4492388742458221E-005   5.8896557479926059E-005   1.0000000000000000E-002   1.2000000000000000E-002   1.0017829560229465        0.0000000000000000        1.0017829560229465        1.0000000000000000        6.9400066739805622E-310
  0.93499878761832278        3.8921679722341606E-005   5.1522487046540277E-005   1.0000000000000000E-002   1.2000000000000000E-002   1.0017824319673674        0.0000000000000000        1.0017824319673674        1.0000000000000000        6.9400066739805622E-310
  0.94499896592690058        3.3197351779503701E-005   4.3944995337774628E-005   1.0000000000000000E-002   1.2000000000000000E-002   1.0017819788731801        0.0000000000000000        1.0017819788731801        1.0000000000000000        6.9400066739805622E-310
  0.95499914831685762        2.7341997387690834E-005   3.6194045945237008E-005   1.0000000000000000E-002   1.2000000000000000E-002   1.0017815985289154        0.0000000000000000        1.0017815985289154        1.0000000000000000        6.9400066739805622E-310
  0.96499933406832772        2.1378727435887508E-005   2.8300188708918483E-005   1.0000000000000000E-002   1.2000000000000000E-002   1.0017812924359235        0.0000000000000000        1.0017812924359235        1.0000000000000000        6.9400066739805622E-310
  0.97499952244817101        1.5331077765625539E-005   2.0294598875203462E-005   1.0000000000000000E-002   1.2000000000000000E-002   1.0017810618026382        0.0000000000000000        1.0017810618026382        1.0000000000000000        6.9400066739805622E-310
  0.98499971271287023        9.2229177819511446E-006   1.2208904420774047E-005   1.0000000000000000E-002   1.2000000000000000E-002   1.0017809075394357        0.0000000000000000        1.0017809075394357        1.0000000000000000        6.9400066739805622E-310
  0.99499990411146888        3.0783559704441618E-006   4.0749946084162048E-006   1.0000000000000000E-002   1.2000000000000000E-002   1.0017808302552749        0.0000000000000000        1.0017808302552749        1.0000000000000000        6.9400066739805622E-310
   1.0050000958885317       -3.0783572937301827E-006  -4.3884713454289681E-006   1.0000000000000000E-002   1.2000000000000000E-002   1.0017808302552955        0.0000000000000000        1.0017808302552955        1.0000000000000000        6.9400066739805622E-310
   1.0150002872871298       -9.2229216573056242E-006  -1.3148066623003274E-005   1.0000000000000000E-002   1.2000000000000000E-002   1.0017809075394459        0.0000000000000000        1.0017809075394459        1.0000000000000000        6.9400066739805622E-310
   1.0250004775518293       -1.5331084137483269E-005  -2.1855767406542270E-005   1.0000000000000000E-002   1.2000000000000000E-002   1.0017810618026566        0.0000000000000000        1.0017810618026566        1.0000000000000000        6.9400066739805622E-310
   1.0350006659316719       -2.1378736374283183E-005  -3.0477173588394635E-005   1.0000000000000000E-002   1.2000000000000000E-002   1.0017812924359486        0.0000000000000000        1.0017812924359486        1.0000000000000000        6.9400066739805622E-310
   1.0450008516831422       -2.7342008950571560E-005  -3.8978268683820261E-005   1.0000000000000000E-002   1.2000000000000000E-002   1.0017815985288832        0.0000000000000000        1.0017815985288832        1.0000000000000000        6.9400066739805622E-310
  -5.0000958885311197E-003   3.0787321364864768E-006  -3.5767633061438002E+077   1.0000000000000000E-002   1.2000000000000000E-002   1.0017808302552749        0.0000000000000000        1.0017808302552749        1.0000000000000000        6.9400066739805622E-310
  -1.5000287287129765E-002   9.2240447834502010E-006   0.0000000000000000        1.0000000000000000E-002   1.2000000000000000E-002   1.0017809075394357        0.0000000000000000        1.0017809075394357        1.0000000000000000        6.9400066739805622E-310
  -2.5000477551828992E-002   1.5332951161089898E-005  -3.5767633061438002E+077   1.0000000000000000E-002   1.2000000000000000E-002   1.0017810618026382        0.0000000000000000        1.0017810618026382        1.0000000000000000        6.9400066739805622E-310
  -3.5000665931672281E-002   2.1381339827644293E-005   6.9400068546417920E-310   1.0000000000000000E-002   1.2000000000000000E-002   1.0017812924359235        0.0000000000000000        1.0017812924359235        1.0000000000000000        6.9400066739805622E-310
  -4.5000851683142384E-002   2.7345338453550010E-005   6.9400066883177543E-310   1.0000000000000000E-002   1.2000000000000000E-002   1.0017815985289154        0.0000000000000000        1.0017815985289154        1.0000000000000000        6.9400066739805622E-310
