 # x, v, a, m, h, rho, u, P, c, ke
  0.70079999999999854     
   4.9995231208191113E-003  -4.5071278527821690E-007   2.0264891193555457E-005   1.0000000000000000E-002   1.2000000000000000E-002   1.0018978059249142        0.0000000000000000        1.0018978059249142        1.0000000000000000        6.9400066739805622E-310
   1.4998571244462468E-002  -1.3503612469098019E-006   6.0714690209628941E-005   1.0000000000000000E-002   1.2000000000000000E-002   1.0018974215200942        0.0000000000000000        1.0018974215200942        1.0000000000000000        6.9400066739805622E-310
   2.4997625006693718E-002  -2.2446857451079744E-006   1.0092485848556265E-004   1.0000000000000000E-002   1.2000000000000000E-002   1.0018966542283545        0.0000000000000000        1.0018966542283545        1.0000000000000000        6.9400066739805622E-310
   3.4996688141843979E-002  -3.1301598232361026E-006   1.4073668714420506E-004   1.0000000000000000E-002   1.2000000000000000E-002   1.0018955070794924        0.0000000000000000        1.0018955070794924        1.0000000000000000        6.9400066739805622E-310
   4.4995764347254934E-002  -4.0032924642338828E-006   1.7999304569737973E-004   1.0000000000000000E-002   1.2000000000000000E-002   1.0018939846032517        0.0000000000000000        1.0018939846032517        1.0000000000000000        6.9400066739805622E-310
   5.4994857268687393E-002  -4.8606407455346789E-006   2.1853901191004610E-004   1.0000000000000000E-002   1.2000000000000000E-002   1.0018920928112907        0.0000000000000000        1.0018920928112907        1.0000000000000000        6.9400066739805622E-310
   6.4993970485936109E-002  -5.6988238380874077E-006   2.5622242393286143E-004   1.0000000000000000E-002   1.2000000000000000E-002   1.0018898391735451        0.0000000000000000        1.0018898391735451        1.0000000000000000        6.9400066739805622E-310
   7.4993107498698683E-002  -6.5145362976618689E-006   2.9289456818570869E-004   1.0000000000000000E-002   1.2000000000000000E-002   1.0018872325886949        0.0000000000000000        1.0018872325886949        1.0000000000000000        6.9400066739805622E-310
   8.4992271712766507E-002  -7.3045611965997965E-006   3.2841071442302194E-004   1.0000000000000000E-002   1.2000000000000000E-002   1.0018842833488049        0.0000000000000000        1.0018842833488049        1.0000000000000000        6.9400066739805622E-310
   9.4991466426584473E-002  -8.0657826409885277E-006   3.6263068167574630E-004   1.0000000000000000E-002   1.2000000000000000E-002   1.0018810030987486        0.0000000000000000        1.0018810030987486        1.0000000000000000        6.9400066739805622E-310
  0.10499069481823278       -8.7951977541768946E-006   3.9541941881537923E-004   1.0000000000000000E-002   1.2000000000000000E-002   1.0018774047901549        0.0000000000000000        1.0018774047901549        1.0000000000000000        6.9400066739805622E-310
  0.11498995993288577       -9.4899288822640836E-006   4.2664750811116647E-004   1.0000000000000000E-002   1.2000000000000000E-002   1.0018735026302201        0.0000000000000000        1.0018735026302201        1.0000000000000000        6.9400066739805622E-310
  0.12498926467079251       -1.0147234934297578E-005   4.5619171454358565E-004   1.0000000000000000E-002   1.2000000000000000E-002   1.0018693120255158        0.0000000000000000        1.0018693120255158        1.0000000000000000        6.9400066739805622E-310
  0.13498861177583249       -1.0764522111253397E-005   4.8393543602287536E-004   1.0000000000000000E-002   1.2000000000000000E-002   1.0018648495210454        0.0000000000000000        1.0018648495210454        1.0000000000000000        6.9400066739805622E-310
  0.14498800382468607       -1.1339354098244654E-005   5.0976918247513936E-004   1.0000000000000000E-002   1.2000000000000000E-002   1.0018601327348911        0.0000000000000000        1.0018601327348911        1.0000000000000000        6.9400066739805622E-310
  0.15498744321666583       -1.1869461531963271E-005   5.3359100210137456E-004   1.0000000000000000E-002   1.2000000000000000E-002   1.0018551802885596        0.0000000000000000        1.0018551802885596        1.0000000000000000        6.9400066739805622E-310
  0.16498693216424715       -1.2352751312533200E-005   5.5530688998128852E-004   1.0000000000000000E-002   1.2000000000000000E-002   1.0018500117333728        0.0000000000000000        1.0018500117333728        1.0000000000000000        6.9400066739805622E-310
  0.17498647268433720       -1.2787314596274010E-005   5.7483114390688428E-004   1.0000000000000000E-002   1.2000000000000000E-002   1.0018446474732314        0.0000000000000000        1.0018446474732314        1.0000000000000000        6.9400066739805622E-310
  0.18498606659031402       -1.3171434513657786E-005   5.9208671694754855E-004   1.0000000000000000E-002   1.2000000000000000E-002   1.0018391086840126        0.0000000000000000        1.0018391086840126        1.0000000000000000        6.9400066739805622E-310
  0.19498571548487018       -1.3503592998476345E-005   6.0700550552628130E-004   1.0000000000000000E-002   1.2000000000000000E-002   1.0018334172299557        0.0000000000000000        1.0018334172299557        1.0000000000000000        6.9400066739805622E-310
  0.20498542075368503       -1.3782476493019137E-005   6.1952867308789905E-004   1.0000000000000000E-002   1.2000000000000000E-002   1.0018275955771345        0.0000000000000000        1.0018275955771345        1.0000000000000000        6.9400066739805622E-310
  0.21498518355996021       -1.4006981735149237E-005   6.2960677873569182E-004   1.0000000000000000E-002   1.2000000000000000E-002   1.0018216667048025        0.0000000000000000        1.0018216667048025        1.0000000000000000        6.9400066739805622E-310
  0.22498500483982425       -1.4176219676079176E-005   6.3720007152046065E-004   1.0000000000000000E-002   1.2000000000000000E-002   1.0018156540147358        0.0000000000000000        1.0018156540147358        1.0000000000000000        6.9400066739805622E-310
  0.23498488529863990       -1.4289519023131941E-005   6.4227859289278655E-004   1.0000000000000000E-002   1.2000000000000000E-002   1.0018095812387098        0.0000000000000000        1.0018095812387098        1.0000000000000000        6.9400066739805622E-310
  0.24498482540821848       -1.4346429329066904E-005   6.4482232292206731E-004   1.0000000000000000E-002   1.2000000000000000E-002   1.0018034723448115        0.0000000000000000        1.0018034723448115        1.0000000000000000        6.9400066739805622E-310
  0.25498482540495931       -1.4346722588508203E-005   6.4482121278786053E-004   1.0000000000000000E-002   1.2000000000000000E-002   1.0017973514429070        0.0000000000000000        1.0017973514429070        1.0000000000000000        6.9400066739805622E-310
  0.26498488528891284       -1.4290394224880746E-005   6.4227530161176105E-004   1.0000000000000000E-002   1.2000000000000000E-002   1.0017912426894333        0.0000000000000000        1.0017912426894333        1.0000000000000000        6.9400066739805622E-310
  0.27498500482378274       -1.4177663020787937E-005   6.3719465001899067E-004   1.0000000000000000E-002   1.2000000000000000E-002   1.0017851701919480        0.0000000000000000        1.0017851701919480        1.0000000000000000        6.9400066739805622E-310
  0.28498518353785757       -1.4008970541614898E-005   6.2959930613448734E-004   1.0000000000000000E-002   1.2000000000000000E-002   1.0017791579141790        0.0000000000000000        1.0017791579141790        1.0000000000000000        6.9400066739805622E-310
  0.29498542072587036       -1.3784979389703840E-005   6.1951925649594841E-004   1.0000000000000000E-002   1.2000000000000000E-002   1.0017732295814779        0.0000000000000000        1.0017732295814779        1.0000000000000000        6.9400066739805622E-310
  0.30498571545178110       -1.3506570444463187E-005   6.0699431748467703E-004   1.0000000000000000E-002   1.2000000000000000E-002   1.0017674085870485        0.0000000000000000        1.0017674085870485        1.0000000000000000        6.9400066739805622E-310
  0.31498606655247308       -1.3174839518081208E-005   5.9207391664184428E-004   1.0000000000000000E-002   1.2000000000000000E-002   1.0017617178997309        0.0000000000000000        1.0017617178997309        1.0000000000000000        6.9400066739805622E-310
  0.32498647264234098       -1.2791093557358324E-005   5.7481693597427608E-004   1.0000000000000000E-002   1.2000000000000000E-002   1.0017561799735757        0.0000000000000000        1.0017561799735757        1.0000000000000000        6.9400066739805622E-310
  0.33498693211875785       -1.2356844548771593E-005   5.5529149790078947E-004   1.0000000000000000E-002   1.2000000000000000E-002   1.0017508166591957        0.0000000000000000        1.0017508166591957        1.0000000000000000        6.9400066739805622E-310
  0.34498744316840030       -1.1873804624342724E-005   5.3357467763959221E-004   1.0000000000000000E-002   1.2000000000000000E-002   1.0017456491175190        0.0000000000000000        1.0017456491175190        1.0000000000000000        6.9400066739805622E-310
  0.35498800377440570       -1.1343878314488913E-005   5.0975217734272604E-004   1.0000000000000000E-002   1.2000000000000000E-002   1.0017406977364454        0.0000000000000000        1.0017406977364454        1.0000000000000000        6.9400066739805622E-310
  0.36498861172433045       -1.0769156358372930E-005   4.8391801339153773E-004   1.0000000000000000E-002   1.2000000000000000E-002   1.0017359820505458        0.0000000000000000        1.0017359820505458        1.0000000000000000        6.9400066739805622E-310
  0.37498926461888082       -1.0151905994577447E-005   4.5617415601917344E-004   1.0000000000000000E-002   1.2000000000000000E-002   1.0017315206639701        0.0000000000000000        1.0017315206639701        1.0000000000000000        6.9400066739805622E-310
  0.38498995988138301       -9.4945630513989479E-006   4.2663009752619274E-004   1.0000000000000000E-002   1.2000000000000000E-002   1.0017273311771047        0.0000000000000000        1.0017273311771047        1.0000000000000000        6.9400066739805622E-310
  0.39499069476795234       -8.7997219100364714E-006   3.9540240603752608E-004   1.0000000000000000E-002   1.2000000000000000E-002   1.0017234301174045        0.0000000000000000        1.0017234301174045        1.0000000000000000        6.9400066739805622E-310
  0.40499146637831868       -8.0701255159985082E-006   3.6261434718110053E-004   1.0000000000000000E-002   1.2000000000000000E-002   1.0017198328741510        0.0000000000000000        1.0017198328741510        1.0000000000000000        6.9400066739805622E-310
  0.41499227166727565       -7.3086545342079140E-006   3.2839533108930397E-004   1.0000000000000000E-002   1.2000000000000000E-002   1.0017165536376067        0.0000000000000000        1.0017165536376067        1.0000000000000000        6.9400066739805622E-310
  0.42499310745670071       -6.5183153458488117E-006   2.9288036698105202E-004   1.0000000000000000E-002   1.2000000000000000E-002   1.0017136053434104        0.0000000000000000        1.0017136053434104        1.0000000000000000        6.9400066739805622E-310
  0.43499397044809351       -5.7022288214643160E-006   2.5620963394956675E-004   1.0000000000000000E-002   1.2000000000000000E-002   1.0017109996215461        0.0000000000000000        1.0017109996215461        1.0000000000000000        6.9400066739805622E-310
  0.44499485723559817       -4.8636180858343687E-006   2.1852781117015496E-004   1.0000000000000000E-002   1.2000000000000000E-002   1.0017087467505481        0.0000000000000000        1.0017087467505481        1.0000000000000000        6.9400066739805622E-310
  0.45499576431944000       -4.0057953776517642E-006   1.7998362949978031E-004   1.0000000000000000E-002   1.2000000000000000E-002   1.0017068556170370        0.0000000000000000        1.0017068556170370        1.0000000000000000        6.9400066739805622E-310
  0.46499668811974121       -3.1321487384318602E-006   1.4072921645169600E-004   1.0000000000000000E-002   1.2000000000000000E-002   1.0017053336804134        0.0000000000000000        1.0017053336804134        1.0000000000000000        6.9400066739805622E-310
  0.47499762499065246       -2.2461290188666070E-006   1.0091943006163007E-004   1.0000000000000000E-002   1.2000000000000000E-002   1.0017041869438743        0.0000000000000000        1.0017041869438743        1.0000000000000000        6.9400066739805622E-310
  0.48499857123473522       -1.3512366112337538E-006   6.0711400945656635E-005   1.0000000000000000E-002   1.2000000000000000E-002   1.0017034199306964        0.0000000000000000        1.0017034199306964        1.0000000000000000        6.9400066739805622E-310
  0.49499952311755963       -4.5100607609172935E-007   2.0263787955165924E-005   1.0000000000000000E-002   1.2000000000000000E-002   1.0017030356662640        0.0000000000000000        1.0017030356662640        1.0000000000000000        6.9400066739805622E-310
  0.50500047688244010        4.5100617392922093E-007  -2.0263779578755248E-005   1.0000000000000000E-002   1.2000000000000000E-002   1.0017030356662251        0.0000000000000000        1.0017030356662251        1.0000000000000000        6.9400066739805622E-310
  0.51500142876526545        1.3512364059473112E-006  -6.0711414664460506E-005   1.0000000000000000E-002   1.2000000000000000E-002   1.0017034199306813        0.0000000000000000        1.0017034199306813        1.0000000000000000        6.9400066739805622E-310
  0.52500237500934765        2.2461291429742781E-006  -1.0091943154932892E-004   1.0000000000000000E-002   1.2000000000000000E-002   1.0017041869439309        0.0000000000000000        1.0017041869439309        1.0000000000000000        6.9400066739805622E-310
  0.53500331188025807        3.1321486667067962E-006  -1.4072919922725191E-004   1.0000000000000000E-002   1.2000000000000000E-002   1.0017053336803956        0.0000000000000000        1.0017053336803956        1.0000000000000000        6.9400066739805622E-310
  0.54500423568056056        4.0057954655174725E-006  -1.7998364185789484E-004   1.0000000000000000E-002   1.2000000000000000E-002   1.0017068556169977        0.0000000000000000        1.0017068556169977        1.0000000000000000        6.9400066739805622E-310
  0.55500514276440205        4.8636181049444357E-006  -2.1852781394127163E-004   1.0000000000000000E-002   1.2000000000000000E-002   1.0017087467505834        0.0000000000000000        1.0017087467505834        1.0000000000000000        6.9400066739805622E-310
  0.56500602955190615        5.7022287849420756E-006  -2.5620962746764064E-004   1.0000000000000000E-002   1.2000000000000000E-002   1.0017109996215525        0.0000000000000000        1.0017109996215525        1.0000000000000000        6.9400066739805622E-310
  0.57500689254329951        6.5183152503975930E-006  -2.9288037668262490E-004   1.0000000000000000E-002   1.2000000000000000E-002   1.0017136053434428        0.0000000000000000        1.0017136053434428        1.0000000000000000        6.9400066739805622E-310
  0.58500772833272319        7.3086544867888268E-006  -3.2839530500083924E-004   1.0000000000000000E-002   1.2000000000000000E-002   1.0017165536375610        0.0000000000000000        1.0017165536375610        1.0000000000000000        6.9400066739805622E-310
  0.59500853362168260        8.0701256598408641E-006  -3.6261437709583788E-004   1.0000000000000000E-002   1.2000000000000000E-002   1.0017198328741188        0.0000000000000000        1.0017198328741188        1.0000000000000000        6.9400066739805622E-310
  0.60500930523204732        8.7997219659299174E-006  -3.9540240085056411E-004   1.0000000000000000E-002   1.2000000000000000E-002   1.0017234301174924        0.0000000000000000        1.0017234301174924        1.0000000000000000        6.9400066739805622E-310
  0.61501004011861615        9.4945630088611328E-006  -4.2663008556775850E-004   1.0000000000000000E-002   1.2000000000000000E-002   1.0017273311771056        0.0000000000000000        1.0017273311771056        1.0000000000000000        6.9400066739805622E-310
  0.62501073538111895        1.0151905994596612E-005  -4.5617415956300533E-004   1.0000000000000000E-002   1.2000000000000000E-002   1.0017315206639394        0.0000000000000000        1.0017315206639394        1.0000000000000000        6.9400066739805622E-310
  0.63501138827566939        1.0769156313091627E-005  -4.8391801215874608E-004   1.0000000000000000E-002   1.2000000000000000E-002   1.0017359820505243        0.0000000000000000        1.0017359820505243        1.0000000000000000        6.9400066739805622E-310
  0.64501199622559446        1.1343878391119726E-005  -5.0975217726900723E-004   1.0000000000000000E-002   1.2000000000000000E-002   1.0017406977364181        0.0000000000000000        1.0017406977364181        1.0000000000000000        6.9400066739805622E-310
  0.65501255683160009        1.1873804573957549E-005  -5.3357468011849818E-004   1.0000000000000000E-002   1.2000000000000000E-002   1.0017456491174987        0.0000000000000000        1.0017456491174987        1.0000000000000000        6.9400066739805622E-310
  0.66501306788124281        1.2356844463791159E-005  -5.5529150683941708E-004   1.0000000000000000E-002   1.2000000000000000E-002   1.0017508166592315        0.0000000000000000        1.0017508166592315        1.0000000000000000        6.9400066739805622E-310
  0.67501352735765852        1.2791093575468703E-005  -5.7481691758809461E-004   1.0000000000000000E-002   1.2000000000000000E-002   1.0017561799735666        0.0000000000000000        1.0017561799735666        1.0000000000000000        6.9400066739805622E-310
  0.68501393344752781        1.3174839644478274E-005  -5.9207393068305691E-004   1.0000000000000000E-002   1.2000000000000000E-002   1.0017617178997016        0.0000000000000000        1.0017617178997016        1.0000000000000000        6.9400066739805622E-310
  0.69501428454821912        1.3506570291853632E-005  -6.0699431466293419E-004   1.0000000000000000E-002   1.2000000000000000E-002   1.0017674085870765        0.0000000000000000        1.0017674085870765        1.0000000000000000        6.9400066739805622E-310
  0.70501457927412980        1.3784979421825279E-005  -6.1951925502956584E-004   1.0000000000000000E-002   1.2000000000000000E-002   1.0017732295814765        0.0000000000000000        1.0017732295814765        1.0000000000000000        6.9400066739805622E-310
  0.71501481646214282        1.4008970622091314E-005  -6.2959931385631052E-004   1.0000000000000000E-002   1.2000000000000000E-002   1.0017791579142132        0.0000000000000000        1.0017791579142132        1.0000000000000000        6.9400066739805622E-310
  0.72501499517621659        1.4177662973103391E-005  -6.3719463231493023E-004   1.0000000000000000E-002   1.2000000000000000E-002   1.0017851701919354        0.0000000000000000        1.0017851701919354        1.0000000000000000        6.9400066739805622E-310
  0.73501511471108782        1.4290394180732677E-005  -6.4227531416172212E-004   1.0000000000000000E-002   1.2000000000000000E-002   1.0017912426893953        0.0000000000000000        1.0017912426893953        1.0000000000000000        6.9400066739805622E-310
  0.74501517459504096        1.4346722741965171E-005  -6.4482121794995351E-004   1.0000000000000000E-002   1.2000000000000000E-002   1.0017973514429523        0.0000000000000000        1.0017973514429523        1.0000000000000000        6.9400066739805622E-310
  0.75501517459178114        1.4346429164660891E-005  -6.4482231746954000E-004   1.0000000000000000E-002   1.2000000000000000E-002   1.0018034723448515        0.0000000000000000        1.0018034723448515        1.0000000000000000        6.9400066739805622E-310
  0.76501511470135952        1.4289519088370368E-005  -6.4227858528997928E-004   1.0000000000000000E-002   1.2000000000000000E-002   1.0018095812386947        0.0000000000000000        1.0018095812386947        1.0000000000000000        6.9400066739805622E-310
  0.77501499516017569        1.4176219624067567E-005  -6.3720007319734151E-004   1.0000000000000000E-002   1.2000000000000000E-002   1.0018156540146907        0.0000000000000000        1.0018156540146907        1.0000000000000000        6.9400066739805622E-310
  0.78501481644004023        1.4006981738259480E-005  -6.2960678761037059E-004   1.0000000000000000E-002   1.2000000000000000E-002   1.0018216667048081        0.0000000000000000        1.0018216667048081        1.0000000000000000        6.9400066739805622E-310
  0.79501457924631469        1.3782476442941890E-005  -6.1952866379488825E-004   1.0000000000000000E-002   1.2000000000000000E-002   1.0018275955771370        0.0000000000000000        1.0018275955771370        1.0000000000000000        6.9400066739805622E-310
  0.80501428451513024        1.3503593072631554E-005  -6.0700551804337977E-004   1.0000000000000000E-002   1.2000000000000000E-002   1.0018334172299703        0.0000000000000000        1.0018334172299703        1.0000000000000000        6.9400066739805622E-310
  0.81501393340968553        1.3171434543237456E-005  -5.9208671901789245E-004   1.0000000000000000E-002   1.2000000000000000E-002   1.0018391086840961        0.0000000000000000        1.0018391086840961        1.0000000000000000        6.9400066739805622E-310
  0.82501352731566135        1.2787314590976822E-005  -5.7483112799960878E-004   1.0000000000000000E-002   1.2000000000000000E-002   1.0018446474732530        0.0000000000000000        1.0018446474732530        1.0000000000000000        6.9400066739805622E-310
  0.83501306783575191        1.2352751261171495E-005  -5.5530688367078085E-004   1.0000000000000000E-002   1.2000000000000000E-002   1.0018500117332905        0.0000000000000000        1.0018500117332905        1.0000000000000000        6.9400066739805622E-310
  0.84501255678333465        1.1869461608727473E-005  -5.3359102219818766E-004   1.0000000000000000E-002   1.2000000000000000E-002   1.0018551802885445        0.0000000000000000        1.0018551802885445        1.0000000000000000        6.9400066739805622E-310
  0.85501199617531320        1.1339354019746257E-005  -5.0976917154166301E-004   1.0000000000000000E-002   1.2000000000000000E-002   1.0018601327349128        0.0000000000000000        1.0018601327349128        1.0000000000000000        6.9400066739805622E-310
  0.86501138822416745        1.0764522146513844E-005  -4.8393544214864193E-004   1.0000000000000000E-002   1.2000000000000000E-002   1.0018648495210449        0.0000000000000000        1.0018648495210449        1.0000000000000000        6.9400066739805622E-310
  0.87501073532920681        1.0147235037279679E-005  -4.5619170495925232E-004   1.0000000000000000E-002   1.2000000000000000E-002   1.0018693120255044        0.0000000000000000        1.0018693120255044        1.0000000000000000        6.9400066739805622E-310
  0.88501004006711437        9.4899287610127419E-006  -4.2664751492882402E-004   1.0000000000000000E-002   1.2000000000000000E-002   1.0018735026301901        0.0000000000000000        1.0018735026301901        1.0000000000000000        6.9400066739805622E-310
  0.89500930518176725        8.7951977091260124E-006  -3.9541942006948716E-004   1.0000000000000000E-002   1.2000000000000000E-002   1.0018774047901668        0.0000000000000000        1.0018774047901668        1.0000000000000000        6.9400066739805622E-310
  0.90500853357341526        8.0657826459775416E-006  -3.6263067126540705E-004   1.0000000000000000E-002   1.2000000000000000E-002   1.0018810030987171        0.0000000000000000        1.0018810030987171        1.0000000000000000        6.9400066739805622E-310
  0.91500772828723420        7.3045612886146915E-006  -3.2841072340694666E-004   1.0000000000000000E-002   1.2000000000000000E-002   1.0018842833487664        0.0000000000000000        1.0018842833487664        1.0000000000000000        6.9400066739805622E-310
  0.92500689250130197        6.5145363078669964E-006  -2.9289457807468722E-004   1.0000000000000000E-002   1.2000000000000000E-002   1.0018872325887431        0.0000000000000000        1.0018872325887431        1.0000000000000000        6.9400066739805622E-310
  0.93500602951406353        5.6988238706811711E-006  -2.5622241748912700E-004   1.0000000000000000E-002   1.2000000000000000E-002   1.0018898391736086        0.0000000000000000        1.0018898391736086        1.0000000000000000        6.9400066739805622E-310
  0.94500514273131186        4.8606406349661405E-006  -2.1853900320145669E-004   1.0000000000000000E-002   1.2000000000000000E-002   1.0018920928112844        0.0000000000000000        1.0018920928112844        1.0000000000000000        6.9400066739805622E-310
  0.95500423565274495        4.0032924888030890E-006  -1.7999305179916547E-004   1.0000000000000000E-002   1.2000000000000000E-002   1.0018939846032373        0.0000000000000000        1.0018939846032373        1.0000000000000000        6.9400066739805622E-310
  0.96500331185815558        3.1301598536842168E-006  -1.4073668273972828E-004   1.0000000000000000E-002   1.2000000000000000E-002   1.0018955070794835        0.0000000000000000        1.0018955070794835        1.0000000000000000        6.9400066739805622E-310
  0.97500237499330633        2.2446856791553858E-006  -1.0092486386881205E-004   1.0000000000000000E-002   1.2000000000000000E-002   1.0018966542283489        0.0000000000000000        1.0018966542283489        1.0000000000000000        6.9400066739805622E-310
  0.98500142875553720        1.3503613158892327E-006  -6.0714685395701906E-005   1.0000000000000000E-002   1.2000000000000000E-002   1.0018974215200935        0.0000000000000000        1.0018974215200935        1.0000000000000000        6.9400066739805622E-310
  0.99500047687918092        4.5071276993581834E-007  -2.0264894075694428E-005   1.0000000000000000E-002   1.2000000000000000E-002   1.0018978059249013        0.0000000000000000        1.0018978059249013        1.0000000000000000        6.9400066739805622E-310
   1.0049995231208191       -4.5070684657695282E-007   2.0216485378199422E-005   1.0000000000000000E-002   1.2000000000000000E-002   1.0018978059249142        0.0000000000000000        1.0018978059249142        1.0000000000000000        6.9400066739805622E-310
   1.0149985712444625       -1.3503434532243434E-006   6.0569667346577205E-005   1.0000000000000000E-002   1.2000000000000000E-002   1.0018974215200942        0.0000000000000000        1.0018974215200942        1.0000000000000000        6.9400066739805622E-310
   1.0249976250066937       -2.2446561681121884E-006   1.0068378061323102E-004   1.0000000000000000E-002   1.2000000000000000E-002   1.0018966542283545        0.0000000000000000        1.0018966542283545        1.0000000000000000        6.9400066739805622E-310
   1.0349966881418440       -3.1301185783384720E-006   1.4040051377772755E-004   1.0000000000000000E-002   1.2000000000000000E-002   1.0018955070794924        0.0000000000000000        1.0018955070794924        1.0000000000000000        6.9400066739805622E-310
   1.0449957643472549       -4.0032397158191802E-006   1.7956309244482327E-004   1.0000000000000000E-002   1.2000000000000000E-002   1.0018939846032517        0.0000000000000000        1.0018939846032517        1.0000000000000000        6.9400066739805622E-310
  -4.9995231208190827E-003   4.5077085430619847E-007  -3.5767633061438002E+077   1.0000000000000000E-002   1.2000000000000000E-002   1.0018978059249013        0.0000000000000000        1.0018978059249013        1.0000000000000000        6.9400066739805622E-310
  -1.4998571244462799E-002   1.3505353487221775E-006   0.0000000000000000        1.0000000000000000E-002   1.2000000000000000E-002   1.0018974215200935        0.0000000000000000        1.0018974215200935        1.0000000000000000        6.9400066739805622E-310
  -2.4997625006693669E-002   2.2449749683570463E-006  -3.5767633061438002E+077   1.0000000000000000E-002   1.2000000000000000E-002   1.0018966542283489        0.0000000000000000        1.0018966542283489        1.0000000000000000        6.9400066739805622E-310
  -3.4996688141844423E-002   3.1305632624061109E-006   6.9400068546417920E-310   1.0000000000000000E-002   1.2000000000000000E-002   1.0018955070794835        0.0000000000000000        1.0018955070794835        1.0000000000000000        6.9400066739805622E-310
  -4.4995764347255052E-002   4.0038084377186809E-006   6.9400066883177543E-310   1.0000000000000000E-002   1.2000000000000000E-002   1.0018939846032373        0.0000000000000000        1.0018939846032373        1.0000000000000000        6.9400066739805622E-310
