 # x, v, a, m, h, rho, u, P, c, ke
   3.8520000000001144     
   4.9999891937026891E-003   3.1394712417360123E-006   4.5877597809607096E-007   1.0000000000000000E-002   1.2000000000000000E-002   1.0018026183137900        0.0000000000000000        1.0018026183137900        1.0000000000000000        6.9400066739805622E-310
   1.4999967623714097E-002   9.4060343046961799E-006   1.3745255564856507E-006   1.0000000000000000E-002   1.2000000000000000E-002   1.0018026096125265        0.0000000000000000        1.0018026096125265        1.0000000000000000        6.9400066739805622E-310
   2.4999946181383827E-002   1.5635504233564786E-005   2.2848440037748219E-006   1.0000000000000000E-002   1.2000000000000000E-002   1.0018025922443548        0.0000000000000000        1.0018025922443548        1.0000000000000000        6.9400066739805622E-310
   3.4999924951254820E-002   2.1803315224847270E-005   3.1862598577347967E-006   1.0000000000000000E-002   1.2000000000000000E-002   1.0018025662772903        0.0000000000000000        1.0018025662772903        1.0000000000000000        6.9400066739805622E-310
   4.4999904017047877E-002   2.7885143778670347E-005   4.0750450018833817E-006   1.0000000000000000E-002   1.2000000000000000E-002   1.0018025318135397        0.0000000000000000        1.0018025318135397        1.0000000000000000        6.9400066739805622E-310
   5.4999883461305479E-002   3.3857004799746766E-005   4.9478645447464942E-006   1.0000000000000000E-002   1.2000000000000000E-002   1.0018024889888337        0.0000000000000000        1.0018024889888337        1.0000000000000000        6.9400066739805622E-310
   6.4999863365091420E-002   3.9695345193533573E-005   5.8012165684573347E-006   1.0000000000000000E-002   1.2000000000000000E-002   1.0018024379713322        0.0000000000000000        1.0018024379713322        1.0000000000000000        6.9400066739805622E-310
   7.4999843807659228E-002   4.5377137420580763E-005   6.6317510682978309E-006   1.0000000000000000E-002   1.2000000000000000E-002   1.0018023789617589        0.0000000000000000        1.0018023789617589        1.0000000000000000        6.9400066739805622E-310
   8.4999824866144158E-002   5.0879971296228314E-005   7.4361905282316343E-006   1.0000000000000000E-002   1.2000000000000000E-002   1.0018023121922444        0.0000000000000000        1.0018023121922444        1.0000000000000000        6.9400066739805622E-310
   9.4999806615257781E-002   5.6182139491304573E-005   8.2113714645615232E-006   1.0000000000000000E-002   1.2000000000000000E-002   1.0018022379255180        0.0000000000000000        1.0018022379255180        1.0000000000000000        6.9400066739805622E-310
  0.10499978912699391        6.1262724521640854E-005   8.9542676482423644E-006   1.0000000000000000E-002   1.2000000000000000E-002   1.0018021564536810        0.0000000000000000        1.0018021564536810        1.0000000000000000        6.9400066739805622E-310
  0.11499977247034873        6.6101682320618337E-005   9.6619183320711954E-006   1.0000000000000000E-002   1.2000000000000000E-002   1.0018020680972544        0.0000000000000000        1.0018020680972544        1.0000000000000000        6.9400066739805622E-310
  0.12499975671104425        7.0679918764695744E-005   1.0331549710862475E-005   1.0000000000000000E-002   1.2000000000000000E-002   1.0018019732039793        0.0000000000000000        1.0018019732039793        1.0000000000000000        6.9400066739805622E-310
  0.13499974191127190        7.4979367123904873E-005   1.0960504050139264E-005   1.0000000000000000E-002   1.2000000000000000E-002   1.0018018721473483        0.0000000000000000        1.0018018721473483        1.0000000000000000        6.9400066739805622E-310
  0.14499972812944570        7.8983058681807134E-005   1.1546292681963166E-005   1.0000000000000000E-002   1.2000000000000000E-002   1.0018017653253251        0.0000000000000000        1.0018017653253251        1.0000000000000000        6.9400066739805622E-310
  0.15499971541996874        8.2675188124973394E-005   1.2086676258071805E-005   1.0000000000000000E-002   1.2000000000000000E-002   1.0018016531582765        0.0000000000000000        1.0018016531582765        1.0000000000000000        6.9400066739805622E-310
  0.16499970383303084        8.6041178983422469E-005   1.2579363607656546E-005   1.0000000000000000E-002   1.2000000000000000E-002   1.0018015360880781        0.0000000000000000        1.0018015360880781        1.0000000000000000        6.9400066739805622E-310
  0.17499969341438792        8.9067739054641846E-005   1.3022554540498277E-005   1.0000000000000000E-002   1.2000000000000000E-002   1.0018014145760485        0.0000000000000000        1.0018014145760485        1.0000000000000000        6.9400066739805622E-310
  0.18499968420520155        9.1742913777085876E-005   1.3414460377170201E-005   1.0000000000000000E-002   1.2000000000000000E-002   1.0018012891005010        0.0000000000000000        1.0018012891005010        1.0000000000000000        6.9400066739805622E-310
  0.19499967624187040        9.4056132638618969E-005   1.3753437667851642E-005   1.0000000000000000E-002   1.2000000000000000E-002   1.0018011601560832        0.0000000000000000        1.0018011601560832        1.0000000000000000        6.9400066739805622E-310
  0.20499966955587537        9.5998252592717113E-005   1.4038236022528849E-005   1.0000000000000000E-002   1.2000000000000000E-002   1.0018010282511269        0.0000000000000000        1.0018010282511269        1.0000000000000000        6.9400066739805622E-310
  0.21499966417366800        9.7561593912263699E-005   1.4267678204227252E-005   1.0000000000000000E-002   1.2000000000000000E-002   1.0018008939055212        0.0000000000000000        1.0018008939055212        1.0000000000000000        6.9400066739805622E-310
  0.22499966011655650        9.8739969214206333E-005   1.4440879711585808E-005   1.0000000000000000E-002   1.2000000000000000E-002   1.0018007576489345        0.0000000000000000        1.0018007576489345        1.0000000000000000        6.9400066739805622E-310
  0.23499965740062809        9.9528710396120754E-005   1.4557070055154497E-005   1.0000000000000000E-002   1.2000000000000000E-002   1.0018006200188743        0.0000000000000000        1.0018006200188743        1.0000000000000000        6.9400066739805622E-310
  0.24499965603667262        9.9924686408964201E-005   1.4615868085599004E-005   1.0000000000000000E-002   1.2000000000000000E-002   1.0018004815583350        0.0000000000000000        1.0018004815583350        1.0000000000000000        6.9400066739805622E-310
  0.25499965603015157        9.9926314725369537E-005   1.4616982709547699E-005   1.0000000000000000E-002   1.2000000000000000E-002   1.0018003428134676        0.0000000000000000        1.0018003428134676        1.0000000000000000        6.9400066739805622E-310
  0.26499965738116893        9.9533570129833884E-005   1.4560373175598329E-005   1.0000000000000000E-002   1.2000000000000000E-002   1.0018002043320502        0.0000000000000000        1.0018002043320502        1.0000000000000000        6.9400066739805622E-310
  0.27499966008446569        9.8747983327417046E-005   1.4446338377105405E-005   1.0000000000000000E-002   1.2000000000000000E-002   1.0018000666605822        0.0000000000000000        1.0018000666605822        1.0000000000000000        6.9400066739805622E-310
  0.28499966412945316        9.7572636040839958E-005   1.4275176398292899E-005   1.0000000000000000E-002   1.2000000000000000E-002   1.0017999303427538        0.0000000000000000        1.0017999303427538        1.0000000000000000        6.9400066739805622E-310
  0.29499966950023288        9.6012148948796915E-005   1.4047678202011582E-005   1.0000000000000000E-002   1.2000000000000000E-002   1.0017997959170852        0.0000000000000000        1.0017997959170852        1.0000000000000000        6.9400066739805622E-310
  0.30499967617567753        9.4072663685673127E-005   1.3764675897753875E-005   1.0000000000000000E-002   1.2000000000000000E-002   1.0017996639143814        0.0000000000000000        1.0017996639143814        1.0000000000000000        6.9400066739805622E-310
  0.31499968412950285        9.1761819111416462E-005   1.3427289809797571E-005   1.0000000000000000E-002   1.2000000000000000E-002   1.0017995348562005        0.0000000000000000        1.0017995348562005        1.0000000000000000        6.9400066739805622E-310
  0.32499969333037515        8.9088720392874462E-005   1.3036824142886871E-005   1.0000000000000000E-002   1.2000000000000000E-002   1.0017994092525873        0.0000000000000000        1.0017994092525873        1.0000000000000000        6.9400066739805622E-310
  0.33499970374202920        8.6063905526025954E-005   1.2594850868907770E-005   1.0000000000000000E-002   1.2000000000000000E-002   1.0017992875999129        0.0000000000000000        1.0017992875999129        1.0000000000000000        6.9400066739805622E-310
  0.34499971532341905        8.2699301262525304E-005   1.2103003210306440E-005   1.0000000000000000E-002   1.2000000000000000E-002   1.0017991703793472        0.0000000000000000        1.0017991703793472        1.0000000000000000        6.9400066739805622E-310
  0.35499972802886276        7.9008177884899884E-005   1.1563379320733702E-005   1.0000000000000000E-002   1.2000000000000000E-002   1.0017990580543705        0.0000000000000000        1.0017990580543705        1.0000000000000000        6.9400066739805622E-310
  0.36499974180824457        7.5005097005657688E-005   1.0978015262175234E-005   1.0000000000000000E-002   1.2000000000000000E-002   1.0017989510688214        0.0000000000000000        1.0017989510688214        1.0000000000000000        6.9400066739805622E-310
  0.37499975660719931        7.0705852903029420E-005   1.0349168291234889E-005   1.0000000000000000E-002   1.2000000000000000E-002   1.0017988498461667        0.0000000000000000        1.0017988498461667        1.0000000000000000        6.9400066739805622E-310
  0.38499977236732325        6.6127412155733112E-005   9.6793813764151082E-006   1.0000000000000000E-002   1.2000000000000000E-002   1.0017987547870730        0.0000000000000000        1.0017987547870730        1.0000000000000000        6.9400066739805622E-310
  0.39499978902641009        6.1287844319788426E-005   8.9713469453300831E-006   1.0000000000000000E-002   1.2000000000000000E-002   1.0017986662673788        0.0000000000000000        1.0017986662673788        1.0000000000000000        6.9400066739805622E-310
  0.40499980651870282        5.6206252344892354E-005   8.2277758624016428E-006   1.0000000000000000E-002   1.2000000000000000E-002   1.0017985846372899        0.0000000000000000        1.0017985846372899        1.0000000000000000        6.9400066739805622E-310
  0.41499982477514213        5.0902697808731596E-005   7.4516449828365694E-006   1.0000000000000000E-002   1.2000000000000000E-002   1.0017985102199971        0.0000000000000000        1.0017985102199971        1.0000000000000000        6.9400066739805622E-310
  0.42499984372364613        4.5398118893666588E-005   6.6460000285317733E-006   1.0000000000000000E-002   1.2000000000000000E-002   1.0017984433100871        0.0000000000000000        1.0017984433100871        1.0000000000000000        6.9400066739805622E-310
  0.43499986328939122        3.9714250419274617E-005   5.8140507572801425E-006   1.0000000000000000E-002   1.2000000000000000E-002   1.0017983841724998        0.0000000000000000        1.0017983841724998        1.0000000000000000        6.9400066739805622E-310
  0.44499988339511037        3.3873535816419539E-005   4.9591185762309919E-006   1.0000000000000000E-002   1.2000000000000000E-002   1.0017983330411551        0.0000000000000000        1.0017983330411551        1.0000000000000000        6.9400066739805622E-310
  0.45499990396140355        2.7899040173559454E-005   4.0845066830996757E-006   1.0000000000000000E-002   1.2000000000000000E-002   1.0017982901185407        0.0000000000000000        1.0017982901185407        1.0000000000000000        6.9400066739805622E-310
  0.46499992490704106        2.1814357540527799E-005   3.1937283031524544E-006   1.0000000000000000E-002   1.2000000000000000E-002   1.0017982555747731        0.0000000000000000        1.0017982555747731        1.0000000000000000        6.9400066739805622E-310
  0.47499994614929347        1.5643518246442030E-005   2.2902957566017790E-006   1.0000000000000000E-002   1.2000000000000000E-002   1.0017982295466379        0.0000000000000000        1.0017982295466379        1.0000000000000000        6.9400066739805622E-310
  0.48499996760425446        9.4108935465157601E-006   1.3778309542189504E-006   1.0000000000000000E-002   1.2000000000000000E-002   1.0017982121370661        0.0000000000000000        1.0017982121370661        1.0000000000000000        6.9400066739805622E-310
  0.49499998918718080        3.1411001170980646E-006   4.5988144314890178E-007   1.0000000000000000E-002   1.2000000000000000E-002   1.0017982034149679        0.0000000000000000        1.0017982034149679        1.0000000000000000        6.9400066739805622E-310
  0.50500001081281753       -3.1410998564990280E-006  -4.5986320351687482E-007   1.0000000000000000E-002   1.2000000000000000E-002   1.0017982034148858        0.0000000000000000        1.0017982034148858        1.0000000000000000        6.9400066739805622E-310
  0.51500003239574565       -9.4108936811707646E-006  -1.3778326843905120E-006   1.0000000000000000E-002   1.2000000000000000E-002   1.0017982121369144        0.0000000000000000        1.0017982121369144        1.0000000000000000        6.9400066739805622E-310
  0.52500005385070803       -1.5643518355142280E-005  -2.2903083465308782E-006   1.0000000000000000E-002   1.2000000000000000E-002   1.0017982295465493        0.0000000000000000        1.0017982295465493        1.0000000000000000        6.9400066739805622E-310
  0.53500007509296099       -2.1814357825954913E-005  -3.1937604010323639E-006   1.0000000000000000E-002   1.2000000000000000E-002   1.0017982555748772        0.0000000000000000        1.0017982555748772        1.0000000000000000        6.9400066739805622E-310
  0.54500009603859589       -2.7899040096172833E-005  -4.0845072781792169E-006   1.0000000000000000E-002   1.2000000000000000E-002   1.0017982901188018        0.0000000000000000        1.0017982901188018        1.0000000000000000        6.9400066739805622E-310
  0.55500011660488591       -3.3873535896369441E-005  -4.9590699262580529E-006   1.0000000000000000E-002   1.2000000000000000E-002   1.0017983330411970        0.0000000000000000        1.0017983330411970        1.0000000000000000        6.9400066739805622E-310
  0.56500013671060756       -3.9714250369604558E-005  -5.8140698708797345E-006   1.0000000000000000E-002   1.2000000000000000E-002   1.0017983841724030        0.0000000000000000        1.0017983841724030        1.0000000000000000        6.9400066739805622E-310
  0.57500015627635259       -4.5398118674749452E-005  -6.6460117107425276E-006   1.0000000000000000E-002   1.2000000000000000E-002   1.0017984433101412        0.0000000000000000        1.0017984433101412        1.0000000000000000        6.9400066739805622E-310
  0.58500017522485503       -5.0902697909311426E-005  -7.4516078152342402E-006   1.0000000000000000E-002   1.2000000000000000E-002   1.0017985102199209        0.0000000000000000        1.0017985102199209        1.0000000000000000        6.9400066739805622E-310
  0.59500019348129751       -5.6206252321888762E-005  -8.2277968198596341E-006   1.0000000000000000E-002   1.2000000000000000E-002   1.0017985846371440        0.0000000000000000        1.0017985846371440        1.0000000000000000        6.9400066739805622E-310
  0.60500021097359025       -6.1287844274999560E-005  -8.9713464825891265E-006   1.0000000000000000E-002   1.2000000000000000E-002   1.0017986662673368        0.0000000000000000        1.0017986662673368        1.0000000000000000        6.9400066739805622E-310
  0.61500022763267770       -6.6127411889195493E-005  -9.6793880288714718E-006   1.0000000000000000E-002   1.2000000000000000E-002   1.0017987547870424        0.0000000000000000        1.0017987547870424        1.0000000000000000        6.9400066739805622E-310
  0.62500024339280191       -7.0705853129730104E-005  -1.0349192456793332E-005   1.0000000000000000E-002   1.2000000000000000E-002   1.0017988498462826        0.0000000000000000        1.0017988498462826        1.0000000000000000        6.9400066739805622E-310
  0.63500025819175376       -7.5005096955500490E-005  -1.0977977911608150E-005   1.0000000000000000E-002   1.2000000000000000E-002   1.0017989510688863        0.0000000000000000        1.0017989510688863        1.0000000000000000        6.9400066739805622E-310
  0.64500027197113685       -7.9008178154063062E-005  -1.1563371552725243E-005   1.0000000000000000E-002   1.2000000000000000E-002   1.0017990580542153        0.0000000000000000        1.0017990580542153        1.0000000000000000        6.9400066739805622E-310
  0.65500028467658311       -8.2699301049190529E-005  -1.2103051516554331E-005   1.0000000000000000E-002   1.2000000000000000E-002   1.0017991703793916        0.0000000000000000        1.0017991703793916        1.0000000000000000        6.9400066739805622E-310
  0.66500029625796919       -8.6063905650103121E-005  -1.2594810018917713E-005   1.0000000000000000E-002   1.2000000000000000E-002   1.0017992875999808        0.0000000000000000        1.0017992875999808        1.0000000000000000        6.9400066739805622E-310
  0.67500030666962541       -8.9088720437399839E-005  -1.3036833814261684E-005   1.0000000000000000E-002   1.2000000000000000E-002   1.0017994092525140        0.0000000000000000        1.0017994092525140        1.0000000000000000        6.9400066739805622E-310
  0.68500031587049726       -9.1761818846927253E-005  -1.3427281473354924E-005   1.0000000000000000E-002   1.2000000000000000E-002   1.0017995348561390        0.0000000000000000        1.0017995348561390        1.0000000000000000        6.9400066739805622E-310
  0.69500032382432431       -9.4072663572977318E-005  -1.3764697988527530E-005   1.0000000000000000E-002   1.2000000000000000E-002   1.0017996639143840        0.0000000000000000        1.0017996639143840        1.0000000000000000        6.9400066739805622E-310
  0.70500033049976707       -9.6012149177253790E-005  -1.4047661187177596E-005   1.0000000000000000E-002   1.2000000000000000E-002   1.0017997959171014        0.0000000000000000        1.0017997959171014        1.0000000000000000        6.9400066739805622E-310
  0.71500033587054856       -9.7572636030893406E-005  -1.4275216434711524E-005   1.0000000000000000E-002   1.2000000000000000E-002   1.0017999303428806        0.0000000000000000        1.0017999303428806        1.0000000000000000        6.9400066739805622E-310
  0.72500033991553148       -9.8747983368957303E-005  -1.4446284938962606E-005   1.0000000000000000E-002   1.2000000000000000E-002   1.0018000666606499        0.0000000000000000        1.0018000666606499        1.0000000000000000        6.9400066739805622E-310
  0.73500034261883129       -9.9533570168879853E-005  -1.4560395617202460E-005   1.0000000000000000E-002   1.2000000000000000E-002   1.0018002043319651        0.0000000000000000        1.0018002043319651        1.0000000000000000        6.9400066739805622E-310
  0.74500034396984771       -9.9926314645002861E-005  -1.4616971848013804E-005   1.0000000000000000E-002   1.2000000000000000E-002   1.0018003428134581        0.0000000000000000        1.0018003428134581        1.0000000000000000        6.9400066739805622E-310
  0.75500034396332738       -9.9924686494406190E-005  -1.4615860682631876E-005   1.0000000000000000E-002   1.2000000000000000E-002   1.0018004815582180        0.0000000000000000        1.0018004815582180        1.0000000000000000        6.9400066739805622E-310
  0.76500034259937399       -9.9528710271059985E-005  -1.4557110362467540E-005   1.0000000000000000E-002   1.2000000000000000E-002   1.0018006200189176        0.0000000000000000        1.0018006200189176        1.0000000000000000        6.9400066739805622E-310
  0.77500033988344241       -9.8739969449819119E-005  -1.4440846015872921E-005   1.0000000000000000E-002   1.2000000000000000E-002   1.0018007576490096        0.0000000000000000        1.0018007576490096        1.0000000000000000        6.9400066739805622E-310
  0.78500033582633222       -9.7561593722730305E-005  -1.4267673701162664E-005   1.0000000000000000E-002   1.2000000000000000E-002   1.0018008939054155        0.0000000000000000        1.0018008939054155        1.0000000000000000        6.9400066739805622E-310
  0.79500033044412610       -9.5998252801951124E-005  -1.4038255427450963E-005   1.0000000000000000E-002   1.2000000000000000E-002   1.0018010282510996        0.0000000000000000        1.0018010282510996        1.0000000000000000        6.9400066739805622E-310
  0.80500032375813035       -9.4056132550591375E-005  -1.3753439626285058E-005   1.0000000000000000E-002   1.2000000000000000E-002   1.0018011601561427        0.0000000000000000        1.0018011601561427        1.0000000000000000        6.9400066739805622E-310
  0.81500031579479859       -9.1742913575317559E-005  -1.3414452990190284E-005   1.0000000000000000E-002   1.2000000000000000E-002   1.0018012891005421        0.0000000000000000        1.0018012891005421        1.0000000000000000        6.9400066739805622E-310
  0.82500030658561185       -8.9067739069841371E-005  -1.3022538756679580E-005   1.0000000000000000E-002   1.2000000000000000E-002   1.0018014145759819        0.0000000000000000        1.0018014145759819        1.0000000000000000        6.9400066739805622E-310
  0.83500029616697091       -8.6041179333800778E-005  -1.2579392607570128E-005   1.0000000000000000E-002   1.2000000000000000E-002   1.0018015360880723        0.0000000000000000        1.0018015360880723        1.0000000000000000        6.9400066739805622E-310
  0.84500028458003118       -8.2675187871291377E-005  -1.2086662839472240E-005   1.0000000000000000E-002   1.2000000000000000E-002   1.0018016531583449        0.0000000000000000        1.0018016531583449        1.0000000000000000        6.9400066739805622E-310
  0.85500027187055438       -7.8983058538549793E-005  -1.1546287521646548E-005   1.0000000000000000E-002   1.2000000000000000E-002   1.0018017653252975        0.0000000000000000        1.0018017653252975        1.0000000000000000        6.9400066739805622E-310
  0.86500025808872882       -7.4979367262048276E-005  -1.0960514382318820E-005   1.0000000000000000E-002   1.2000000000000000E-002   1.0018018721473543        0.0000000000000000        1.0018018721473543        1.0000000000000000        6.9400066739805622E-310
  0.87500024328895554       -7.0679918650834892E-005  -1.0331527612983393E-005   1.0000000000000000E-002   1.2000000000000000E-002   1.0018019732039303        0.0000000000000000        1.0018019732039303        1.0000000000000000        6.9400066739805622E-310
  0.88500022752965291       -6.6101682396652419E-005  -9.6619241292117408E-006   1.0000000000000000E-002   1.2000000000000000E-002   1.0018020680971294        0.0000000000000000        1.0018020680971294        1.0000000000000000        6.9400066739805622E-310
  0.89500021087300863       -6.1262724402275968E-005  -8.9542826611221926E-006   1.0000000000000000E-002   1.2000000000000000E-002   1.0018021564536548        0.0000000000000000        1.0018021564536548        1.0000000000000000        6.9400066739805622E-310
  0.90500019338474436       -5.6182139511304478E-005  -8.2113793009597202E-006   1.0000000000000000E-002   1.2000000000000000E-002   1.0018022379255933        0.0000000000000000        1.0018022379255933        1.0000000000000000        6.9400066739805622E-310
  0.91500017513385679       -5.0879971390144814E-005  -7.4361898505515001E-006   1.0000000000000000E-002   1.2000000000000000E-002   1.0018023121923472        0.0000000000000000        1.0018023121923472        1.0000000000000000        6.9400066739805622E-310
  0.92500015619234088       -4.5377137559387169E-005  -6.6317503080171036E-006   1.0000000000000000E-002   1.2000000000000000E-002   1.0018023789618642        0.0000000000000000        1.0018023789618642        1.0000000000000000        6.9400066739805622E-310
  0.93500013663490722       -3.9695345091755822E-005  -5.8011887711373333E-006   1.0000000000000000E-002   1.2000000000000000E-002   1.0018024379713071        0.0000000000000000        1.0018024379713071        1.0000000000000000        6.9400066739805622E-310
  0.94500011653869531       -3.3857004674369518E-005  -4.9478912957923171E-006   1.0000000000000000E-002   1.2000000000000000E-002   1.0018024889887935        0.0000000000000000        1.0018024889887935        1.0000000000000000        6.9400066739805622E-310
  0.95500009598295188       -2.7885143946810941E-005  -4.0750479772810877E-006   1.0000000000000000E-002   1.2000000000000000E-002   1.0018025318136479        0.0000000000000000        1.0018025318136479        1.0000000000000000        6.9400066739805622E-310
  0.96500007504874319       -2.1803315155560948E-005  -3.1862149825201413E-006   1.0000000000000000E-002   1.2000000000000000E-002   1.0018025662771943        0.0000000000000000        1.0018025662771943        1.0000000000000000        6.9400066739805622E-310
  0.97500005381861810       -1.5635504182720078E-005  -2.2848751024540093E-006   1.0000000000000000E-002   1.2000000000000000E-002   1.0018025922442026        0.0000000000000000        1.0018025922442026        1.0000000000000000        6.9400066739805622E-310
  0.98500003237628719       -9.4060340512072624E-006  -1.3745202629422693E-006   1.0000000000000000E-002   1.2000000000000000E-002   1.0018026096124979        0.0000000000000000        1.0018026096124979        1.0000000000000000        6.9400066739805622E-310
  0.99500001080629952       -3.1394715499939756E-006  -4.5878248045028158E-007   1.0000000000000000E-002   1.2000000000000000E-002   1.0018026183137523        0.0000000000000000        1.0018026183137523        1.0000000000000000        6.9400066739805622E-310
   1.0049999891937027        3.1394714682321675E-006   7.7863573277880960E-007   1.0000000000000000E-002   1.2000000000000000E-002   1.0018026183137900        0.0000000000000000        1.0018026183137900        1.0000000000000000        6.9400066739805622E-310
   1.0149999676237140        9.4060349883391889E-006   2.3328962992508195E-006   1.0000000000000000E-002   1.2000000000000000E-002   1.0018026096125265        0.0000000000000000        1.0018026096125265        1.0000000000000000        6.9400066739805622E-310
   1.0249999461813839        1.5635505363062346E-005   3.8779290658652599E-006   1.0000000000000000E-002   1.2000000000000000E-002   1.0018025922443548        0.0000000000000000        1.0018025922443548        1.0000000000000000        6.9400066739805622E-310
   1.0349999249512549        2.1803316808736557E-005   5.4077844175992595E-006   1.0000000000000000E-002   1.2000000000000000E-002   1.0018025662772903        0.0000000000000000        1.0018025662772903        1.0000000000000000        6.9400066739805622E-310
   1.0449999040170479        2.7885145795710748E-005   6.9162774076758637E-006   1.0000000000000000E-002   1.2000000000000000E-002   1.0018025318135397        0.0000000000000000        1.0018025318135397        1.0000000000000000        6.9400066739805622E-310
  -4.9999891937004826E-003  -3.1398553958919755E-006  -3.5767633061438002E+077   1.0000000000000000E-002   1.2000000000000000E-002   1.0018026183137523        0.0000000000000000        1.0018026183137523        1.0000000000000000        6.9400066739805622E-310
  -1.4999967623712807E-002  -9.4071840798310595E-006   0.0000000000000000        1.0000000000000000E-002   1.2000000000000000E-002   1.0018026096124979        0.0000000000000000        1.0018026096124979        1.0000000000000000        6.9400066739805622E-310
  -2.4999946181381905E-002  -1.5637415881673882E-005  -3.5767633061438002E+077   1.0000000000000000E-002   1.2000000000000000E-002   1.0018025922442026        0.0000000000000000        1.0018025922442026        1.0000000000000000        6.9400066739805622E-310
  -3.4999924951256811E-002  -2.1805980986339472E-005   6.9400068546417920E-310   1.0000000000000000E-002   1.2000000000000000E-002   1.0018025662771943        0.0000000000000000        1.0018025662771943        1.0000000000000000        6.9400066739805622E-310
  -4.4999904017048120E-002  -2.7888553437645668E-005   6.9400066883177543E-310   1.0000000000000000E-002   1.2000000000000000E-002   1.0018025318136479        0.0000000000000000        1.0018025318136479        1.0000000000000000        6.9400066739805622E-310
