 # x, v, a, m, h, rho, u, P, c, ke
   2.6520000000000246     
   4.9995181545764954E-003   2.8897761864563924E-008   2.0475462652491672E-005   1.0000000000000000E-002   1.2000000000000000E-002   1.0018988202987262        0.0000000000000000        1.0018988202987262        1.0000000000000000        6.9400066739805622E-310
   1.4998556365291802E-002   8.6572627138484104E-008   6.1345523702627247E-005   1.0000000000000000E-002   1.2000000000000000E-002   1.0018984318991611        0.0000000000000000        1.0018984318991611        1.0000000000000000        6.9400066739805622E-310
   2.4997600273178575E-002   1.4388597354334403E-007   1.0197347289064851E-004   1.0000000000000000E-002   1.2000000000000000E-002   1.0018976566339202        0.0000000000000000        1.0018976566339202        1.0000000000000000        6.9400066739805622E-310
   3.4996653651364659E-002   2.0059901475653929E-007   1.4219906554036044E-004   1.0000000000000000E-002   1.2000000000000000E-002   1.0018964975636704        0.0000000000000000        1.0018964975636704        1.0000000000000000        6.9400066739805622E-310
   4.4995720235618562E-002   2.5647540038285701E-007   1.8186339776615768E-004   1.0000000000000000E-002   1.2000000000000000E-002   1.0018949592647708        0.0000000000000000        1.0018949592647708        1.0000000000000000        6.9400066739805622E-310
   5.4994803709587183E-002   3.1128314479992827E-007   2.2081002442586595E-004   1.0000000000000000E-002   1.2000000000000000E-002   1.0018930478111423        0.0000000000000000        1.0018930478111423        1.0000000000000000        6.9400066739805622E-310
   6.4993907690274105E-002   3.6479550212976643E-007   2.5888523367711969E-004   1.0000000000000000E-002   1.2000000000000000E-002   1.0018907707495788        0.0000000000000000        1.0018907707495788        1.0000000000000000        6.9400066739805622E-310
   7.4993035713762202E-002   4.1679070480958787E-007   2.9593877294420423E-004   1.0000000000000000E-002   1.2000000000000000E-002   1.0018881370703341        0.0000000000000000        1.0018881370703341        1.0000000000000000        6.9400066739805622E-310
   8.4992191221262697E-002   4.6705627493086045E-007   3.3182437390966157E-004   1.0000000000000000E-002   1.2000000000000000E-002   1.0018851571716227        0.0000000000000000        1.0018851571716227        1.0000000000000000        6.9400066739805622E-310
   9.4991377545531816E-002   5.1538613791911235E-007   3.6640039874757946E-004   1.0000000000000000E-002   1.2000000000000000E-002   1.0018818428187024        0.0000000000000000        1.0018818428187024        1.0000000000000000        6.9400066739805622E-310
  0.10499059789771613        5.6158380547537666E-007   3.9953047947172138E-004   1.0000000000000000E-002   1.2000000000000000E-002   1.0018782070967667        0.0000000000000000        1.0018782070967667        1.0000000000000000        6.9400066739805622E-310
  0.11498985535469156        6.0546303541122075E-007   4.3108381198120327E-004   1.0000000000000000E-002   1.2000000000000000E-002   1.0018742643594292        0.0000000000000000        1.0018742643594292        1.0000000000000000        6.9400066739805622E-310
  0.12498915284691300        6.4684809449839436E-007   4.6093585460837971E-004   1.0000000000000000E-002   1.2000000000000000E-002   1.0018700301724532        0.0000000000000000        1.0018700301724532        1.0000000000000000        6.9400066739805622E-310
  0.13498849314684994        6.8557495062449105E-007   4.8896878605564353E-004   1.0000000000000000E-002   1.2000000000000000E-002   1.0018655212519985        0.0000000000000000        1.0018655212519985        1.0000000000000000        6.9400066739805622E-310
  0.14498787885804279        7.2149151813830686E-007   5.1507202487677262E-004   1.0000000000000000E-002   1.2000000000000000E-002   1.0018607553983072        0.0000000000000000        1.0018607553983072        1.0000000000000000        6.9400066739805622E-310
  0.15498731240483321        7.5445853502462470E-007   5.3914255899556451E-004   1.0000000000000000E-002   1.2000000000000000E-002   1.0018557514252451        0.0000000000000000        1.0018557514252451        1.0000000000000000        6.9400066739805622E-310
  0.16498679602279770        7.8434984248968543E-007   5.6108530519960453E-004   1.0000000000000000E-002   1.2000000000000000E-002   1.0018505290866317        0.0000000000000000        1.0018505290866317        1.0000000000000000        6.9400066739805622E-310
  0.17498633174991310        8.1105325203398126E-007   5.8081373911544887E-004   1.0000000000000000E-002   1.2000000000000000E-002   1.0018451089978795        0.0000000000000000        1.0018451089978795        1.0000000000000000        6.9400066739805622E-310
  0.18498592141852233        8.3447043218346513E-007   5.9825001080593410E-004   1.0000000000000000E-002   1.2000000000000000E-002   1.0018395125540831        0.0000000000000000        1.0018395125540831        1.0000000000000000        6.9400066739805622E-310
  0.19498556664810243        8.5451727758269188E-007   6.1332524274337885E-004   1.0000000000000000E-002   1.2000000000000000E-002   1.0018337618461823        0.0000000000000000        1.0018337618461823        1.0000000000000000        6.9400066739805622E-310
  0.20498526883886456        8.7112434100145849E-007   6.2597997105307002E-004   1.0000000000000000E-002   1.2000000000000000E-002   1.0018278795735687        0.0000000000000000        1.0018278795735687        1.0000000000000000        6.9400066739805622E-310
  0.21498502916623127        8.8423711112431721E-007   6.3616425908286089E-004   1.0000000000000000E-002   1.2000000000000000E-002   1.0018218889541364        0.0000000000000000        1.0018218889541364        1.0000000000000000        6.9400066739805622E-310
  0.22498484857619552        8.9381505410813233E-007   6.4383791591193784E-004   1.0000000000000000E-002   1.2000000000000000E-002   1.0018158136327349        0.0000000000000000        1.0018158136327349        1.0000000000000000        6.9400066739805622E-310
  0.23498472778158694        8.9983253436870435E-007   6.4897061864765959E-004   1.0000000000000000E-002   1.2000000000000000E-002   1.0018096775879959        0.0000000000000000        1.0018096775879959        1.0000000000000000        6.9400066739805622E-310
  0.24498466725925200        9.0227920723115517E-007   6.5154214723062154E-004   1.0000000000000000E-002   1.2000000000000000E-002   1.0018035050375467        0.0000000000000000        1.0018035050375467        1.0000000000000000        6.9400066739805622E-310
  0.25498466724817409        9.0115831152309824E-007   6.5154236627051887E-004   1.0000000000000000E-002   1.2000000000000000E-002   1.0017973203421078        0.0000000000000000        1.0017973203421078        1.0000000000000000        6.9400066739805622E-310
  0.26498472774853199        8.9648760522649613E-007   6.4897117699214135E-004   1.0000000000000000E-002   1.2000000000000000E-002   1.0017911479100374        0.0000000000000000        1.0017911479100374        1.0000000000000000        6.9400066739805622E-310
  0.27498484852168292        8.8829820053768928E-007   6.4383885615093561E-004   1.0000000000000000E-002   1.2000000000000000E-002   1.0017850121004162        0.0000000000000000        1.0017850121004162        1.0000000000000000        6.9400066739805622E-310
  0.28498502909112111        8.7663571689925630E-007   6.3616556153345272E-004   1.0000000000000000E-002   1.2000000000000000E-002   1.0017789371269059        0.0000000000000000        1.0017789371269059        1.0000000000000000        6.9400066739805622E-310
  0.29498526874434272        8.6155845591168327E-007   6.2598158240501078E-004   1.0000000000000000E-002   1.2000000000000000E-002   1.0017729469628687        0.0000000000000000        1.0017729469628687        1.0000000000000000        6.9400066739805622E-310
  0.30498556653565739        8.4313762558776212E-007   6.1332718633888561E-004   1.0000000000000000E-002   1.2000000000000000E-002   1.0017670652458663        0.0000000000000000        1.0017670652458663        1.0000000000000000        6.9400066739805622E-310
  0.31498592128992919        8.2145633899150988E-007   5.9825220756248854E-004   1.0000000000000000E-002   1.2000000000000000E-002   1.0017613151850469        0.0000000000000000        1.0017613151850469        1.0000000000000000        6.9400066739805622E-310
  0.32498633160719737        7.9661014887151939E-007   5.8081621564554098E-004   1.0000000000000000E-002   1.2000000000000000E-002   1.0017557194695434        0.0000000000000000        1.0017557194695434        1.0000000000000000        6.9400066739805622E-310
  0.33498679586821273        7.6870541087613370E-007   5.6108795950837731E-004   1.0000000000000000E-002   1.2000000000000000E-002   1.0017503001787877        0.0000000000000000        1.0017503001787877        1.0000000000000000        6.9400066739805622E-310
  0.34498731224081641        7.3785958887779454E-007   5.3914535262578056E-004   1.0000000000000000E-002   1.2000000000000000E-002   1.0017450786956001        0.0000000000000000        1.0017450786956001        1.0000000000000000        6.9400066739805622E-310
  0.35498787868717735        7.0419975664992863E-007   5.1507499156588921E-004   1.0000000000000000E-002   1.2000000000000000E-002   1.0017400756215042        0.0000000000000000        1.0017400756215042        1.0000000000000000        6.9400066739805622E-310
  0.36498849297183378        6.6786324925608716E-007   4.8897180573703736E-004   1.0000000000000000E-002   1.2000000000000000E-002   1.0017353106961302        0.0000000000000000        1.0017353106961302        1.0000000000000000        6.9400066739805622E-310
  0.37498915267050670        6.2899540925605542E-007   4.6093887911080600E-004   1.0000000000000000E-002   1.2000000000000000E-002   1.0017308027190519        0.0000000000000000        1.0017308027190519        1.0000000000000000        6.9400066739805622E-310
  0.38498985517967588        5.8775106573464412E-007   4.3108682536185938E-004   1.0000000000000000E-002   1.2000000000000000E-002   1.0017265694754676        0.0000000000000000        1.0017265694754676        1.0000000000000000        6.9400066739805622E-310
  0.39499059772685163        5.4429215710087035E-007   3.9953341869036763E-004   1.0000000000000000E-002   1.2000000000000000E-002   1.0017226276666031        0.0000000000000000        1.0017226276666031        1.0000000000000000        6.9400066739805622E-310
  0.40499137738151281        4.9878703625348327E-007   3.6640322715708606E-004   1.0000000000000000E-002   1.2000000000000000E-002   1.0017189928436059        0.0000000000000000        1.0017189928436059        1.0000000000000000        6.9400066739805622E-310
  0.41499219106667651        4.5141182114595265E-007   3.3182703587275597E-004   1.0000000000000000E-002   1.2000000000000000E-002   1.0017156793459119        0.0000000000000000        1.0017156793459119        1.0000000000000000        6.9400066739805622E-310
  0.42499303557104690        4.0234781927347245E-007   2.9594121672449347E-004   1.0000000000000000E-002   1.2000000000000000E-002   1.0017127002453157        0.0000000000000000        1.0017127002453157        1.0000000000000000        6.9400066739805622E-310
  0.43499390756167949        3.5178131546474257E-007   2.5888743489943522E-004   1.0000000000000000E-002   1.2000000000000000E-002   1.0017100672944861        0.0000000000000000        1.0017100672944861        1.0000000000000000        6.9400066739805622E-310
  0.44499480359713944        2.9990352140377890E-007   2.2081200060419803E-004   1.0000000000000000E-002   1.2000000000000000E-002   1.0017077908798417        0.0000000000000000        1.0017077908798417        1.0000000000000000        6.9400066739805622E-310
  0.45499572014109568        2.4690951884737396E-007   1.8186501840222746E-004   1.0000000000000000E-002   1.2000000000000000E-002   1.0017058799816285        0.0000000000000000        1.0017058799816285        1.0000000000000000        6.9400066739805622E-310
  0.46499665357625686        1.9299785495789714E-007   1.4220031669687216E-004   1.0000000000000000E-002   1.2000000000000000E-002   1.0017043421383187        0.0000000000000000        1.0017043421383187        1.0000000000000000        6.9400066739805622E-310
  0.47499760021866527        1.3836899858538035E-007   1.0197444681736556E-004   1.0000000000000000E-002   1.2000000000000000E-002   1.0017031834160457        0.0000000000000000        1.0017031834160457        1.0000000000000000        6.9400066739805622E-310
  0.48499855633223760        8.3227367553420255E-008   6.1346083099600435E-005   1.0000000000000000E-002   1.2000000000000000E-002   1.0017024083857473        0.0000000000000000        1.0017024083857473        1.0000000000000000        6.9400066739805622E-310
  0.49499951814350091        2.7776806804583119E-008   2.0475641900219443E-005   1.0000000000000000E-002   1.2000000000000000E-002   1.0017020201047544        0.0000000000000000        1.0017020201047544        1.0000000000000000        6.9400066739805622E-310
  0.50500048185649871       -2.7776827122171230E-008  -2.0475644358697309E-005   1.0000000000000000E-002   1.2000000000000000E-002   1.0017020201047644        0.0000000000000000        1.0017020201047644        1.0000000000000000        6.9400066739805622E-310
  0.51500144366776168       -8.3227080457229054E-008  -6.1346068064516146E-005   1.0000000000000000E-002   1.2000000000000000E-002   1.0017024083857020        0.0000000000000000        1.0017024083857020        1.0000000000000000        6.9400066739805622E-310
  0.52500239978133512       -1.3836938181056849E-007  -1.0197443780768367E-004   1.0000000000000000E-002   1.2000000000000000E-002   1.0017031834158945        0.0000000000000000        1.0017031834158945        1.0000000000000000        6.9400066739805622E-310
  0.53500334642374570       -1.9299783106126967E-007  -1.4220034624656819E-004   1.0000000000000000E-002   1.2000000000000000E-002   1.0017043421382523        0.0000000000000000        1.0017043421382523        1.0000000000000000        6.9400066739805622E-310
  0.54500427985890632       -2.4690943808210571E-007  -1.8186504185901953E-004   1.0000000000000000E-002   1.2000000000000000E-002   1.0017058799818088        0.0000000000000000        1.0017058799818088        1.0000000000000000        6.9400066739805622E-310
  0.55500519640285895       -2.9990352813111844E-007  -2.2081195424838995E-004   1.0000000000000000E-002   1.2000000000000000E-002   1.0017077908799139        0.0000000000000000        1.0017077908799139        1.0000000000000000        6.9400066739805622E-310
  0.56500609243832101       -3.5178126119468694E-007  -2.5888744481328274E-004   1.0000000000000000E-002   1.2000000000000000E-002   1.0017100672943902        0.0000000000000000        1.0017100672943902        1.0000000000000000        6.9400066739805622E-310
  0.57500696442895383       -4.0234777201963091E-007  -2.9594121957021713E-004   1.0000000000000000E-002   1.2000000000000000E-002   1.0017127002452961        0.0000000000000000        1.0017127002452961        1.0000000000000000        6.9400066739805622E-310
  0.58500780893332405       -4.5141203359366909E-007  -3.3182702282630316E-004   1.0000000000000000E-002   1.2000000000000000E-002   1.0017156793458277        0.0000000000000000        1.0017156793458277        1.0000000000000000        6.9400066739805622E-310
  0.59500862261848997       -4.9878697204555868E-007  -3.6640327207937418E-004   1.0000000000000000E-002   1.2000000000000000E-002   1.0017189928436707        0.0000000000000000        1.0017189928436707        1.0000000000000000        6.9400066739805622E-310
  0.60500940227314759       -5.4429202445269622E-007  -3.9953339493070672E-004   1.0000000000000000E-002   1.2000000000000000E-002   1.0017226276667692        0.0000000000000000        1.0017226276667692        1.0000000000000000        6.9400066739805622E-310
  0.61501014482032312       -5.8775124844835527E-007  -4.3108681166081908E-004   1.0000000000000000E-002   1.2000000000000000E-002   1.0017265694754516        0.0000000000000000        1.0017265694754516        1.0000000000000000        6.9400066739805622E-310
  0.62501084732949319       -6.2899541753416251E-007  -4.6093888903619984E-004   1.0000000000000000E-002   1.2000000000000000E-002   1.0017308027190324        0.0000000000000000        1.0017308027190324        1.0000000000000000        6.9400066739805622E-310
  0.63501150702816556       -6.6786313862475477E-007  -4.8897179363738275E-004   1.0000000000000000E-002   1.2000000000000000E-002   1.0017353106960929        0.0000000000000000        1.0017353106960929        1.0000000000000000        6.9400066739805622E-310
  0.64501212131282326       -7.0419967930941094E-007  -5.1507499684966263E-004   1.0000000000000000E-002   1.2000000000000000E-002   1.0017400756214403        0.0000000000000000        1.0017400756214403        1.0000000000000000        6.9400066739805622E-310
  0.65501268775918420       -7.3785948575158764E-007  -5.3914534922672175E-004   1.0000000000000000E-002   1.2000000000000000E-002   1.0017450786955386        0.0000000000000000        1.0017450786955386        1.0000000000000000        6.9400066739805622E-310
  0.66501320413178933       -7.6870561694894180E-007  -5.6108799045695434E-004   1.0000000000000000E-002   1.2000000000000000E-002   1.0017503001788570        0.0000000000000000        1.0017503001788570        1.0000000000000000        6.9400066739805622E-310
  0.67501366839280164       -7.9661016534998390E-007  -5.8081618421113035E-004   1.0000000000000000E-002   1.2000000000000000E-002   1.0017557194696045        0.0000000000000000        1.0017557194696045        1.0000000000000000        6.9400066739805622E-310
  0.68501407871007158       -8.2145637235364199E-007  -5.9825222462350780E-004   1.0000000000000000E-002   1.2000000000000000E-002   1.0017613151850462        0.0000000000000000        1.0017613151850462        1.0000000000000000        6.9400066739805622E-310
  0.69501443346434166       -8.4313754960584928E-007  -6.1332715985251696E-004   1.0000000000000000E-002   1.2000000000000000E-002   1.0017670652458284        0.0000000000000000        1.0017670652458284        1.0000000000000000        6.9400066739805622E-310
  0.70501473125565883       -8.6155858436325383E-007  -6.2598161039240097E-004   1.0000000000000000E-002   1.2000000000000000E-002   1.0017729469628263        0.0000000000000000        1.0017729469628263        1.0000000000000000        6.9400066739805622E-310
  0.71501497090887900       -8.7663561557745012E-007  -6.3616555369616634E-004   1.0000000000000000E-002   1.2000000000000000E-002   1.0017789371269696        0.0000000000000000        1.0017789371269696        1.0000000000000000        6.9400066739805622E-310
  0.72501515147831697       -8.8829823796076352E-007  -6.4383884438168337E-004   1.0000000000000000E-002   1.2000000000000000E-002   1.0017850121003715        0.0000000000000000        1.0017850121003715        1.0000000000000000        6.9400066739805622E-310
  0.73501527225146934       -8.9648732395261071E-007  -6.4897119882623144E-004   1.0000000000000000E-002   1.2000000000000000E-002   1.0017911479100563        0.0000000000000000        1.0017911479100563        1.0000000000000000        6.9400066739805622E-310
  0.74501533275182519       -9.0115846310426757E-007  -6.5154233487341173E-004   1.0000000000000000E-002   1.2000000000000000E-002   1.0017973203420762        0.0000000000000000        1.0017973203420762        1.0000000000000000        6.9400066739805622E-310
  0.75501533274075006       -9.0227926695846308E-007  -6.5154218059948477E-004   1.0000000000000000E-002   1.2000000000000000E-002   1.0018035050375209        0.0000000000000000        1.0018035050375209        1.0000000000000000        6.9400066739805622E-310
  0.76501527221841303       -8.9983272770289819E-007  -6.4897060528590345E-004   1.0000000000000000E-002   1.2000000000000000E-002   1.0018096775880698        0.0000000000000000        1.0018096775880698        1.0000000000000000        6.9400066739805622E-310
  0.77501515142380473       -8.9381494913789213E-007  -6.4383791204836172E-004   1.0000000000000000E-002   1.2000000000000000E-002   1.0018158136327224        0.0000000000000000        1.0018158136327224        1.0000000000000000        6.9400066739805622E-310
  0.78501497083376914       -8.8423716465714274E-007  -6.3616426524593095E-004   1.0000000000000000E-002   1.2000000000000000E-002   1.0018218889541388        0.0000000000000000        1.0018218889541388        1.0000000000000000        6.9400066739805622E-310
  0.79501473116113575       -8.7112441365899899E-007  -6.2597998186841863E-004   1.0000000000000000E-002   1.2000000000000000E-002   1.0018278795736464        0.0000000000000000        1.0018278795736464        1.0000000000000000        6.9400066739805622E-310
  0.80501443335189626       -8.5451730615192163E-007  -6.1332522321411176E-004   1.0000000000000000E-002   1.2000000000000000E-002   1.0018337618462207        0.0000000000000000        1.0018337618462207        1.0000000000000000        6.9400066739805622E-310
  0.81501407858147712       -8.3447015547129629E-007  -5.9825000821867036E-004   1.0000000000000000E-002   1.2000000000000000E-002   1.0018395125540205        0.0000000000000000        1.0018395125540205        1.0000000000000000        6.9400066739805622E-310
  0.82501366825008704       -8.1105326297142389E-007  -5.8081374607166225E-004   1.0000000000000000E-002   1.2000000000000000E-002   1.0018451089978393        0.0000000000000000        1.0018451089978393        1.0000000000000000        6.9400066739805622E-310
  0.83501320397720258       -7.8434985573471030E-007  -5.6108531126586314E-004   1.0000000000000000E-002   1.2000000000000000E-002   1.0018505290866455        0.0000000000000000        1.0018505290866455        1.0000000000000000        6.9400066739805622E-310
  0.84501268759516657       -7.5445855760183073E-007  -5.3914255156861657E-004   1.0000000000000000E-002   1.2000000000000000E-002   1.0018557514252560        0.0000000000000000        1.0018557514252560        1.0000000000000000        6.9400066739805622E-310
  0.85501212114195713       -7.2149165289339233E-007  -5.1507201408274028E-004   1.0000000000000000E-002   1.2000000000000000E-002   1.0018607553982359        0.0000000000000000        1.0018607553982359        1.0000000000000000        6.9400066739805622E-310
  0.86501150685315142       -6.8557488983705640E-007  -4.8896880328452852E-004   1.0000000000000000E-002   1.2000000000000000E-002   1.0018655212519529        0.0000000000000000        1.0018655212519529        1.0000000000000000        6.9400066739805622E-310
  0.87501084715308797       -6.4684822318075367E-007  -4.6093586141537912E-004   1.0000000000000000E-002   1.2000000000000000E-002   1.0018700301725201        0.0000000000000000        1.0018700301725201        1.0000000000000000        6.9400066739805622E-310
  0.88501014464530814       -6.0546289163401922E-007  -4.3108378670275727E-004   1.0000000000000000E-002   1.2000000000000000E-002   1.0018742643594112        0.0000000000000000        1.0018742643594112        1.0000000000000000        6.9400066739805622E-310
  0.89500940210228519       -5.6158375310339423E-007  -3.9953048439134164E-004   1.0000000000000000E-002   1.2000000000000000E-002   1.0018782070966594        0.0000000000000000        1.0018782070966594        1.0000000000000000        6.9400066739805622E-310
  0.90500862245447034       -5.1538610392383285E-007  -3.6640042055591238E-004   1.0000000000000000E-002   1.2000000000000000E-002   1.0018818428187144        0.0000000000000000        1.0018818428187144        1.0000000000000000        6.9400066739805622E-310
  0.91500780877873844       -4.6705618141103906E-007  -3.3182438558299054E-004   1.0000000000000000E-002   1.2000000000000000E-002   1.0018851571717833        0.0000000000000000        1.0018851571717833        1.0000000000000000        6.9400066739805622E-310
  0.92500696428623641       -4.1679087499895716E-007  -2.9593874024769207E-004   1.0000000000000000E-002   1.2000000000000000E-002   1.0018881370704069        0.0000000000000000        1.0018881370704069        1.0000000000000000        6.9400066739805622E-310
  0.93500609230972542       -3.6479535517846838E-007  -2.5888522744832443E-004   1.0000000000000000E-002   1.2000000000000000E-002   1.0018907707494673        0.0000000000000000        1.0018907707494673        1.0000000000000000        6.9400066739805622E-310
  0.94500519629041424       -3.1128314821247287E-007  -2.2081006441343476E-004   1.0000000000000000E-002   1.2000000000000000E-002   1.0018930478111894        0.0000000000000000        1.0018930478111894        1.0000000000000000        6.9400066739805622E-310
  0.95500427976437985       -2.5647548241000577E-007  -1.8186336816317095E-004   1.0000000000000000E-002   1.2000000000000000E-002   1.0018949592648685        0.0000000000000000        1.0018949592648685        1.0000000000000000        6.9400066739805622E-310
  0.96500334634863438       -2.0059903598233797E-007  -1.4219905407397704E-004   1.0000000000000000E-002   1.2000000000000000E-002   1.0018964975635689        0.0000000000000000        1.0018964975635689        1.0000000000000000        6.9400066739805622E-310
  0.97500239972682246       -1.4388599031072166E-007  -1.0197351178486969E-004   1.0000000000000000E-002   1.2000000000000000E-002   1.0018976566339555        0.0000000000000000        1.0018976566339555        1.0000000000000000        6.9400066739805622E-310
  0.98500144363470643       -8.6572589518507415E-008  -6.1345503756804476E-005   1.0000000000000000E-002   1.2000000000000000E-002   1.0018984318992779        0.0000000000000000        1.0018984318992779        1.0000000000000000        6.9400066739805622E-310
  0.99500048184542189       -2.8897754784369079E-008  -2.0475458867963425E-005   1.0000000000000000E-002   1.2000000000000000E-002   1.0018988202987271        0.0000000000000000        1.0018988202987271        1.0000000000000000        6.9400066739805622E-310
   1.0049995181545766        2.8903779093945348E-008   2.0476073782305093E-005   1.0000000000000000E-002   1.2000000000000000E-002   1.0018988202987262        0.0000000000000000        1.0018988202987262        1.0000000000000000        6.9400066739805622E-310
   1.0149985563652919        8.6590648070430794E-008   6.1347357526386759E-005   1.0000000000000000E-002   1.2000000000000000E-002   1.0018984318991611        0.0000000000000000        1.0018984318991611        1.0000000000000000        6.9400066739805622E-310
   1.0249976002731787        1.4391592420929138E-007   1.0197650980892092E-004   1.0000000000000000E-002   1.2000000000000000E-002   1.0018976566339202        0.0000000000000000        1.0018976566339202        1.0000000000000000        6.9400066739805622E-310
   1.0349966536513646        2.0064079019724600E-007   1.4220328232195101E-004   1.0000000000000000E-002   1.2000000000000000E-002   1.0018964975636704        0.0000000000000000        1.0018964975636704        1.0000000000000000        6.9400066739805622E-310
   1.0449957202356186        2.5652882267025081E-007   1.8186875677983494E-004   1.0000000000000000E-002   1.2000000000000000E-002   1.0018949592647708        0.0000000000000000        1.0018949592647708        1.0000000000000000        6.9400066739805622E-310
  -4.9995181545781087E-003  -2.8898488989599026E-008  -3.5767633061438002E+077   1.0000000000000000E-002   1.2000000000000000E-002   1.0018988202987271        0.0000000000000000        1.0018988202987271        1.0000000000000000        6.9400066739805622E-310
  -1.4998556365293569E-002  -8.6574790259430242E-008   0.0000000000000000        1.0000000000000000E-002   1.2000000000000000E-002   1.0018984318992779        0.0000000000000000        1.0018984318992779        1.0000000000000000        6.9400066739805622E-310
  -2.4997600273177545E-002  -1.4388963144824649E-007  -3.5767633061438002E+077   1.0000000000000000E-002   1.2000000000000000E-002   1.0018976566339555        0.0000000000000000        1.0018976566339555        1.0000000000000000        6.9400066739805622E-310
  -3.4996653651365617E-002  -2.0060409648049182E-007   6.9400068546417920E-310   1.0000000000000000E-002   1.2000000000000000E-002   1.0018964975635689        0.0000000000000000        1.0018964975635689        1.0000000000000000        6.9400066739805622E-310
  -4.4995720235620151E-002  -2.5648191851711970E-007   6.9400066883177543E-310   1.0000000000000000E-002   1.2000000000000000E-002   1.0018949592648685        0.0000000000000000        1.0018949592648685        1.0000000000000000        6.9400066739805622E-310
