 # x, v, a, m, h, rho, u, P, c, ke
   1.5023999999999844     
   4.9998261710380281E-003  -2.9298427123016083E-006   7.3887065132893781E-006   1.0000000000000000E-002   1.2000000000000000E-002   1.0018359108720269        0.0000000000000000        1.0018359108720269        1.0000000000000000        6.9400066739805622E-310
   1.4999479199323217E-002  -8.7779630136268256E-006   2.2136950367013242E-005   1.0000000000000000E-002   1.2000000000000000E-002   1.0018357707295720        0.0000000000000000        1.0018357707295720        1.0000000000000000        6.9400066739805622E-310
   2.4999134283524928E-002  -1.4591432875060669E-005   3.6797746211014726E-005   1.0000000000000000E-002   1.2000000000000000E-002   1.0018354909982705        0.0000000000000000        1.0018354909982705        1.0000000000000000        6.9400066739805622E-310
   3.4998792785230937E-002  -2.0347303782842435E-005   5.1313110973616460E-005   1.0000000000000000E-002   1.2000000000000000E-002   1.0018350727836647        0.0000000000000000        1.0018350727836647        1.0000000000000000        6.9400066739805622E-310
   4.4998456052521327E-002  -2.6022855189898568E-005   6.5625774634980871E-005   1.0000000000000000E-002   1.2000000000000000E-002   1.0018345177384196        0.0000000000000000        1.0018345177384196        1.0000000000000000        6.9400066739805622E-310
   5.4998125414653230E-002  -3.1595683748727896E-005   7.9679158710099784E-005   1.0000000000000000E-002   1.2000000000000000E-002   1.0018338280556600        0.0000000000000000        1.0018338280556600        1.0000000000000000        6.9400066739805622E-310
   6.4997802176804106E-002  -3.7043791566430368E-005   9.3417740136381155E-005   1.0000000000000000E-002   1.2000000000000000E-002   1.0018330064606860        0.0000000000000000        1.0018330064606860        1.0000000000000000        6.9400066739805622E-310
   7.4997487614915995E-002  -4.2345673586785581E-005   1.0678727389201725E-004   1.0000000000000000E-002   1.2000000000000000E-002   1.0018320561998588        0.0000000000000000        1.0018320561998588        1.0000000000000000        6.9400066739805622E-310
   8.4997182970658169E-002  -4.7480402370032881E-005   1.1973494426875675E-004   1.0000000000000000E-002   1.2000000000000000E-002   1.0018309810277630        0.0000000000000000        1.0018309810277630        1.0000000000000000        6.9400066739805622E-310
   9.4996889446521834E-002  -5.2427710807351744E-005   1.3220960952331495E-004   1.0000000000000000E-002   1.2000000000000000E-002   1.0018297851924620        0.0000000000000000        1.0018297851924620        1.0000000000000000        6.9400066739805622E-310
  0.10499660820107022       -5.7168071599437329E-005   1.4416202722777882E-004   1.0000000000000000E-002   1.2000000000000000E-002   1.0018284734185170        0.0000000000000000        1.0018284734185170        1.0000000000000000        6.9400066739805622E-310
  0.11499634034436627       -6.1682775255950809E-005   1.5554498254921612E-004   1.0000000000000000E-002   1.2000000000000000E-002   1.0018270508883367        0.0000000000000000        1.0018270508883367        1.0000000000000000        6.9400066739805622E-310
  0.12499608693358685       -6.5954003217262108E-005   1.6631354963525524E-004   1.0000000000000000E-002   1.2000000000000000E-002   1.0018255232216851        0.0000000000000000        1.0018255232216851        1.0000000000000000        6.9400066739805622E-310
  0.13499584896885053       -6.9964898490880556E-005   1.7642525019390121E-004   1.0000000000000000E-002   1.2000000000000000E-002   1.0018238964531763        0.0000000000000000        1.0018238964531763        1.0000000000000000        6.9400066739805622E-310
  0.14499562738927313       -7.3699632431526758E-005   1.8584015720612967E-004   1.0000000000000000E-002   1.2000000000000000E-002   1.0018221770085467        0.0000000000000000        1.0018221770085467        1.0000000000000000        6.9400066739805622E-310
  0.15499542306925848       -7.7143466447664622E-005   1.9452112414075629E-004   1.0000000000000000E-002   1.2000000000000000E-002   1.0018203716793053        0.0000000000000000        1.0018203716793053        1.0000000000000000        6.9400066739805622E-310
  0.16499523681504966       -8.0282811196941909E-005   2.0243389847163229E-004   1.0000000000000000E-002   1.2000000000000000E-002   1.0018184875958089        0.0000000000000000        1.0018184875958089        1.0000000000000000        6.9400066739805622E-310
  0.17499506936154585       -8.3105279361913402E-005   2.0954733357569921E-004   1.0000000000000000E-002   1.2000000000000000E-002   1.0018165321987695        0.0000000000000000        1.0018165321987695        1.0000000000000000        6.9400066739805622E-310
  0.18499492136941215       -8.5599734673845283E-005   2.1583334436137136E-004   1.0000000000000000E-002   1.2000000000000000E-002   1.0018145132099694        0.0000000000000000        1.0018145132099694        1.0000000000000000        6.9400066739805622E-310
  0.19499479342246817       -8.7756335993050918E-005   2.2126718385795385E-004   1.0000000000000000E-002   1.2000000000000000E-002   1.0018124386018632        0.0000000000000000        1.0018124386018632        1.0000000000000000        6.9400066739805622E-310
  0.20499468602539195       -8.9566576169823335E-005   2.2582743688470686E-004   1.0000000000000000E-002   1.2000000000000000E-002   1.0018103165659105        0.0000000000000000        1.0018103165659105        1.0000000000000000        6.9400066739805622E-310
  0.21499459960172859       -9.1023315362163913E-005   2.2949619156520384E-004   1.0000000000000000E-002   1.2000000000000000E-002   1.0018081554801355        0.0000000000000000        1.0018081554801355        1.0000000000000000        6.9400066739805622E-310
  0.22499453449222873       -9.2120808964547889E-005   2.3225899074663658E-004   1.0000000000000000E-002   1.2000000000000000E-002   1.0018059638760850        0.0000000000000000        1.0018059638760850        1.0000000000000000        6.9400066739805622E-310
  0.23499449095350330       -9.2854730824102179E-005   2.3410501358078761E-004   1.0000000000000000E-002   1.2000000000000000E-002   1.0018037504051651        0.0000000000000000        1.0018037504051651        1.0000000000000000        6.9400066739805622E-310
  0.24499446915702022       -9.3222189467725888E-005   2.3502702870015213E-004   1.0000000000000000E-002   1.2000000000000000E-002   1.0018015238043441        0.0000000000000000        1.0018015238043441        1.0000000000000000        6.9400066739805622E-310
  0.25499446918843072       -9.3221739929809624E-005   2.3502148552445590E-004   1.0000000000000000E-002   1.2000000000000000E-002   1.0017992928616462        0.0000000000000000        1.0017992928616462        1.0000000000000000        6.9400066739805622E-310
  0.26499449104724110       -9.2853389435753543E-005   2.3408843390271272E-004   1.0000000000000000E-002   1.2000000000000000E-002   1.0017970663815796        0.0000000000000000        1.0017970663815796        1.0000000000000000        6.9400066739805622E-310
  0.27499453464681517       -9.2118597086281176E-005   2.3223164589758483E-004   1.0000000000000000E-002   1.2000000000000000E-002   1.0017948531503922        0.0000000000000000        1.0017948531503922        1.0000000000000000        6.9400066739805622E-310
  0.28499459981472569       -9.1020267468152653E-005   2.2945851368127990E-004   1.0000000000000000E-002   1.2000000000000000E-002   1.0017926619012210        0.0000000000000000        1.0017926619012210        1.0000000000000000        6.9400066739805622E-310
  0.29499468629343978       -8.9562740648026614E-005   2.2578003608320074E-004   1.0000000000000000E-002   1.2000000000000000E-002   1.0017905012797974        0.0000000000000000        1.0017905012797974        1.0000000000000000        6.9400066739805622E-310
  0.30499479374134081       -8.7751773207653402E-005   2.2121077256098687E-004   1.0000000000000000E-002   1.2000000000000000E-002   1.0017883798104348        0.0000000000000000        1.0017883798104348        1.0000000000000000        6.9400066739805622E-310
  0.31499492173407911       -8.5594516599451389E-005   2.1576884778085059E-004   1.0000000000000000E-002   1.2000000000000000E-002   1.0017863058622190        0.0000000000000000        1.0017863058622190        1.0000000000000000        6.9400066739805622E-310
  0.32499506976625669       -8.3099488229479033E-005   2.0947575824425968E-004   1.0000000000000000E-002   1.2000000000000000E-002   1.0017842876160905        0.0000000000000000        1.0017842876160905        1.0000000000000000        6.9400066739805622E-310
  0.33499523725342201       -8.0276538466081187E-005   2.0235637894128189E-004   1.0000000000000000E-002   1.2000000000000000E-002   1.0017823330328153        0.0000000000000000        1.0017823330328153        1.0000000000000000        6.9400066739805622E-310
  0.34499542353438084       -7.7136811068232963E-005   1.9443884453629323E-004   1.0000000000000000E-002   1.2000000000000000E-002   1.0017804498214833        0.0000000000000000        1.0017804498214833        1.0000000000000000        6.9400066739805622E-310
  0.35499562787380862       -7.3692698994785730E-005   1.8575444746904424E-004   1.0000000000000000E-002   1.2000000000000000E-002   1.0017786454090858        0.0000000000000000        1.0017786454090858        1.0000000000000000        6.9400066739805622E-310
  0.36499584946515690       -6.9957796689789980E-005   1.7633747143452894E-004   1.0000000000000000E-002   1.2000000000000000E-002   1.0017769269113237        0.0000000000000000        1.0017769269113237        1.0000000000000000        6.9400066739805622E-310
  0.37499608743383739       -6.5946845033644887E-005   1.6622507831165478E-004   1.0000000000000000E-002   1.2000000000000000E-002   1.0017753011047812        0.0000000000000000        1.0017753011047812        1.0000000000000000        6.9400066739805622E-310
  0.38499634084067230       -6.1675673503630641E-005   1.5545720906118277E-004   1.0000000000000000E-002   1.2000000000000000E-002   1.0017737744000670        0.0000000000000000        1.0017737744000670        1.0000000000000000        6.9400066739805622E-310
  0.39499660868560577       -5.7161138437988697E-005   1.4407631468493776E-004   1.0000000000000000E-002   1.2000000000000000E-002   1.0017723528167475        0.0000000000000000        1.0017723528167475        1.0000000000000000        6.9400066739805622E-310
  0.40499688991164390       -5.2421055209364415E-005   1.3212734382861413E-004   1.0000000000000000E-002   1.2000000000000000E-002   1.0017710419595978        0.0000000000000000        1.0017710419595978        1.0000000000000000        6.9400066739805622E-310
  0.41499718340903174       -4.7474129639079731E-005   1.1965740935426794E-004   1.0000000000000000E-002   1.2000000000000000E-002   1.0017698469964624        0.0000000000000000        1.0017698469964624        1.0000000000000000        6.9400066739805622E-310
  0.42499748801962783       -4.2339882441016793E-005   1.0671568719544666E-004   1.0000000000000000E-002   1.2000000000000000E-002   1.0017687726382556        0.0000000000000000        1.0017687726382556        1.0000000000000000        6.9400066739805622E-310
  0.43499780254147064       -3.7038573518805506E-005   9.3353261332751458E-005   1.0000000000000000E-002   1.2000000000000000E-002   1.0017678231200686        0.0000000000000000        1.0017678231200686        1.0000000000000000        6.9400066739805622E-310
  0.44499812573352598       -3.1591120936095681E-005   7.9622750998709080E-005   1.0000000000000000E-002   1.2000000000000000E-002   1.0017670021848863        0.0000000000000000        1.0017670021848863        1.0000000000000000        6.9400066739805622E-310
  0.45499845632057012       -2.6019019692280988E-005   6.5578364367269160E-005   1.0000000000000000E-002   1.2000000000000000E-002   1.0017663130687491        0.0000000000000000        1.0017663130687491        1.0000000000000000        6.9400066739805622E-310
  0.46499879299822861       -2.0344256012280657E-005   5.1275442206843991E-005   1.0000000000000000E-002   1.2000000000000000E-002   1.0017657584878537        0.0000000000000000        1.0017657584878537        1.0000000000000000        6.9400066739805622E-310
  0.47499913443811287       -1.4589220628885636E-005   3.6770396371288427E-005   1.0000000000000000E-002   1.2000000000000000E-002   1.0017653406281104        0.0000000000000000        1.0017653406281104        1.0000000000000000        6.9400066739805622E-310
  0.48499947929306259       -8.7766217562453953E-006   2.2120363714073221E-005   1.0000000000000000E-002   1.2000000000000000E-002   1.0017650611365914        0.0000000000000000        1.0017650611365914        1.0000000000000000        6.9400066739805622E-310
  0.49499982620245003       -2.9293933764445644E-006   7.3831505522647944E-006   1.0000000000000000E-002   1.2000000000000000E-002   1.0017649211149859        0.0000000000000000        1.0017649211149859        1.0000000000000000        6.9400066739805622E-310
  0.50500017379755002        2.9293932351560095E-006  -7.3831339939545160E-006   1.0000000000000000E-002   1.2000000000000000E-002   1.0017649211149027        0.0000000000000000        1.0017649211149027        1.0000000000000000        6.9400066739805622E-310
  0.51500052070693958        8.7766216633937944E-006  -2.2120394937097387E-005   1.0000000000000000E-002   1.2000000000000000E-002   1.0017650611365858        0.0000000000000000        1.0017650611365858        1.0000000000000000        6.9400066739805622E-310
  0.52500086556188719        1.4589220984674638E-005  -3.6770370605232472E-005   1.0000000000000000E-002   1.2000000000000000E-002   1.0017653406281315        0.0000000000000000        1.0017653406281315        1.0000000000000000        6.9400066739805622E-310
  0.53500120700177289        2.0344255911665635E-005  -5.1275448025300818E-005   1.0000000000000000E-002   1.2000000000000000E-002   1.0017657584877733        0.0000000000000000        1.0017657584877733        1.0000000000000000        6.9400066739805622E-310
  0.54500154367943199        2.6019019567980414E-005  -6.5578389336629073E-005   1.0000000000000000E-002   1.2000000000000000E-002   1.0017663130688175        0.0000000000000000        1.0017663130688175        1.0000000000000000        6.9400066739805622E-310
  0.55500187426647396        3.1591121003188734E-005  -7.9622733606399265E-005   1.0000000000000000E-002   1.2000000000000000E-002   1.0017670021849874        0.0000000000000000        1.0017670021849874        1.0000000000000000        6.9400066739805622E-310
  0.56500219745852920        3.7038573501917648E-005  -9.3353249942751404E-005   1.0000000000000000E-002   1.2000000000000000E-002   1.0017678231200333        0.0000000000000000        1.0017678231200333        1.0000000000000000        6.9400066739805622E-310
  0.57500251198037311        4.2339882404508284E-005  -1.0671570151821186E-004   1.0000000000000000E-002   1.2000000000000000E-002   1.0017687726382409        0.0000000000000000        1.0017687726382409        1.0000000000000000        6.9400066739805622E-310
  0.58500281659096831        4.7474129577989336E-005  -1.1965739457675539E-004   1.0000000000000000E-002   1.2000000000000000E-002   1.0017698469964462        0.0000000000000000        1.0017698469964462        1.0000000000000000        6.9400066739805622E-310
  0.59500311008835727        5.2421055521495562E-005  -1.3212735135681442E-004   1.0000000000000000E-002   1.2000000000000000E-002   1.0017710419595405        0.0000000000000000        1.0017710419595405        1.0000000000000000        6.9400066739805622E-310
  0.60500339131439573        5.7161138288876055E-005  -1.4407633247959239E-004   1.0000000000000000E-002   1.2000000000000000E-002   1.0017723528168139        0.0000000000000000        1.0017723528168139        1.0000000000000000        6.9400066739805622E-310
  0.61500365915932731        6.1675673441377569E-005  -1.5545718909137918E-004   1.0000000000000000E-002   1.2000000000000000E-002   1.0017737744001176        0.0000000000000000        1.0017737744001176        1.0000000000000000        6.9400066739805622E-310
  0.62500391256616306        6.5946845058513544E-005  -1.6622508495789390E-004   1.0000000000000000E-002   1.2000000000000000E-002   1.0017753011047714        0.0000000000000000        1.0017753011047714        1.0000000000000000        6.9400066739805622E-310
  0.63500415053484305        6.9957796671328741E-005  -1.7633746667744532E-004   1.0000000000000000E-002   1.2000000000000000E-002   1.0017769269113279        0.0000000000000000        1.0017769269113279        1.0000000000000000        6.9400066739805622E-310
  0.64500437212619166        7.3692699101434104E-005  -1.8575444747170877E-004   1.0000000000000000E-002   1.2000000000000000E-002   1.0017786454090643        0.0000000000000000        1.0017786454090643        1.0000000000000000        6.9400066739805622E-310
  0.65500457646561960        7.7136811080666674E-005  -1.9443884879866147E-004   1.0000000000000000E-002   1.2000000000000000E-002   1.0017804498214802        0.0000000000000000        1.0017804498214802        1.0000000000000000        6.9400066739805622E-310
  0.66500476274657838        8.0276538526757112E-005  -2.0235638500931685E-004   1.0000000000000000E-002   1.2000000000000000E-002   1.0017823330328590        0.0000000000000000        1.0017823330328590        1.0000000000000000        6.9400066739805622E-310
  0.67500493023374275        8.3099488072000701E-005  -2.0947574371632527E-004   1.0000000000000000E-002   1.2000000000000000E-002   1.0017842876160983        0.0000000000000000        1.0017842876160983        1.0000000000000000        6.9400066739805622E-310
  0.68500507826592105        8.5594516592579106E-005  -2.1576884636420601E-004   1.0000000000000000E-002   1.2000000000000000E-002   1.0017863058621534        0.0000000000000000        1.0017863058621534        1.0000000000000000        6.9400066739805622E-310
  0.69500520625866014        8.7751773142947959E-005  -2.2121078490222601E-004   1.0000000000000000E-002   1.2000000000000000E-002   1.0017883798104192        0.0000000000000000        1.0017883798104192        1.0000000000000000        6.9400066739805622E-310
  0.70500531370656072        8.9562740609091612E-005  -2.2578003762685483E-004   1.0000000000000000E-002   1.2000000000000000E-002   1.0017905012798440        0.0000000000000000        1.0017905012798440        1.0000000000000000        6.9400066739805622E-310
  0.71500540018527414        9.1020267672102805E-005  -2.2945850090128062E-004   1.0000000000000000E-002   1.2000000000000000E-002   1.0017926619012165        0.0000000000000000        1.0017926619012165        1.0000000000000000        6.9400066739805622E-310
  0.72500546535318544        9.2118596951715599E-005  -2.3223165035357596E-004   1.0000000000000000E-002   1.2000000000000000E-002   1.0017948531503502        0.0000000000000000        1.0017948531503502        1.0000000000000000        6.9400066739805622E-310
  0.73500550895275973        9.2853389525495247E-005  -2.3408844284134034E-004   1.0000000000000000E-002   1.2000000000000000E-002   1.0017970663816009        0.0000000000000000        1.0017970663816009        1.0000000000000000        6.9400066739805622E-310
  0.74500553081156939        9.3221739920139679E-005  -2.3502148183141003E-004   1.0000000000000000E-002   1.2000000000000000E-002   1.0017992928616890        0.0000000000000000        1.0017992928616890        1.0000000000000000        6.9400066739805622E-310
  0.75500553084297972        9.3222189591321900E-005  -2.3502703048805529E-004   1.0000000000000000E-002   1.2000000000000000E-002   1.0018015238043769        0.0000000000000000        1.0018015238043769        1.0000000000000000        6.9400066739805622E-310
  0.76500550904649622        9.2854730642476997E-005  -2.3410501529319561E-004   1.0000000000000000E-002   1.2000000000000000E-002   1.0018037504052142        0.0000000000000000        1.0018037504052142        1.0000000000000000        6.9400066739805622E-310
  0.77500546550777016        9.2120809058559398E-005  -2.3225897980960752E-004   1.0000000000000000E-002   1.2000000000000000E-002   1.0018059638760961        0.0000000000000000        1.0018059638760961        1.0000000000000000        6.9400066739805622E-310
  0.78500540039827060        9.1023315311385318E-005  -2.2949618340195599E-004   1.0000000000000000E-002   1.2000000000000000E-002   1.0018081554800544        0.0000000000000000        1.0018081554800544        1.0000000000000000        6.9400066739805622E-310
  0.79500531397460883        8.9566576192121362E-005  -2.2582745968691142E-004   1.0000000000000000E-002   1.2000000000000000E-002   1.0018103165659000        0.0000000000000000        1.0018103165659000        1.0000000000000000        6.9400066739805622E-310
  0.80500520657753116        8.7756336042891706E-005  -2.2126717085146907E-004   1.0000000000000000E-002   1.2000000000000000E-002   1.0018124386018930        0.0000000000000000        1.0018124386018930        1.0000000000000000        6.9400066739805622E-310
  0.81500507863058791        8.5599734656748987E-005  -2.1583334779595731E-004   1.0000000000000000E-002   1.2000000000000000E-002   1.0018145132099585        0.0000000000000000        1.0018145132099585        1.0000000000000000        6.9400066739805622E-310
  0.82500493063845370        8.3105279337672444E-005  -2.0954732255695774E-004   1.0000000000000000E-002   1.2000000000000000E-002   1.0018165321987249        0.0000000000000000        1.0018165321987249        1.0000000000000000        6.9400066739805622E-310
  0.83500476318495143        8.0282811226926252E-005  -2.0243392271357408E-004   1.0000000000000000E-002   1.2000000000000000E-002   1.0018184875958220        0.0000000000000000        1.0018184875958220        1.0000000000000000        6.9400066739805622E-310
  0.84500457693074082        7.7143466478694827E-005  -1.9452111101436742E-004   1.0000000000000000E-002   1.2000000000000000E-002   1.0018203716793728        0.0000000000000000        1.0018203716793728        1.0000000000000000        6.9400066739805622E-310
  0.85500437261072637        7.3699632282732560E-005  -1.8584015361344797E-004   1.0000000000000000E-002   1.2000000000000000E-002   1.0018221770085318        0.0000000000000000        1.0018221770085318        1.0000000000000000        6.9400066739805622E-310
  0.86500415103114925        6.9964898520677522E-005  -1.7642525332295378E-004   1.0000000000000000E-002   1.2000000000000000E-002   1.0018238964531663        0.0000000000000000        1.0018238964531663        1.0000000000000000        6.9400066739805622E-310
  0.87500391306641279        6.5954003094268154E-005  -1.6631354420226785E-004   1.0000000000000000E-002   1.2000000000000000E-002   1.0018255232216611        0.0000000000000000        1.0018255232216611        1.0000000000000000        6.9400066739805622E-310
  0.88500365965563399        6.1682775375150381E-005  -1.5554498625558466E-004   1.0000000000000000E-002   1.2000000000000000E-002   1.0018270508883056        0.0000000000000000        1.0018270508883056        1.0000000000000000        6.9400066739805622E-310
  0.89500339179893007        5.7168071630532505E-005  -1.4416202734324202E-004   1.0000000000000000E-002   1.2000000000000000E-002   1.0018284734185030        0.0000000000000000        1.0018284734185030        1.0000000000000000        6.9400066739805622E-310
  0.90500311055347871        5.2427710834647225E-005  -1.3220961419158073E-004   1.0000000000000000E-002   1.2000000000000000E-002   1.0018297851924700        0.0000000000000000        1.0018297851924700        1.0000000000000000        6.9400066739805622E-310
  0.91500281702934194        4.7480402325006453E-005  -1.1973494128802997E-004   1.0000000000000000E-002   1.2000000000000000E-002   1.0018309810277790        0.0000000000000000        1.0018309810277790        1.0000000000000000        6.9400066739805622E-310
  0.92500251238508424        4.2345673668404442E-005  -1.0678727928681297E-004   1.0000000000000000E-002   1.2000000000000000E-002   1.0018320561998857        0.0000000000000000        1.0018320561998857        1.0000000000000000        6.9400066739805622E-310
  0.93500219782319549        3.7043791596596172E-005  -9.3417737904388787E-005   1.0000000000000000E-002   1.2000000000000000E-002   1.0018330064607277        0.0000000000000000        1.0018330064607277        1.0000000000000000        6.9400066739805622E-310
  0.94500187458534612        3.1595683584556410E-005  -7.9679156116618799E-005   1.0000000000000000E-002   1.2000000000000000E-002   1.0018338280556816        0.0000000000000000        1.0018338280556816        1.0000000000000000        6.9400066739805622E-310
  0.95500154394747783        2.6022855288393724E-005  -6.5625772189825682E-005   1.0000000000000000E-002   1.2000000000000000E-002   1.0018345177384145        0.0000000000000000        1.0018345177384145        1.0000000000000000        6.9400066739805622E-310
  0.96500120721476867        2.0347303673234027E-005  -5.1313124254548370E-005   1.0000000000000000E-002   1.2000000000000000E-002   1.0018350727837118        0.0000000000000000        1.0018350727837118        1.0000000000000000        6.9400066739805622E-310
  0.97500086571647315        1.4591432907807800E-005  -3.6797726257198349E-005   1.0000000000000000E-002   1.2000000000000000E-002   1.0018354909982867        0.0000000000000000        1.0018354909982867        1.0000000000000000        6.9400066739805622E-310
  0.98500052080067602        8.7779631685630955E-006  -2.2136956567386790E-005   1.0000000000000000E-002   1.2000000000000000E-002   1.0018357707295231        0.0000000000000000        1.0018357707295231        1.0000000000000000        6.9400066739805622E-310
  0.99500017382896122        2.9298426107956020E-006  -7.3887084584001173E-006   1.0000000000000000E-002   1.2000000000000000E-002   1.0018359108720225        0.0000000000000000        1.0018359108720225        1.0000000000000000        6.9400066739805622E-310
   1.0049998261710380       -2.9298406291551529E-006   7.0889321657219284E-006   1.0000000000000000E-002   1.2000000000000000E-002   1.0018359108720269        0.0000000000000000        1.0018359108720269        1.0000000000000000        6.9400066739805622E-310
   1.0149994791993233       -8.7779567699140797E-006   2.1238795040900982E-005   1.0000000000000000E-002   1.2000000000000000E-002   1.0018357707295720        0.0000000000000000        1.0018357707295720        1.0000000000000000        6.9400066739805622E-310
   1.0249991342835250       -1.4591422494022774E-005   3.5304753343012862E-005   1.0000000000000000E-002   1.2000000000000000E-002   1.0018354909982705        0.0000000000000000        1.0018354909982705        1.0000000000000000        6.9400066739805622E-310
   1.0349987927852309       -2.0347289311011769E-005   4.9231192099874477E-005   1.0000000000000000E-002   1.2000000000000000E-002   1.0018350727836647        0.0000000000000000        1.0018350727836647        1.0000000000000000        6.9400066739805622E-310
   1.0449984560525214       -2.6022836679199460E-005   6.2963151079564739E-005   1.0000000000000000E-002   1.2000000000000000E-002   1.0018345177384196        0.0000000000000000        1.0018345177384196        1.0000000000000000        6.9400066739805622E-310
  -4.9998261710387792E-003   2.9302023339396740E-006  -3.5767633061438002E+077   1.0000000000000000E-002   1.2000000000000000E-002   1.0018359108720225        0.0000000000000000        1.0018359108720225        1.0000000000000000        6.9400066739805622E-310
  -1.4999479199323984E-002   8.7790409655795310E-006   0.0000000000000000        1.0000000000000000E-002   1.2000000000000000E-002   1.0018357707295231        0.0000000000000000        1.0018357707295231        1.0000000000000000        6.9400066739805622E-310
  -2.4999134283526847E-002   1.4593224496976021E-005  -3.5767633061438002E+077   1.0000000000000000E-002   1.2000000000000000E-002   1.0018354909982867        0.0000000000000000        1.0018354909982867        1.0000000000000000        6.9400066739805622E-310
  -3.4998792785231325E-002   2.0349801969682677E-005   6.9400068546417920E-310   1.0000000000000000E-002   1.2000000000000000E-002   1.0018350727837118        0.0000000000000000        1.0018350727837118        1.0000000000000000        6.9400066739805622E-310
  -4.4998456052522173E-002   2.6026050445512874E-005   6.9400066883177543E-310   1.0000000000000000E-002   1.2000000000000000E-002   1.0018345177384145        0.0000000000000000        1.0018345177384145        1.0000000000000000        6.9400066739805622E-310
