 # x, v, a, m, h, rho, u, P, c, ke
   3.7512000000001069     
   4.9996972421227559E-003   2.4431730532847176E-006   1.2857724425607842E-005   1.0000000000000000E-002   1.2000000000000000E-002   1.0018622424532644        0.0000000000000000        1.0018622424532644        1.0000000000000000        6.9400066739805622E-310
   1.4999092920482342E-002   7.3198787162776780E-006   3.8522606788937708E-005   1.0000000000000000E-002   1.2000000000000000E-002   1.0018619985677857        0.0000000000000000        1.0018619985677857        1.0000000000000000        6.9400066739805622E-310
   2.4998492176499094E-002   1.2167702606614166E-005   6.4035836654596778E-005   1.0000000000000000E-002   1.2000000000000000E-002   1.0018615117569745        0.0000000000000000        1.0018615117569745        1.0000000000000000        6.9400066739805622E-310
   3.4997897379631916E-002   1.6967516183449312E-005   8.9296822906703710E-005   1.0000000000000000E-002   1.2000000000000000E-002   1.0018607839385651        0.0000000000000000        1.0018607839385651        1.0000000000000000        6.9400066739805622E-310
   4.4997310875910267E-002   2.1700381095825459E-005   1.1420631153402638E-004   1.0000000000000000E-002   1.2000000000000000E-002   1.0018598179791527        0.0000000000000000        1.0018598179791527        1.0000000000000000        6.9400066739805622E-310
   5.4996734978726945E-002   2.6347622263400377E-005   1.3866607427548416E-004   1.0000000000000000E-002   1.2000000000000000E-002   1.0018586176829758        0.0000000000000000        1.0018586176829758        1.0000000000000000        6.9400066739805622E-310
   6.4996171959707763E-002   3.0890902525318319E-005   1.6257978643707816E-004   1.0000000000000000E-002   1.2000000000000000E-002   1.0018571877780074        0.0000000000000000        1.0018571877780074        1.0000000000000000        6.9400066739805622E-310
   7.4995624039770892E-002   3.5312294855362257E-005   1.8585324550546289E-004   1.0000000000000000E-002   1.2000000000000000E-002   1.0018555338967372        0.0000000000000000        1.0018555338967372        1.0000000000000000        6.9400066739805622E-310
   8.4995093380376835E-002   3.9594352312573057E-005   2.0839477198997258E-004   1.0000000000000000E-002   1.2000000000000000E-002   1.0018536625541972        0.0000000000000000        1.0018536625541972        1.0000000000000000        6.9400066739805622E-310
   9.4994582075014600E-002   4.3720178285083035E-005   2.3011555418861462E-004   1.0000000000000000E-002   1.2000000000000000E-002   1.0018515811222843        0.0000000000000000        1.0018515811222843        1.0000000000000000        6.9400066739805622E-310
  0.10499409214095475        4.7673491856611588E-005   2.5092993169995026E-004   1.0000000000000000E-002   1.2000000000000000E-002   1.0018492978011615        0.0000000000000000        1.0018492978011615        1.0000000000000000        6.9400066739805622E-310
  0.11499362551129287        5.1438691504320118E-005   2.7075584011182485E-004   1.0000000000000000E-002   1.2000000000000000E-002   1.0018468215871781        0.0000000000000000        1.0018468215871781        1.0000000000000000        6.9400066739805622E-310
  0.12499318402732931        5.5000919552134397E-005   2.8951508226349176E-004   1.0000000000000000E-002   1.2000000000000000E-002   1.0018441622374012        0.0000000000000000        1.0018441622374012        1.0000000000000000        6.9400066739805622E-310
  0.13499276943130639        5.8346117592020777E-005   3.0713366118373386E-004   1.0000000000000000E-002   1.2000000000000000E-002   1.0018413302313309        0.0000000000000000        1.0018413302313309        1.0000000000000000        6.9400066739805622E-310
  0.14499238335953538        6.1461082699850196E-005   3.2354203885009980E-004   1.0000000000000000E-002   1.2000000000000000E-002   1.0018383367296699        0.0000000000000000        1.0018383367296699        1.0000000000000000        6.9400066739805622E-310
  0.15499202733594139        6.4333521594219715E-005   3.3867530604148044E-004   1.0000000000000000E-002   1.2000000000000000E-002   1.0018351935312093        0.0000000000000000        1.0018351935312093        1.0000000000000000        6.9400066739805622E-310
  0.16499170276602829        6.6952096372796020E-005   3.5247383583847380E-004   1.0000000000000000E-002   1.2000000000000000E-002   1.0018319130257141        0.0000000000000000        1.0018319130257141        1.0000000000000000        6.9400066739805622E-310
  0.17499141093134876        6.9306471032564655E-005   3.6488295253533920E-004   1.0000000000000000E-002   1.2000000000000000E-002   1.0018285081452989        0.0000000000000000        1.0018285081452989        1.0000000000000000        6.9400066739805622E-310
  0.18499115298441957        7.1387351522455851E-005   3.7585356502667366E-004   1.0000000000000000E-002   1.2000000000000000E-002   1.0018249923144285        0.0000000000000000        1.0018249923144285        1.0000000000000000        6.9400066739805622E-310
  0.19499092994416406        7.3186523368896954E-005   3.8534227296516121E-004   1.0000000000000000E-002   1.2000000000000000E-002   1.0018213793962651        0.0000000000000000        1.0018213793962651        1.0000000000000000        6.9400066739805622E-310
  0.20499074269188236        7.4696882824956101E-005   3.9331139395848425E-004   1.0000000000000000E-002   1.2000000000000000E-002   1.0018176836385899        0.0000000000000000        1.0018176836385899        1.0000000000000000        6.9400066739805622E-310
  0.21499059196774711        7.5912465296240652E-005   3.9972935884513561E-004   1.0000000000000000E-002   1.2000000000000000E-002   1.0018139196175553        0.0000000000000000        1.0018139196175553        1.0000000000000000        6.9400066739805622E-310
  0.22499047836787525        7.6828470566410209E-005   4.0457057463072488E-004   1.0000000000000000E-002   1.2000000000000000E-002   1.0018101021802988        0.0000000000000000        1.0018101021802988        1.0000000000000000        6.9400066739805622E-310
  0.23499040234194599        7.7441279388693488E-005   4.0781574052584091E-004   1.0000000000000000E-002   1.2000000000000000E-002   1.0018062463866833        0.0000000000000000        1.0018062463866833        1.0000000000000000        6.9400066739805622E-310
  0.24499036419141124        7.7748468875775596E-005   4.0945175806239575E-004   1.0000000000000000E-002   1.2000000000000000E-002   1.0018023674499517        0.0000000000000000        1.0018023674499517        1.0000000000000000        6.9400066739805622E-310
  0.25499036406827474        7.7748823115085397E-005   4.0947200207597234E-004   1.0000000000000000E-002   1.2000000000000000E-002   1.0017984806766236        0.0000000000000000        1.0017984806766236        1.0000000000000000        6.9400066739805622E-310
  0.26499040197447771        7.7442336176947277E-005   4.0787616541138050E-004   1.0000000000000000E-002   1.2000000000000000E-002   1.0017946014057035        0.0000000000000000        1.0017946014057035        1.0000000000000000        6.9400066739805622E-310
  0.27499047776187058        7.6830213520971420E-005   4.0467021098233857E-004   1.0000000000000000E-002   1.2000000000000000E-002   1.0017907449490024        0.0000000000000000        1.0017907449490024        1.0000000000000000        6.9400066739805622E-310
  0.28499059113276115        7.5914866968747842E-005   3.9986667326807890E-004   1.0000000000000000E-002   1.2000000000000000E-002   1.0017869265301294        0.0000000000000000        1.0017869265301294        1.0000000000000000        6.9400066739805622E-310
  0.29499074164108430        7.4699905026839086E-005   3.9348419772800014E-004   1.0000000000000000E-002   1.2000000000000000E-002   1.0017831612243444        0.0000000000000000        1.0017831612243444        1.0000000000000000        6.9400066739805622E-310
  0.30499092869412664        7.3190118985329004E-005   3.8554782241373431E-004   1.0000000000000000E-002   1.2000000000000000E-002   1.0017794638992552        0.0000000000000000        1.0017794638992552        1.0000000000000000        6.9400066739805622E-310
  0.31499115155485524        7.1391463301747317E-005   3.7608866493243909E-004   1.0000000000000000E-002   1.2000000000000000E-002   1.0017758491556015        0.0000000000000000        1.0017758491556015        1.0000000000000000        6.9400066739805622E-310
  0.32499140934480475        6.9311034229759707E-005   3.6514384662744703E-004   1.0000000000000000E-002   1.2000000000000000E-002   1.0017723312699354        0.0000000000000000        1.0017723312699354        1.0000000000000000        6.9400066739805622E-310
  0.33499170104752601        6.6957039035758976E-005   3.5275638731047110E-004   1.0000000000000000E-002   1.2000000000000000E-002   1.0017689241381980        0.0000000000000000        1.0017689241381980        1.0000000000000000        6.9400066739805622E-310
  0.34499202551257702        6.4338765986133740E-005   3.3897518687275863E-004   1.0000000000000000E-002   1.2000000000000000E-002   1.0017656412198346        0.0000000000000000        1.0017656412198346        1.0000000000000000        6.9400066739805622E-310
  0.35499238146007051        6.1466546086724597E-005   3.2385437743709389E-004   1.0000000000000000E-002   1.2000000000000000E-002   1.0017624954850939        0.0000000000000000        1.0017624954850939        1.0000000000000000        6.9400066739805622E-310
  0.36499276748569415        5.8351713196659795E-005   3.0745359886452661E-004   1.0000000000000000E-002   1.2000000000000000E-002   1.0017594993640964        0.0000000000000000        1.0017594993640964        1.0000000000000000        6.9400066739805622E-310
  0.37499318206625359        5.5006560158481470E-005   2.8983756559508578E-004   1.0000000000000000E-002   1.2000000000000000E-002   1.0017566646966412        0.0000000000000000        1.0017566646966412        1.0000000000000000        6.9400066739805622E-310
  0.38499362356568068        5.1444287707391213E-005   2.7107578421503575E-004   1.0000000000000000E-002   1.2000000000000000E-002   1.0017540026854566        0.0000000000000000        1.0017540026854566        1.0000000000000000        6.9400066739805622E-310
  0.39499409024149051        4.7678954885767970E-005   2.5124226005779349E-004   1.0000000000000000E-002   1.2000000000000000E-002   1.0017515238521404        0.0000000000000000        1.0017515238521404        1.0000000000000000        6.9400066739805622E-310
  0.40499458025165125        4.3725422764871964E-005   2.3041539999724137E-004   1.0000000000000000E-002   1.2000000000000000E-002   1.0017492379949484        0.0000000000000000        1.0017492379949484        1.0000000000000000        6.9400066739805622E-310
  0.41499509166187104        3.9599295048052537E-005   2.0867738870133934E-004   1.0000000000000000E-002   1.2000000000000000E-002   1.0017471541500322        0.0000000000000000        1.0017471541500322        1.0000000000000000        6.9400066739805622E-310
  0.42499562245322658        3.5316858058578026E-005   1.8611415180291857E-004   1.0000000000000000E-002   1.2000000000000000E-002   1.0017452805558167        0.0000000000000000        1.0017452805558167        1.0000000000000000        6.9400066739805622E-310
  0.43499617053014672        3.0895014155657842E-005   1.6281485495373005E-004   1.0000000000000000E-002   1.2000000000000000E-002   1.0017436246198510        0.0000000000000000        1.0017436246198510        1.0000000000000000        6.9400066739805622E-310
  0.44499673372869353        2.6351217588047378E-005   1.3887159030101515E-004   1.0000000000000000E-002   1.2000000000000000E-002   1.0017421928896708        0.0000000000000000        1.0017421928896708        1.0000000000000000        6.9400066739805622E-310
  0.45499730982511394        2.1703403416018939E-005   1.1437911014589019E-004   1.0000000000000000E-002   1.2000000000000000E-002   1.0017409910262598        0.0000000000000000        1.0017409910262598        1.0000000000000000        6.9400066739805622E-310
  0.46499789654464452        1.6969917899899599E-005   8.9434173273339468E-005   1.0000000000000000E-002   1.2000000000000000E-002   1.0017400237819614        0.0000000000000000        1.0017400237819614        1.0000000000000000        6.9400066739805622E-310
  0.47499849157049395        1.2169445511544892E-005   6.4135462025660672E-005   1.0000000000000000E-002   1.2000000000000000E-002   1.0017392949818187        0.0000000000000000        1.0017392949818187        1.0000000000000000        6.9400066739805622E-310
  0.48499909255301310        7.3209356703187712E-006   3.8583019310145517E-005   1.0000000000000000E-002   1.2000000000000000E-002   1.0017388075080351        0.0000000000000000        1.0017388075080351        1.0000000000000000        6.9400066739805622E-310
  0.49499969711898323        2.4435269932852197E-006   1.2878000577032367E-005   1.0000000000000000E-002   1.2000000000000000E-002   1.0017385632882672        0.0000000000000000        1.0017385632882672        1.0000000000000000        6.9400066739805622E-310
  0.50500030288101638       -2.4435270379278841E-006  -1.2877992964455132E-005   1.0000000000000000E-002   1.2000000000000000E-002   1.0017385632882356        0.0000000000000000        1.0017385632882356        1.0000000000000000        6.9400066739805622E-310
  0.51500090744698723       -7.3209356367296831E-006  -3.8583028697303234E-005   1.0000000000000000E-002   1.2000000000000000E-002   1.0017388075080069        0.0000000000000000        1.0017388075080069        1.0000000000000000        6.9400066739805622E-310
  0.52500150842950644       -1.2169445602247795E-005  -6.4135480124072330E-005   1.0000000000000000E-002   1.2000000000000000E-002   1.0017392949819115        0.0000000000000000        1.0017392949819115        1.0000000000000000        6.9400066739805622E-310
  0.53500210345535371       -1.6969917694825204E-005  -8.9434140524424777E-005   1.0000000000000000E-002   1.2000000000000000E-002   1.0017400237819971        0.0000000000000000        1.0017400237819971        1.0000000000000000        6.9400066739805622E-310
  0.54500269017488534       -2.1703403569097572E-005  -1.1437908423772569E-004   1.0000000000000000E-002   1.2000000000000000E-002   1.0017409910260242        0.0000000000000000        1.0017409910260242        1.0000000000000000        6.9400066739805622E-310
  0.55500326627131003       -2.6351217499014576E-005  -1.3887164456072298E-004   1.0000000000000000E-002   1.2000000000000000E-002   1.0017421928895667        0.0000000000000000        1.0017421928895667        1.0000000000000000        6.9400066739805622E-310
  0.56500382946985483       -3.0895014157032847E-005  -1.6281485976676890E-004   1.0000000000000000E-002   1.2000000000000000E-002   1.0017436246200195        0.0000000000000000        1.0017436246200195        1.0000000000000000        6.9400066739805622E-310
  0.57500437754677303       -3.5316858195840013E-005  -1.8611413438041069E-004   1.0000000000000000E-002   1.2000000000000000E-002   1.0017452805559095        0.0000000000000000        1.0017452805559095        1.0000000000000000        6.9400066739805622E-310
  0.58500490833812890       -3.9599295094992067E-005  -2.0867740218655229E-004   1.0000000000000000E-002   1.2000000000000000E-002   1.0017471541501246        0.0000000000000000        1.0017471541501246        1.0000000000000000        6.9400066739805622E-310
  0.59500541974834631       -4.3725422808996547E-005  -2.3041535823953296E-004   1.0000000000000000E-002   1.2000000000000000E-002   1.0017492379949102        0.0000000000000000        1.0017492379949102        1.0000000000000000        6.9400066739805622E-310
  0.60500590975851021       -4.7678954637918052E-005  -2.5124227999295812E-004   1.0000000000000000E-002   1.2000000000000000E-002   1.0017515238519972        0.0000000000000000        1.0017515238519972        1.0000000000000000        6.9400066739805622E-310
  0.61500637643432010       -5.1444287620183181E-005  -2.7107578977680902E-004   1.0000000000000000E-002   1.2000000000000000E-002   1.0017540026854397        0.0000000000000000        1.0017540026854397        1.0000000000000000        6.9400066739805622E-310
  0.62500681793374724       -5.5006560104916760E-005  -2.8983756772404945E-004   1.0000000000000000E-002   1.2000000000000000E-002   1.0017566646966500        0.0000000000000000        1.0017566646966500        1.0000000000000000        6.9400066739805622E-310
  0.63500723251430657       -5.8351713587034498E-005  -3.0745361598327747E-004   1.0000000000000000E-002   1.2000000000000000E-002   1.0017594993641870        0.0000000000000000        1.0017594993641870        1.0000000000000000        6.9400066739805622E-310
  0.64500761853992861       -6.1466546011720386E-005  -3.2385437509674375E-004   1.0000000000000000E-002   1.2000000000000000E-002   1.0017624954852677        0.0000000000000000        1.0017624954852677        1.0000000000000000        6.9400066739805622E-310
  0.65500797448741965       -6.4338766155326010E-005  -3.3897513556979675E-004   1.0000000000000000E-002   1.2000000000000000E-002   1.0017656412197509        0.0000000000000000        1.0017656412197509        1.0000000000000000        6.9400066739805622E-310
  0.66500829895247526       -6.6957039032501274E-005  -3.5275644252230620E-004   1.0000000000000000E-002   1.2000000000000000E-002   1.0017689241381391        0.0000000000000000        1.0017689241381391        1.0000000000000000        6.9400066739805622E-310
  0.67500859065519325       -6.9311034156793931E-005  -3.6514381996166634E-004   1.0000000000000000E-002   1.2000000000000000E-002   1.0017723312700051        0.0000000000000000        1.0017723312700051        1.0000000000000000        6.9400066739805622E-310
  0.68500884844514420       -7.1391463366377231E-005  -3.7608866363569859E-004   1.0000000000000000E-002   1.2000000000000000E-002   1.0017758491555397        0.0000000000000000        1.0017758491555397        1.0000000000000000        6.9400066739805622E-310
  0.69500907130587264       -7.3190118795665385E-005  -3.8554780202382233E-004   1.0000000000000000E-002   1.2000000000000000E-002   1.0017794638990987        0.0000000000000000        1.0017794638990987        1.0000000000000000        6.9400066739805622E-310
  0.70500925835891859       -7.4699904895973769E-005  -3.9348424468865772E-004   1.0000000000000000E-002   1.2000000000000000E-002   1.0017831612243100        0.0000000000000000        1.0017831612243100        1.0000000000000000        6.9400066739805622E-310
  0.71500940886723874       -7.5914867059684852E-005  -3.9986664903235436E-004   1.0000000000000000E-002   1.2000000000000000E-002   1.0017869265301931        0.0000000000000000        1.0017869265301931        1.0000000000000000        6.9400066739805622E-310
  0.72500952223813087       -7.6830213474790912E-005  -4.0467023174795003E-004   1.0000000000000000E-002   1.2000000000000000E-002   1.0017907449490484        0.0000000000000000        1.0017907449490484        1.0000000000000000        6.9400066739805622E-310
  0.73500959802552124       -7.7442336143252510E-005  -4.0787612780768256E-004   1.0000000000000000E-002   1.2000000000000000E-002   1.0017946014056900        0.0000000000000000        1.0017946014056900        1.0000000000000000        6.9400066739805622E-310
  0.74500963593172687       -7.7748823330629207E-005  -4.0947202601504529E-004   1.0000000000000000E-002   1.2000000000000000E-002   1.0017984806765274        0.0000000000000000        1.0017984806765274        1.0000000000000000        6.9400066739805622E-310
  0.75500963580859026       -7.7748468777189851E-005  -4.0945178947993099E-004   1.0000000000000000E-002   1.2000000000000000E-002   1.0018023674501213        0.0000000000000000        1.0018023674501213        1.0000000000000000        6.9400066739805622E-310
  0.76500959765805165       -7.7441279400954351E-005  -4.0781569349501723E-004   1.0000000000000000E-002   1.2000000000000000E-002   1.0018062463867701        0.0000000000000000        1.0018062463867701        1.0000000000000000        6.9400066739805622E-310
  0.77500952163212433       -7.6828470387535323E-005  -4.0457057196530144E-004   1.0000000000000000E-002   1.2000000000000000E-002   1.0018101021801662        0.0000000000000000        1.0018101021801662        1.0000000000000000        6.9400066739805622E-310
  0.78500940803225350       -7.5912465555532196E-005  -3.9972935840815182E-004   1.0000000000000000E-002   1.2000000000000000E-002   1.0018139196174161        0.0000000000000000        1.0018139196174161        1.0000000000000000        6.9400066739805622E-310
  0.79500925730812011       -7.4696882601353457E-005  -3.9331142050702539E-004   1.0000000000000000E-002   1.2000000000000000E-002   1.0018176836385595        0.0000000000000000        1.0018176836385595        1.0000000000000000        6.9400066739805622E-310
  0.80500907005583722       -7.3186523341112309E-005  -3.8534227749131844E-004   1.0000000000000000E-002   1.2000000000000000E-002   1.0018213793963791        0.0000000000000000        1.0018213793963791        1.0000000000000000        6.9400066739805622E-310
  0.81500884701558041       -7.1387351693997397E-005  -3.7585355931479825E-004   1.0000000000000000E-002   1.2000000000000000E-002   1.0018249923145308        0.0000000000000000        1.0018249923145308        1.0000000000000000        6.9400066739805622E-310
  0.82500858906865049       -6.9306471119424265E-005  -3.6488294484904316E-004   1.0000000000000000E-002   1.2000000000000000E-002   1.0018285081453513        0.0000000000000000        1.0018285081453513        1.0000000000000000        6.9400066739805622E-310
  0.83500829723397052       -6.6952096103491788E-005  -3.5247381779601739E-004   1.0000000000000000E-002   1.2000000000000000E-002   1.0018319130256457        0.0000000000000000        1.0018319130256457        1.0000000000000000        6.9400066739805622E-310
  0.84500797266405947       -6.4333521760785031E-005  -3.3867533247278203E-004   1.0000000000000000E-002   1.2000000000000000E-002   1.0018351935311753        0.0000000000000000        1.0018351935311753        1.0000000000000000        6.9400066739805622E-310
  0.85500761664046421       -6.1461082632548143E-005  -3.2354203153062144E-004   1.0000000000000000E-002   1.2000000000000000E-002   1.0018383367297301        0.0000000000000000        1.0018383367297301        1.0000000000000000        6.9400066739805622E-310
  0.86500723056869289       -5.8346117462742956E-005  -3.0713364479773020E-004   1.0000000000000000E-002   1.2000000000000000E-002   1.0018413302312728        0.0000000000000000        1.0018413302312728        1.0000000000000000        6.9400066739805622E-310
  0.87500681597267171       -5.5000919753215228E-005  -2.8951510485164533E-004   1.0000000000000000E-002   1.2000000000000000E-002   1.0018441622373775        0.0000000000000000        1.0018441622373775        1.0000000000000000        6.9400066739805622E-310
  0.88500637448870689       -5.1438691532933962E-005  -2.7075582838342882E-004   1.0000000000000000E-002   1.2000000000000000E-002   1.0018468215872036        0.0000000000000000        1.0018468215872036        1.0000000000000000        6.9400066739805622E-310
  0.89500590785904555       -4.7673491899477432E-005  -2.5092992665687319E-004   1.0000000000000000E-002   1.2000000000000000E-002   1.0018492978011082        0.0000000000000000        1.0018492978011082        1.0000000000000000        6.9400066739805622E-310
  0.90500541792498634       -4.3720178219494888E-005  -2.3011555705743092E-004   1.0000000000000000E-002   1.2000000000000000E-002   1.0018515811222255        0.0000000000000000        1.0018515811222255        1.0000000000000000        6.9400066739805622E-310
  0.91500490661962475       -3.9594352398007802E-005  -2.0839478591927474E-004   1.0000000000000000E-002   1.2000000000000000E-002   1.0018536625542147        0.0000000000000000        1.0018536625542147        1.0000000000000000        6.9400066739805622E-310
  0.92500437596022966       -3.5312294761934164E-005  -1.8585324506492640E-004   1.0000000000000000E-002   1.2000000000000000E-002   1.0018555338968105        0.0000000000000000        1.0018555338968105        1.0000000000000000        6.9400066739805622E-310
  0.93500382804029236       -3.0890902377173361E-005  -1.6257979315259519E-004   1.0000000000000000E-002   1.2000000000000000E-002   1.0018571877781099        0.0000000000000000        1.0018571877781099        1.0000000000000000        6.9400066739805622E-310
  0.94500326502127141       -2.6347622259505709E-005  -1.3866604576673325E-004   1.0000000000000000E-002   1.2000000000000000E-002   1.0018586176829889        0.0000000000000000        1.0018586176829889        1.0000000000000000        6.9400066739805622E-310
  0.95500268912408948       -2.1700381199056901E-005  -1.1420631189551500E-004   1.0000000000000000E-002   1.2000000000000000E-002   1.0018598179790230        0.0000000000000000        1.0018598179790230        1.0000000000000000        6.9400066739805622E-310
  0.96500210262036956       -1.6967516334838741E-005  -8.9296857550991149E-005   1.0000000000000000E-002   1.2000000000000000E-002   1.0018607839386031        0.0000000000000000        1.0018607839386031        1.0000000000000000        6.9400066739805622E-310
  0.97500150782349948       -1.2167702358880546E-005  -6.4035789438143809E-005   1.0000000000000000E-002   1.2000000000000000E-002   1.0018615117569531        0.0000000000000000        1.0018615117569531        1.0000000000000000        6.9400066739805622E-310
  0.98500090707951926       -7.3198787196808726E-006  -3.8522606782720459E-005   1.0000000000000000E-002   1.2000000000000000E-002   1.0018619985675477        0.0000000000000000        1.0018619985675477        1.0000000000000000        6.9400066739805622E-310
  0.99500030275788109       -2.4431731326580333E-006  -1.2857750696149139E-005   1.0000000000000000E-002   1.2000000000000000E-002   1.0018622424531580        0.0000000000000000        1.0018622424531580        1.0000000000000000        6.9400066739805622E-310
   1.0049996972421227        2.4431768928491173E-006   1.3105288339865240E-005   1.0000000000000000E-002   1.2000000000000000E-002   1.0018622424532644        0.0000000000000000        1.0018622424532644        1.0000000000000000        6.9400066739805622E-310
   1.0149990929204824        7.3198902211803079E-006   3.9264293014262819E-005   1.0000000000000000E-002   1.2000000000000000E-002   1.0018619985677857        0.0000000000000000        1.0018619985677857        1.0000000000000000        6.9400066739805622E-310
   1.0249984921764992        1.2167721738481456E-005   6.5268733090206865E-005   1.0000000000000000E-002   1.2000000000000000E-002   1.0018615117569745        0.0000000000000000        1.0018615117569745        1.0000000000000000        6.9400066739805622E-310
   1.0349978973796319        1.6967542849250610E-005   9.1016062577331525E-005   1.0000000000000000E-002   1.2000000000000000E-002   1.0018607839385651        0.0000000000000000        1.0018607839385651        1.0000000000000000        6.9400066739805622E-310
   1.0449973108759103        2.1700415209296973E-005   1.1640511819166477E-004   1.0000000000000000E-002   1.2000000000000000E-002   1.0018598179791527        0.0000000000000000        1.0018598179791527        1.0000000000000000        6.9400066739805622E-310
  -4.9996972421189056E-003  -2.4434702099541299E-006  -3.5767633061438002E+077   1.0000000000000000E-002   1.2000000000000000E-002   1.0018622424531580        0.0000000000000000        1.0018622424531580        1.0000000000000000        6.9400066739805622E-310
  -1.4999092920480739E-002  -7.3207687461845695E-006   0.0000000000000000        1.0000000000000000E-002   1.2000000000000000E-002   1.0018619985675477        0.0000000000000000        1.0018619985675477        1.0000000000000000        6.9400066739805622E-310
  -2.4998492176500520E-002  -1.2169181822214255E-005  -3.5767633061438002E+077   1.0000000000000000E-002   1.2000000000000000E-002   1.0018615117569531        0.0000000000000000        1.0018615117569531        1.0000000000000000        6.9400066739805622E-310
  -3.4997897379630438E-002  -1.6969579429009974E-005   6.9400068546417920E-310   1.0000000000000000E-002   1.2000000000000000E-002   1.0018607839386031        0.0000000000000000        1.0018607839386031        1.0000000000000000        6.9400066739805622E-310
  -4.4997310875910523E-002  -2.1703019770615479E-005   6.9400066883177543E-310   1.0000000000000000E-002   1.2000000000000000E-002   1.0018598179790230        0.0000000000000000        1.0018598179790230        1.0000000000000000        6.9400066739805622E-310
