 # x, v, a, m, h, rho, u, P, c, ke
  0.90239999999999498     
   4.9998120753143634E-003   2.8921874845242676E-006   7.9842701428134433E-006   1.0000000000000000E-002   1.2000000000000000E-002   1.0018387896348577        0.0000000000000000        1.0018387896348577        1.0000000000000000        6.9400066739805622E-310
   1.4999436967461447E-002   8.6651499130226416E-006   2.3921319158404231E-005   1.0000000000000000E-002   1.2000000000000000E-002   1.0018386381953297        0.0000000000000000        1.0018386381953297        1.0000000000000000        6.9400066739805622E-310
   2.4999064081242063E-002   1.4403919950195353E-005   3.9764025328459240E-005   1.0000000000000000E-002   1.2000000000000000E-002   1.0018383359136538        0.0000000000000000        1.0018383359136538        1.0000000000000000        6.9400066739805622E-310
   3.4998694888008976E-002   2.0085852865380679E-005   5.5449906900761903E-005   1.0000000000000000E-002   1.2000000000000000E-002   1.0018378839822093        0.0000000000000000        1.0018378839822093        1.0000000000000000        6.9400066739805622E-310
   4.4998330844550995E-002   2.5688527504602813E-005   7.0917096623546172E-005   1.0000000000000000E-002   1.2000000000000000E-002   1.0018372841837093        0.0000000000000000        1.0018372841837093        1.0000000000000000        6.9400066739805622E-310
   5.4997973387347125E-002   3.1189835812447562E-005   8.6104596414671164E-005   1.0000000000000000E-002   1.2000000000000000E-002   1.0018365388841328        0.0000000000000000        1.0018365388841328        1.0000000000000000        6.9400066739805622E-310
   6.4997623926902656E-002   3.6568069397989762E-005   1.0095247711827682E-004   1.0000000000000000E-002   1.2000000000000000E-002   1.0018356510235322        0.0000000000000000        1.0018356510235322        1.0000000000000000        6.9400066739805622E-310
   7.4997283842182114E-002   4.1802005263314968E-005   1.1540220596994999E-004   1.0000000000000000E-002   1.2000000000000000E-002   1.0018346241043170        0.0000000000000000        1.0018346241043170        1.0000000000000000        6.9400066739805622E-310
   8.4996954475175066E-002   4.6870989627100879E-005   1.2939676244805298E-004   1.0000000000000000E-002   1.2000000000000000E-002   1.0018334621774330        0.0000000000000000        1.0018334621774330        1.0000000000000000        6.9400066739805622E-310
   9.4996637125599317E-002   5.1755019316949619E-005   1.4288094218439795E-004   1.0000000000000000E-002   1.2000000000000000E-002   1.0018321698265626        0.0000000000000000        1.0018321698265626        1.0000000000000000        6.9400066739805622E-310
  0.10499633304577465        5.6434820908648745E-005   1.5580155446404120E-004   1.0000000000000000E-002   1.2000000000000000E-002   1.0018307521499132        0.0000000000000000        1.0018307521499132        1.0000000000000000        6.9400066739805622E-310
  0.11499604343568294        6.0891926286309452E-005   1.6810761375563033E-004   1.0000000000000000E-002   1.2000000000000000E-002   1.0018292147401942        0.0000000000000000        1.0018292147401942        1.0000000000000000        6.9400066739805622E-310
  0.12499576943823285        6.5108745917929529E-005   1.7975056279073698E-004   1.0000000000000000E-002   1.2000000000000000E-002   1.0018275636625975        0.0000000000000000        1.0018275636625975        1.0000000000000000        6.9400066739805622E-310
  0.13499551213475036        6.9068638248382907E-005   1.9068445716019511E-004   1.0000000000000000E-002   1.2000000000000000E-002   1.0018258054308615        0.0000000000000000        1.0018258054308615        1.0000000000000000        6.9400066739805622E-310
  0.14499527254071148        7.2755975068951515E-005   2.0086614909775591E-004   1.0000000000000000E-002   1.2000000000000000E-002   1.0018239469815704        0.0000000000000000        1.0018239469815704        1.0000000000000000        6.9400066739805622E-310
  0.15499505160173557        7.6156203648892950E-005   2.1025542615316084E-004   1.0000000000000000E-002   1.2000000000000000E-002   1.0018219956469345        0.0000000000000000        1.0018219956469345        1.0000000000000000        6.9400066739805622E-310
  0.16499485018984952        7.9255903664489862E-005   2.1881523971600814E-004   1.0000000000000000E-002   1.2000000000000000E-002   1.0018199591258203        0.0000000000000000        1.0018199591258203        1.0000000000000000        6.9400066739805622E-310
  0.17499466910004796        8.2042840724037979E-005   2.2651178438692909E-004   1.0000000000000000E-002   1.2000000000000000E-002   1.0018178454533329        0.0000000000000000        1.0018178454533329        1.0000000000000000        6.9400066739805622E-310
  0.18499450904715234        8.4506014188709798E-005   2.3331467314413601E-004   1.0000000000000000E-002   1.2000000000000000E-002   1.0018156629691757        0.0000000000000000        1.0018156629691757        1.0000000000000000        6.9400066739805622E-310
  0.19499437066298975        8.6635700669705036E-005   2.3919700603869387E-004   1.0000000000000000E-002   1.2000000000000000E-002   1.0018134202848581        0.0000000000000000        1.0018134202848581        1.0000000000000000        6.9400066739805622E-310
  0.20499425449389305        8.8423492978647925E-005   2.4413555780977703E-004   1.0000000000000000E-002   1.2000000000000000E-002   1.0018111262496914        0.0000000000000000        1.0018111262496914        1.0000000000000000        6.9400066739805622E-310
  0.21499416099854485        8.9862332782076379E-005   2.4811079713860096E-004   1.0000000000000000E-002   1.2000000000000000E-002   1.0018087899158064        0.0000000000000000        1.0018087899158064        1.0000000000000000        6.9400066739805622E-310
  0.22499409054616218        9.0946538588488146E-005   2.5110700662356322E-004   1.0000000000000000E-002   1.2000000000000000E-002   1.0018064205025079        0.0000000000000000        1.0018064205025079        1.0000000000000000        6.9400066739805622E-310
  0.23499404341503743        9.1671828357744089E-005   2.5311230940783247E-004   1.0000000000000000E-002   1.2000000000000000E-002   1.0018040273599378        0.0000000000000000        1.0018040273599378        1.0000000000000000        6.9400066739805622E-310
  0.24499401979143373        9.2035336367558111E-005   2.5411877119907444E-004   1.0000000000000000E-002   1.2000000000000000E-002   1.0018016199321247        0.0000000000000000        1.0018016199321247        1.0000000000000000        6.9400066739805622E-310
  0.25499401976884922        9.2035624846390431E-005   2.5412234084853935E-004   1.0000000000000000E-002   1.2000000000000000E-002   1.0017992077198270        0.0000000000000000        1.0017992077198270        1.0000000000000000        6.9400066739805622E-310
  0.26499404334763904        9.1672689043420519E-005   2.5312297931812111E-004   1.0000000000000000E-002   1.2000000000000000E-002   1.0017968002430764        0.0000000000000000        1.0017968002430764        1.0000000000000000        6.9400066739805622E-310
  0.27499409043501188        9.0947957825753453E-005   2.5112461758070026E-004   1.0000000000000000E-002   1.2000000000000000E-002   1.0017944070032869        0.0000000000000000        1.0017944070032869        1.0000000000000000        6.9400066739805622E-310
  0.28499416084539508        8.9864288342996092E-005   2.4813507937171408E-004   1.0000000000000000E-002   1.2000000000000000E-002   1.0017920374459452        0.0000000000000000        1.0017920374459452        1.0000000000000000        6.9400066739805622E-310
  0.29499425430116033        8.8425954062061715E-005   2.4416610781496928E-004   1.0000000000000000E-002   1.2000000000000000E-002   1.0017897009235202        0.0000000000000000        1.0017897009235202        1.0000000000000000        6.9400066739805622E-310
  0.30499437043371408        8.6638628368035156E-005   2.3923333899311672E-004   1.0000000000000000E-002   1.2000000000000000E-002   1.0017874066583943        0.0000000000000000        1.0017874066583943        1.0000000000000000        6.9400066739805622E-310
  0.31499450878494945        8.4509362208286612E-005   2.3335621775633086E-004   1.0000000000000000E-002   1.2000000000000000E-002   1.0017851637063295        0.0000000000000000        1.0017851637063295        1.0000000000000000        6.9400066739805622E-310
  0.32499466880905209        8.2046556418150887E-005   2.2655789999515008E-004   1.0000000000000000E-002   1.2000000000000000E-002   1.0017829809207921        0.0000000000000000        1.0017829809207921        1.0000000000000000        6.9400066739805622E-310
  0.33499484987464984        7.9259928645370882E-005   2.1886519747127409E-004   1.0000000000000000E-002   1.2000000000000000E-002   1.0017808669179826        0.0000000000000000        1.0017808669179826        1.0000000000000000        6.9400066739805622E-310
  0.34499505126730362        7.6160474136378870E-005   2.1030842379676784E-004   1.0000000000000000E-002   1.2000000000000000E-002   1.0017788300428876        0.0000000000000000        1.0017788300428876        1.0000000000000000        6.9400066739805622E-310
  0.35499527219232124        7.2760423825458237E-005   2.0092135537819189E-004   1.0000000000000000E-002   1.2000000000000000E-002   1.0017768783362375        0.0000000000000000        1.0017768783362375        1.0000000000000000        6.9400066739805622E-310
  0.36499551177789563        6.9073194944554119E-005   1.9074100953186957E-004   1.0000000000000000E-002   1.2000000000000000E-002   1.0017750195027080        0.0000000000000000        1.0017750195027080        1.0000000000000000        6.9400066739805622E-310
  0.37499576907854143        6.5113338892578698E-005   1.7980756660396224E-004   1.0000000000000000E-002   1.2000000000000000E-002   1.0017732608805467        0.0000000000000000        1.0017732608805467        1.0000000000000000        6.9400066739805622E-310
  0.38499604307882751        6.0896482990008632E-005   1.6816416656162403E-004   1.0000000000000000E-002   1.2000000000000000E-002   1.0017716094125215        0.0000000000000000        1.0017716094125215        1.0000000000000000        6.9400066739805622E-310
  0.39499633269738305        5.6439269505705296E-005   1.5585676560458950E-004   1.0000000000000000E-002   1.2000000000000000E-002   1.0017700716185409        0.0000000000000000        1.0017700716185409        1.0000000000000000        6.9400066739805622E-310
  0.40499663679116571        5.1759289868113498E-005   1.4293395056697022E-004   1.0000000000000000E-002   1.2000000000000000E-002   1.0017686535698076        0.0000000000000000        1.0017686535698076        1.0000000000000000        6.9400066739805622E-310
  0.41499695415997456        4.6875014517912881E-005   1.2944671590897627E-004   1.0000000000000000E-002   1.2000000000000000E-002   1.0017673608649218        0.0000000000000000        1.0017673608649218        1.0000000000000000        6.9400066739805622E-310
  0.42499728355118593        4.1805720952010335E-005   1.1544831136234279E-004   1.0000000000000000E-002   1.2000000000000000E-002   1.0017661986077846        0.0000000000000000        1.0017661986077846        1.0000000000000000        6.9400066739805622E-310
  0.43499762366469857        3.6571417466401006E-005   1.0099404050123439E-004   1.0000000000000000E-002   1.2000000000000000E-002   1.0017651713871505        0.0000000000000000        1.0017651713871505        1.0000000000000000        6.9400066739805622E-310
  0.44499797315807166        3.1192763502395051E-005   8.6140925884770070E-005   1.0000000000000000E-002   1.2000000000000000E-002   1.0017642832587326        0.0000000000000000        1.0017642832587326        1.0000000000000000        6.9400066739805622E-310
  0.45499833065181933        2.5690988537732604E-005   7.0947629219553221E-005   1.0000000000000000E-002   1.2000000000000000E-002   1.0017635377292946        0.0000000000000000        1.0017635377292946        1.0000000000000000        6.9400066739805622E-310
  0.46499869473485944        2.0087808366756416E-005   5.5474184051718112E-005   1.0000000000000000E-002   1.2000000000000000E-002   1.0017629377423509        0.0000000000000000        1.0017629377423509        1.0000000000000000        6.9400066739805622E-310
  0.47499906397009078        1.4405339398895815E-005   3.9781645414294076E-005   1.0000000000000000E-002   1.2000000000000000E-002   1.0017624856668479        0.0000000000000000        1.0017624856668479        1.0000000000000000        6.9400066739805622E-310
  0.48499943690006159        8.6660104868694986E-006   2.3932001354864951E-005   1.0000000000000000E-002   1.2000000000000000E-002   1.0017621832878536        0.0000000000000000        1.0017621832878536        1.0000000000000000        6.9400066739805622E-310
  0.49499981205272942        2.8924758801431126E-006   7.9878321379567296E-006   1.0000000000000000E-002   1.2000000000000000E-002   1.0017620317993716        0.0000000000000000        1.0017620317993716        1.0000000000000000        6.9400066739805622E-310
  0.50500018794727042       -2.8924757679416411E-006  -7.9878307417402539E-006   1.0000000000000000E-002   1.2000000000000000E-002   1.0017620317993641        0.0000000000000000        1.0017620317993641        1.0000000000000000        6.9400066739805622E-310
  0.51500056309993847       -8.6660106320227142E-006  -2.3932008007321315E-005   1.0000000000000000E-002   1.2000000000000000E-002   1.0017621832878696        0.0000000000000000        1.0017621832878696        1.0000000000000000        6.9400066739805622E-310
  0.52500093602990872       -1.4405339310652785E-005  -3.9781639208591457E-005   1.0000000000000000E-002   1.2000000000000000E-002   1.0017624856668705        0.0000000000000000        1.0017624856668705        1.0000000000000000        6.9400066739805622E-310
  0.53500130526514000       -2.0087808455799894E-005  -5.5474173860758924E-005   1.0000000000000000E-002   1.2000000000000000E-002   1.0017629377422950        0.0000000000000000        1.0017629377422950        1.0000000000000000        6.9400066739805622E-310
  0.54500166934818151       -2.5690988584512245E-005  -7.0947651096275877E-005   1.0000000000000000E-002   1.2000000000000000E-002   1.0017635377292906        0.0000000000000000        1.0017635377292906        1.0000000000000000        6.9400066739805622E-310
  0.55500202684192790       -3.1192763390031563E-005  -8.6140918284627332E-005   1.0000000000000000E-002   1.2000000000000000E-002   1.0017642832587998        0.0000000000000000        1.0017642832587998        1.0000000000000000        6.9400066739805622E-310
  0.56500237633530059       -3.6571417527250485E-005  -1.0099402658614309E-004   1.0000000000000000E-002   1.2000000000000000E-002   1.0017651713871094        0.0000000000000000        1.0017651713871094        1.0000000000000000        6.9400066739805622E-310
  0.57500271644881473       -4.1805721027299563E-005  -1.1544833323284820E-004   1.0000000000000000E-002   1.2000000000000000E-002   1.0017661986077913        0.0000000000000000        1.0017661986077913        1.0000000000000000        6.9400066739805622E-310
  0.58500304584002438       -4.6875014466905133E-005  -1.2944669736025816E-004   1.0000000000000000E-002   1.2000000000000000E-002   1.0017673608649384        0.0000000000000000        1.0017673608649384        1.0000000000000000        6.9400066739805622E-310
  0.59500336320883462       -5.1759289740666623E-005  -1.4293397107145722E-004   1.0000000000000000E-002   1.2000000000000000E-002   1.0017686535698285        0.0000000000000000        1.0017686535698285        1.0000000000000000        6.9400066739805622E-310
  0.60500366730261557       -5.6439269632697042E-005  -1.5585675017337763E-004   1.0000000000000000E-002   1.2000000000000000E-002   1.0017700716185944        0.0000000000000000        1.0017700716185944        1.0000000000000000        6.9400066739805622E-310
  0.61500395692117149       -6.0896483022048134E-005  -1.6816415907605631E-004   1.0000000000000000E-002   1.2000000000000000E-002   1.0017716094124622        0.0000000000000000        1.0017716094124622        1.0000000000000000        6.9400066739805622E-310
  0.62500423092145863       -6.5113338774960827E-005  -1.7980758044799927E-004   1.0000000000000000E-002   1.2000000000000000E-002   1.0017732608805217        0.0000000000000000        1.0017732608805217        1.0000000000000000        6.9400066739805622E-310
  0.63500448822210387       -6.9073195046781847E-005  -1.9074100583882370E-004   1.0000000000000000E-002   1.2000000000000000E-002   1.0017750195027284        0.0000000000000000        1.0017750195027284        1.0000000000000000        6.9400066739805622E-310
  0.64500472780767826       -7.2760423795807436E-005  -2.0092135185567628E-004   1.0000000000000000E-002   1.2000000000000000E-002   1.0017768783362218        0.0000000000000000        1.0017768783362218        1.0000000000000000        6.9400066739805622E-310
  0.65500494873269632       -7.6160474091947099E-005  -2.1030843401526056E-004   1.0000000000000000E-002   1.2000000000000000E-002   1.0017788300429034        0.0000000000000000        1.0017788300429034        1.0000000000000000        6.9400066739805622E-310
  0.66500515012534933       -7.9259928652983852E-005  -2.1886519113856195E-004   1.0000000000000000E-002   1.2000000000000000E-002   1.0017808669180184        0.0000000000000000        1.0017808669180184        1.0000000000000000        6.9400066739805622E-310
  0.67500533119094697       -8.2046556436191889E-005  -2.2655788955194822E-004   1.0000000000000000E-002   1.2000000000000000E-002   1.0017829809207490        0.0000000000000000        1.0017829809207490        1.0000000000000000        6.9400066739805622E-310
  0.68500549121505072       -8.4509362148582837E-005  -2.3335622972364689E-004   1.0000000000000000E-002   1.2000000000000000E-002   1.0017851637062942        0.0000000000000000        1.0017851637062942        1.0000000000000000        6.9400066739805622E-310
  0.69500562956628575       -8.6638628419403069E-005  -2.3923333897801768E-004   1.0000000000000000E-002   1.2000000000000000E-002   1.0017874066584160        0.0000000000000000        1.0017874066584160        1.0000000000000000        6.9400066739805622E-310
  0.70500574569883923       -8.8425953994706523E-005  -2.4416610026278818E-004   1.0000000000000000E-002   1.2000000000000000E-002   1.0017897009235002        0.0000000000000000        1.0017897009235002        1.0000000000000000        6.9400066739805622E-310
  0.71500583915460525       -8.9864288320929447E-005  -2.4813508740173518E-004   1.0000000000000000E-002   1.2000000000000000E-002   1.0017920374459353        0.0000000000000000        1.0017920374459353        1.0000000000000000        6.9400066739805622E-310
  0.72500590956498778       -9.0947957948499071E-005  -2.5112460353060584E-004   1.0000000000000000E-002   1.2000000000000000E-002   1.0017944070032483        0.0000000000000000        1.0017944070032483        1.0000000000000000        6.9400066739805622E-310
  0.73500595665236212       -9.1672689027648494E-005  -2.5312299870527966E-004   1.0000000000000000E-002   1.2000000000000000E-002   1.0017968002430591        0.0000000000000000        1.0017968002430591        1.0000000000000000        6.9400066739805622E-310
  0.74500598023115094       -9.2035624676035992E-005  -2.5412234444388559E-004   1.0000000000000000E-002   1.2000000000000000E-002   1.0017992077199160        0.0000000000000000        1.0017992077199160        1.0000000000000000        6.9400066739805622E-310
  0.75500598020856546       -9.2035336559236219E-005  -2.5411876369840769E-004   1.0000000000000000E-002   1.2000000000000000E-002   1.0018016199321926        0.0000000000000000        1.0018016199321926        1.0000000000000000        6.9400066739805622E-310
  0.76500595658496129       -9.1671828383802211E-005  -2.5311229465607710E-004   1.0000000000000000E-002   1.2000000000000000E-002   1.0018040273599091        0.0000000000000000        1.0018040273599091        1.0000000000000000        6.9400066739805622E-310
  0.77500590945383763       -9.0946538539564973E-005  -2.5110700806241226E-004   1.0000000000000000E-002   1.2000000000000000E-002   1.0018064205024189        0.0000000000000000        1.0018064205024189        1.0000000000000000        6.9400066739805622E-310
  0.78500583900145582       -8.9862332763225220E-005  -2.4811080913522687E-004   1.0000000000000000E-002   1.2000000000000000E-002   1.0018087899157768        0.0000000000000000        1.0018087899157768        1.0000000000000000        6.9400066739805622E-310
  0.79500574550610736       -8.8423493039403551E-005  -2.4413556305713513E-004   1.0000000000000000E-002   1.2000000000000000E-002   1.0018111262497396        0.0000000000000000        1.0018111262497396        1.0000000000000000        6.9400066739805622E-310
  0.80500562933700981       -8.6635700577655919E-005  -2.3919699697749763E-004   1.0000000000000000E-002   1.2000000000000000E-002   1.0018134202848887        0.0000000000000000        1.0018134202848887        1.0000000000000000        6.9400066739805622E-310
  0.81500549095284747       -8.4506014161006982E-005  -2.3331467562393016E-004   1.0000000000000000E-002   1.2000000000000000E-002   1.0018156629691775        0.0000000000000000        1.0018156629691775        1.0000000000000000        6.9400066739805622E-310
  0.82500533089995165       -8.2042840710037541E-005  -2.2651178551313933E-004   1.0000000000000000E-002   1.2000000000000000E-002   1.0018178454533528        0.0000000000000000        1.0018178454533528        1.0000000000000000        6.9400066739805622E-310
  0.83500514981014984       -7.9255903777756179E-005  -2.1881523810751702E-004   1.0000000000000000E-002   1.2000000000000000E-002   1.0018199591258337        0.0000000000000000        1.0018199591258337        1.0000000000000000        6.9400066739805622E-310
  0.84500494839826379       -7.6156203591880341E-005  -2.1025542532449037E-004   1.0000000000000000E-002   1.2000000000000000E-002   1.0018219956469401        0.0000000000000000        1.0018219956469401        1.0000000000000000        6.9400066739805622E-310
  0.85500472745928768       -7.2755975161985508E-005  -2.0086613935266229E-004   1.0000000000000000E-002   1.2000000000000000E-002   1.0018239469815253        0.0000000000000000        1.0018239469815253        1.0000000000000000        6.9400066739805622E-310
  0.86500448786524997       -6.9068638231359632E-005  -1.9068446666370420E-004   1.0000000000000000E-002   1.2000000000000000E-002   1.0018258054308160        0.0000000000000000        1.0018258054308160        1.0000000000000000        6.9400066739805622E-310
  0.87500423056176724       -6.5108745824994863E-005  -1.7975055694474662E-004   1.0000000000000000E-002   1.2000000000000000E-002   1.0018275636625709        0.0000000000000000        1.0018275636625709        1.0000000000000000        6.9400066739805622E-310
  0.88500395656431785       -6.0891926343066230E-005  -1.6810761836882904E-004   1.0000000000000000E-002   1.2000000000000000E-002   1.0018292147401577        0.0000000000000000        1.0018292147401577        1.0000000000000000        6.9400066739805622E-310
  0.89500366695422628       -5.6434820826092882E-005  -1.5580156161831837E-004   1.0000000000000000E-002   1.2000000000000000E-002   1.0018307521499339        0.0000000000000000        1.0018307521499339        1.0000000000000000        6.9400066739805622E-310
  0.90500336287440097       -5.1755019386369329E-005  -1.4288093719194705E-004   1.0000000000000000E-002   1.2000000000000000E-002   1.0018321698265917        0.0000000000000000        1.0018321698265917        1.0000000000000000        6.9400066739805622E-310
  0.91500304552482525       -4.6870989686517936E-005  -1.2939676315859572E-004   1.0000000000000000E-002   1.2000000000000000E-002   1.0018334621774427        0.0000000000000000        1.0018334621774427        1.0000000000000000        6.9400066739805622E-310
  0.92500271615781804       -4.1802005329734440E-005  -1.1540220627459519E-004   1.0000000000000000E-002   1.2000000000000000E-002   1.0018346241043319        0.0000000000000000        1.0018346241043319        1.0000000000000000        6.9400066739805622E-310
  0.93500237607309733       -3.6568069266895570E-005  -1.0095247318098188E-004   1.0000000000000000E-002   1.2000000000000000E-002   1.0018356510235327        0.0000000000000000        1.0018356510235327        1.0000000000000000        6.9400066739805622E-310
  0.94500202661265298       -3.1189835809830908E-005  -8.6104595081515356E-005   1.0000000000000000E-002   1.2000000000000000E-002   1.0018365388841055        0.0000000000000000        1.0018365388841055        1.0000000000000000        6.9400066739805622E-310
  0.95500166915544971       -2.5688527383785269E-005  -7.0917112595658693E-005   1.0000000000000000E-002   1.2000000000000000E-002   1.0018372841837493        0.0000000000000000        1.0018372841837493        1.0000000000000000        6.9400066739805622E-310
  0.96500130511199023       -2.0085852938012772E-005  -5.5449890297154525E-005   1.0000000000000000E-002   1.2000000000000000E-002   1.0018378839822477        0.0000000000000000        1.0018378839822477        1.0000000000000000        6.9400066739805622E-310
  0.97500093591875769       -1.4403920112691526E-005  -3.9764018504584442E-005   1.0000000000000000E-002   1.2000000000000000E-002   1.0018383359135830        0.0000000000000000        1.0018383359135830        1.0000000000000000        6.9400066739805622E-310
  0.98500056303253936       -8.6651498035103075E-006  -2.3921326679499089E-005   1.0000000000000000E-002   1.2000000000000000E-002   1.0018386381952662        0.0000000000000000        1.0018386381952662        1.0000000000000000        6.9400066739805622E-310
  0.99500018792468670       -2.8921874550257366E-006  -7.9842738989199802E-006   1.0000000000000000E-002   1.2000000000000000E-002   1.0018387896348449        0.0000000000000000        1.0018387896348449        1.0000000000000000        6.9400066739805622E-310
   1.0049998120753143        2.8921899135849535E-006   8.2782183907781359E-006   1.0000000000000000E-002   1.2000000000000000E-002   1.0018387896348577        0.0000000000000000        1.0018387896348577        1.0000000000000000        6.9400066739805622E-310
   1.0149994369674615        8.6651571921578033E-006   2.4802002863921757E-005   1.0000000000000000E-002   1.2000000000000000E-002   1.0018386381953297        0.0000000000000000        1.0018386381953297        1.0000000000000000        6.9400066739805622E-310
   1.0249990640812421        1.4403932049440692E-005   4.1227965190238081E-005   1.0000000000000000E-002   1.2000000000000000E-002   1.0018383359136538        0.0000000000000000        1.0018383359136538        1.0000000000000000        6.9400066739805622E-310
   1.0349986948880090        2.0085869738264568E-005   5.7491338560033967E-005   1.0000000000000000E-002   1.2000000000000000E-002   1.0018378839822093        0.0000000000000000        1.0018378839822093        1.0000000000000000        6.9400066739805622E-310
   1.0449983308445510        2.5688549084136705E-005   7.3527959853159075E-005   1.0000000000000000E-002   1.2000000000000000E-002   1.0018372841837093        0.0000000000000000        1.0018372841837093        1.0000000000000000        6.9400066739805622E-310
  -4.9998120753133035E-003  -2.8925401947788766E-006  -3.5767633061438002E+077   1.0000000000000000E-002   1.2000000000000000E-002   1.0018387896348449        0.0000000000000000        1.0018387896348449        1.0000000000000000        6.9400066739805622E-310
  -1.4999436967460644E-002  -8.6662066148314278E-006   0.0000000000000000        1.0000000000000000E-002   1.2000000000000000E-002   1.0018386381952662        0.0000000000000000        1.0018386381952662        1.0000000000000000        6.9400066739805622E-310
  -2.4999064081242306E-002  -1.4405676850706317E-005  -3.5767633061438002E+077   1.0000000000000000E-002   1.2000000000000000E-002   1.0018383359135830        0.0000000000000000        1.0018383359135830        1.0000000000000000        6.9400066739805622E-310
  -3.4998694888009774E-002  -2.0088302659822709E-005   6.9400068546417920E-310   1.0000000000000000E-002   1.2000000000000000E-002   1.0018378839822477        0.0000000000000000        1.0018378839822477        1.0000000000000000        6.9400066739805622E-310
  -4.4998330844550294E-002  -2.5691660410404208E-005   6.9400066883177543E-310   1.0000000000000000E-002   1.2000000000000000E-002   1.0018372841837493        0.0000000000000000        1.0018372841837493        1.0000000000000000        6.9400066739805622E-310
