 # x, v, a, m, h, rho, u, P, c, ke
   2.9016000000000433     
   5.0000314430994957E-003   3.1337725222791537E-006  -1.3353978518537701E-006   1.0000000000000000E-002   1.2000000000000000E-002   1.0017939904789970        0.0000000000000000        1.0017939904789970        1.0000000000000000        6.9400066739805622E-310
   1.5000094205273550E-002   9.3889573031254651E-006  -4.0008857098428052E-006   1.0000000000000000E-002   1.2000000000000000E-002   1.0017940158058147        0.0000000000000000        1.0017940158058147        1.0000000000000000        6.9400066739805622E-310
   2.5000156595868114E-002   1.5607109357244680E-005  -6.6506221951811995E-006   1.0000000000000000E-002   1.2000000000000000E-002   1.0017940663595029        0.0000000000000000        1.0017940663595029        1.0000000000000000        6.9400066739805622E-310
   3.5000218368791351E-002   2.1763702733891597E-005  -9.2742277368884629E-006   1.0000000000000000E-002   1.2000000000000000E-002   1.0017941419412777        0.0000000000000000        1.0017941419412777        1.0000000000000000        6.9400066739805622E-310
   4.5000279280377066E-002   2.7834453179179599E-005  -1.1861273816471396E-005   1.0000000000000000E-002   1.2000000000000000E-002   1.0017942422536157        0.0000000000000000        1.0017942422536157        1.0000000000000000        6.9400066739805622E-310
   5.5000339090355108E-002   3.3795415188828255E-005  -1.4401571642785882E-005   1.0000000000000000E-002   1.2000000000000000E-002   1.0017943669011231        0.0000000000000000        1.0017943669011231        1.0000000000000000        6.9400066739805622E-310
   6.5000397562798629E-002   3.9623074910319718E-005  -1.6885212331452237E-005   1.0000000000000000E-002   1.2000000000000000E-002   1.0017945153930652        0.0000000000000000        1.0017945153930652        1.0000000000000000        6.9400066739805622E-310
   7.5000454467039221E-002   4.5294443422607264E-005  -1.9302278793098537E-005   1.0000000000000000E-002   1.2000000000000000E-002   1.0017946871445695        0.0000000000000000        1.0017946871445695        1.0000000000000000        6.9400066739805622E-310
   8.5000509578595909E-002   5.0787148205254797E-005  -2.1643389307435257E-005   1.0000000000000000E-002   1.2000000000000000E-002   1.0017948814791662        0.0000000000000000        1.0017948814791662        1.0000000000000000        6.9400066739805622E-310
   9.5000562680038633E-002   5.6079519179429763E-005  -2.3899228282608931E-005   1.0000000000000000E-002   1.2000000000000000E-002   1.0017950976316816        0.0000000000000000        1.0017950976316816        1.0000000000000000        6.9400066739805622E-310
  0.10500061356185841        6.1150676138958741E-005  -2.6060885211620644E-005   1.0000000000000000E-002   1.2000000000000000E-002   1.0017953347504041        0.0000000000000000        1.0017953347504041        1.0000000000000000        6.9400066739805622E-310
  0.11500066202329383        6.5980609905175736E-005  -2.8119900287393307E-005   1.0000000000000000E-002   1.2000000000000000E-002   1.0017955919012178        0.0000000000000000        1.0017955919012178        1.0000000000000000        6.9400066739805622E-310
  0.12500070787311515        7.0550262004160237E-005  -3.0068120542736665E-005   1.0000000000000000E-002   1.2000000000000000E-002   1.0017958680711287        0.0000000000000000        1.0017958680711287        1.0000000000000000        6.9400066739805622E-310
  0.13500075093038369        7.4841598435618060E-005  -3.1897865739871634E-005   1.0000000000000000E-002   1.2000000000000000E-002   1.0017961621720026        0.0000000000000000        1.0017961621720026        1.0000000000000000        6.9400066739805622E-310
  0.14500079102516333        7.8837682407223846E-005  -3.3601895785828617E-005   1.0000000000000000E-002   1.2000000000000000E-002   1.0017964730449027        0.0000000000000000        1.0017964730449027        1.0000000000000000        6.9400066739805622E-310
  0.15500082799919446        8.2522741114887796E-005  -3.5173511906627652E-005   1.0000000000000000E-002   1.2000000000000000E-002   1.0017967994647188        0.0000000000000000        1.0017967994647188        1.0000000000000000        6.9400066739805622E-310
  0.16500086170651490        8.5882226249909624E-005  -3.6606491153001741E-005   1.0000000000000000E-002   1.2000000000000000E-002   1.0017971401450212        0.0000000000000000        1.0017971401450212        1.0000000000000000        6.9400066739805622E-310
  0.17500089201403818        8.8902873541920545E-005  -3.7895137591448247E-005   1.0000000000000000E-002   1.2000000000000000E-002   1.0017974937428129        0.0000000000000000        1.0017974937428129        1.0000000000000000        6.9400066739805622E-310
  0.18500091880208311        9.1572754271087873E-005  -3.9034390921344198E-005   1.0000000000000000E-002   1.2000000000000000E-002   1.0017978588640357        0.0000000000000000        1.0017978588640357        1.0000000000000000        6.9400066739805622E-310
  0.19500094196484344        9.3881322521686622E-005  -4.0019764343313113E-005   1.0000000000000000E-002   1.2000000000000000E-002   1.0017982340693172        0.0000000000000000        1.0017982340693172        1.0000000000000000        6.9400066739805622E-310
  0.20500096141080343        9.5819457025071798E-005  -4.0847285837308789E-005   1.0000000000000000E-002   1.2000000000000000E-002   1.0017986178791352        0.0000000000000000        1.0017986178791352        1.0000000000000000        6.9400066739805622E-310
  0.21500097706310889        9.7379496963611055E-005  -4.1513704667650586E-005   1.0000000000000000E-002   1.2000000000000000E-002   1.0017990087796875        0.0000000000000000        1.0017990087796875        1.0000000000000000        6.9400066739805622E-310
  0.22500098885986750        9.8555273253340833E-005  -4.2016389405929999E-005   1.0000000000000000E-002   1.2000000000000000E-002   1.0017994052292554        0.0000000000000000        1.0017994052292554        1.0000000000000000        6.9400066739805622E-310
  0.23500099675439332        9.9342132117414379E-005  -4.2353309937404049E-005   1.0000000000000000E-002   1.2000000000000000E-002   1.0017998056639665        0.0000000000000000        1.0017998056639665        1.0000000000000000        6.9400066739805622E-310
  0.24500100071539632        9.9736954620145785E-005  -4.2523109534009507E-005   1.0000000000000000E-002   1.2000000000000000E-002   1.0018002085039135        0.0000000000000000        1.0018002085039135        1.0000000000000000        6.9400066739805622E-310
  0.25500100072710624        9.9738168173617921E-005  -4.2525061665799058E-005   1.0000000000000000E-002   1.2000000000000000E-002   1.0018006121592709        0.0000000000000000        1.0018006121592709        1.0000000000000000        6.9400066739805622E-310
  0.26500099678934425        9.9345753203662179E-005  -4.2359266696934128E-005   1.0000000000000000E-002   1.2000000000000000E-002   1.0018010150372323        0.0000000000000000        1.0018010150372323        1.0000000000000000        6.9400066739805622E-310
  0.27500098891750746        9.8561244868280689E-005  -4.2026226771518793E-005   1.0000000000000000E-002   1.2000000000000000E-002   1.0018014155478538        0.0000000000000000        1.0018014155478538        1.0000000000000000        6.9400066739805622E-310
  0.28500097714252809        9.7387725086690432E-005  -4.1527250393080806E-005   1.0000000000000000E-002   1.2000000000000000E-002   1.0018018121097778        0.0000000000000000        1.0018018121097778        1.0000000000000000        6.9400066739805622E-310
  0.29500096151074878        9.5829811490464743E-005  -4.0864321077194177E-005   1.0000000000000000E-002   1.2000000000000000E-002   1.0018022031572951        0.0000000000000000        1.0018022031572951        1.0000000000000000        6.9400066739805622E-310
  0.30500094208373896        9.3893640523686625E-005  -4.0040022656562257E-005   1.0000000000000000E-002   1.2000000000000000E-002   1.0018025871463383        0.0000000000000000        1.0018025871463383        1.0000000000000000        6.9400066739805622E-310
  0.31500091893805504        9.1586841149868115E-005  -3.9057580170087647E-005   1.0000000000000000E-002   1.2000000000000000E-002   1.0018029625604161        0.0000000000000000        1.0018029625604161        1.0000000000000000        6.9400066739805622E-310
  0.32500089216494110        8.8918507572813876E-005  -3.7920869250029909E-005   1.0000000000000000E-002   1.2000000000000000E-002   1.0018033279167358        0.0000000000000000        1.0018033279167358        1.0000000000000000        6.9400066739805622E-310
  0.33500086186996847        8.5899160433489422E-005  -3.6634355551790065E-005   1.0000000000000000E-002   1.2000000000000000E-002   1.0018036817720863        0.0000000000000000        1.0018036817720863        1.0000000000000000        6.9400066739805622E-310
  0.34500082817262129        8.2540708482730171E-005  -3.5203083157853143E-005   1.0000000000000000E-002   1.2000000000000000E-002   1.0018040227284095        0.0000000000000000        1.0018040227284095        1.0000000000000000        6.9400066739805622E-310
  0.35500079120582739        7.8856400028771371E-005  -3.3632682811202130E-005   1.0000000000000000E-002   1.2000000000000000E-002   1.0018043494382878        0.0000000000000000        1.0018043494382878        1.0000000000000000        6.9400066739805622E-310
  0.36500075111543762        7.4860770590940638E-005  -3.1929423038867810E-005   1.0000000000000000E-002   1.2000000000000000E-002   1.0018046606107922        0.0000000000000000        1.0018046606107922        1.0000000000000000        6.9400066739805622E-310
  0.37500070805963909        7.0569586451482857E-005  -3.0099905234948210E-005   1.0000000000000000E-002   1.2000000000000000E-002   1.0018049550160790        0.0000000000000000        1.0018049550160790        1.0000000000000000        6.9400066739805622E-310
  0.38500066220834755        6.5999782287024292E-005  -2.8151435037315764E-005   1.0000000000000000E-002   1.2000000000000000E-002   1.0018052314902810        0.0000000000000000        1.0018052314902810        1.0000000000000000        6.9400066739805622E-310
  0.39500061374252543        6.1169393722423760E-005  -2.6091721947452129E-005   1.0000000000000000E-002   1.2000000000000000E-002   1.0018054889408270        0.0000000000000000        1.0018054889408270        1.0000000000000000        6.9400066739805622E-310
  0.40500056285346531        5.6097486676369454E-005  -2.3928783938309550E-005   1.0000000000000000E-002   1.2000000000000000E-002   1.0018057263497755        0.0000000000000000        1.0018057263497755        1.0000000000000000        6.9400066739805622E-310
  0.41500050974204861        5.0804082429684772E-005  -2.1671238704890072E-005   1.0000000000000000E-002   1.2000000000000000E-002   1.0018059427781587        0.0000000000000000        1.0018059427781587        1.0000000000000000        6.9400066739805622E-310
  0.42500045461794217        4.5310077415396635E-005  -1.9328033018517488E-005   1.0000000000000000E-002   1.2000000000000000E-002   1.0018061373703639        0.0000000000000000        1.0018061373703639        1.0000000000000000        6.9400066739805622E-310
  0.43500039769876842        3.9637161642489622E-005  -1.6908387845404604E-005   1.0000000000000000E-002   1.2000000000000000E-002   1.0018063093569960        0.0000000000000000        1.0018063093569960        1.0000000000000000        6.9400066739805622E-310
  0.44500033920924875        3.3807733271179687E-005  -1.4421838127276487E-005   1.0000000000000000E-002   1.2000000000000000E-002   1.0018064580577075        0.0000000000000000        1.0018064580577075        1.0000000000000000        6.9400066739805622E-310
  0.45500027938031889        2.7844807973834329E-005  -1.1878281849675432E-005   1.0000000000000000E-002   1.2000000000000000E-002   1.0018065828843554        0.0000000000000000        1.0018065828843554        1.0000000000000000        6.9400066739805622E-310
  0.46500021844820899        2.1771930727918539E-005  -9.2877753097297955E-006   1.0000000000000000E-002   1.2000000000000000E-002   1.0018066833435411        0.0000000000000000        1.0018066833435411        1.0000000000000000        6.9400066739805622E-310
  0.47500015665350737        1.5613080939805342E-005  -6.6604483883736521E-006   1.0000000000000000E-002   1.2000000000000000E-002   1.0018067590376405        0.0000000000000000        1.0018067590376405        1.0000000000000000        6.9400066739805622E-310
  0.48500009424022628        9.3925781881775378E-006  -4.0068676572246886E-006   1.0000000000000000E-002   1.2000000000000000E-002   1.0018068096672845        0.0000000000000000        1.0018068096672845        1.0000000000000000        6.9400066739805622E-310
  0.49500003145481158        3.1349860798375907E-006  -1.3373870180188874E-006   1.0000000000000000E-002   1.2000000000000000E-002   1.0018068350324123        0.0000000000000000        1.0018068350324123        1.0000000000000000        6.9400066739805622E-310
  0.50499996854518880       -3.1349860139073714E-006   1.3373929350635194E-006   1.0000000000000000E-002   1.2000000000000000E-002   1.0018068350323777        0.0000000000000000        1.0018068350323777        1.0000000000000000        6.9400066739805622E-310
  0.51499990575977517       -9.3925783505383514E-006   4.0068386608638207E-006   1.0000000000000000E-002   1.2000000000000000E-002   1.0018068096673680        0.0000000000000000        1.0018068096673680        1.0000000000000000        6.9400066739805622E-310
  0.52499984334649119       -1.5613081122237547E-005   6.6604735806663484E-006   1.0000000000000000E-002   1.2000000000000000E-002   1.0018067590377384        0.0000000000000000        1.0018067590377384        1.0000000000000000        6.9400066739805622E-310
  0.53499978155179040       -2.1771930611192689E-005   9.2877627784204719E-006   1.0000000000000000E-002   1.2000000000000000E-002   1.0018066833435728        0.0000000000000000        1.0018066833435728        1.0000000000000000        6.9400066739805622E-310
  0.54499972061967927       -2.7844807894274489E-005   1.1878287305755464E-005   1.0000000000000000E-002   1.2000000000000000E-002   1.0018065828844305        0.0000000000000000        1.0018065828844305        1.0000000000000000        6.9400066739805622E-310
  0.55499966079074881       -3.3807733021257934E-005   1.4421863290259296E-005   1.0000000000000000E-002   1.2000000000000000E-002   1.0018064580576380        0.0000000000000000        1.0018064580576380        1.0000000000000000        6.9400066739805622E-310
  0.56499960230123125       -3.9637161955615301E-005   1.6908375052970825E-005   1.0000000000000000E-002   1.2000000000000000E-002   1.0018063093568650        0.0000000000000000        1.0018063093568650        1.0000000000000000        6.9400066739805622E-310
  0.57499954538205833       -4.5310077371880561E-005   1.9328016605868470E-005   1.0000000000000000E-002   1.2000000000000000E-002   1.0018061373703753        0.0000000000000000        1.0018061373703753        1.0000000000000000        6.9400066739805622E-310
  0.58499949025795039       -5.0804082243186555E-005   2.1671273876755492E-005   1.0000000000000000E-002   1.2000000000000000E-002   1.0018059427780814        0.0000000000000000        1.0018059427780814        1.0000000000000000        6.9400066739805622E-310
  0.59499943714653680       -5.6097486896817002E-005   2.3928754226965054E-005   1.0000000000000000E-002   1.2000000000000000E-002   1.0018057263496691        0.0000000000000000        1.0018057263496691        1.0000000000000000        6.9400066739805622E-310
  0.60499938625747618       -6.1169393632040398E-005   2.6091696980756751E-005   1.0000000000000000E-002   1.2000000000000000E-002   1.0018054889409762        0.0000000000000000        1.0018054889409762        1.0000000000000000        6.9400066739805622E-310
  0.61499933779165117       -6.5999782221462980E-005   2.8151457854619366E-005   1.0000000000000000E-002   1.2000000000000000E-002   1.0018052314904313        0.0000000000000000        1.0018052314904313        1.0000000000000000        6.9400066739805622E-310
  0.62499929194035930       -7.0569586505387437E-005   3.0099921174198130E-005   1.0000000000000000E-002   1.2000000000000000E-002   1.0018049550160577        0.0000000000000000        1.0018049550160577        1.0000000000000000        6.9400066739805622E-310
  0.63499924888456172       -7.4860770411037711E-005   3.1929421766108135E-005   1.0000000000000000E-002   1.2000000000000000E-002   1.0018046606107069        0.0000000000000000        1.0018046606107069        1.0000000000000000        6.9400066739805622E-310
  0.64499920879417283       -7.8856400108524334E-005   3.3632675213723928E-005   1.0000000000000000E-002   1.2000000000000000E-002   1.0018043494382420        0.0000000000000000        1.0018043494382420        1.0000000000000000        6.9400066739805622E-310
  0.65499917182737888       -8.2540708520506689E-005   3.5203087143109713E-005   1.0000000000000000E-002   1.2000000000000000E-002   1.0018040227283762        0.0000000000000000        1.0018040227283762        1.0000000000000000        6.9400066739805622E-310
  0.66499913813003242       -8.5899160616060910E-005   3.6634348527186944E-005   1.0000000000000000E-002   1.2000000000000000E-002   1.0018036817720712        0.0000000000000000        1.0018036817720712        1.0000000000000000        6.9400066739805622E-310
  0.67499910783505934       -8.8918507324773301E-005   3.7920872414609619E-005   1.0000000000000000E-002   1.2000000000000000E-002   1.0018033279167355        0.0000000000000000        1.0018033279167355        1.0000000000000000        6.9400066739805622E-310
  0.68499908106194596       -9.1586841413242453E-005   3.9057561202149316E-005   1.0000000000000000E-002   1.2000000000000000E-002   1.0018029625604847        0.0000000000000000        1.0018029625604847        1.0000000000000000        6.9400066739805622E-310
  0.69499905791626004       -9.3893640258388493E-005   4.0040042383893137E-005   1.0000000000000000E-002   1.2000000000000000E-002   1.0018025871464102        0.0000000000000000        1.0018025871464102        1.0000000000000000        6.9400066739805622E-310
  0.70499903848925050       -9.5829811680995698E-005   4.0864336786405886E-005   1.0000000000000000E-002   1.2000000000000000E-002   1.0018022031572007        0.0000000000000000        1.0018022031572007        1.0000000000000000        6.9400066739805622E-310
  0.71499902285747308       -9.7387725027790064E-005   4.1527234599492147E-005   1.0000000000000000E-002   1.2000000000000000E-002   1.0018018121096963        0.0000000000000000        1.0018018121096963        1.0000000000000000        6.9400066739805622E-310
  0.72499901108249354       -9.8561244956705182E-005   4.2026215462342975E-005   1.0000000000000000E-002   1.2000000000000000E-002   1.0018014155478794        0.0000000000000000        1.0018014155478794        1.0000000000000000        6.9400066739805622E-310
  0.73499900321065659       -9.9345753227942453E-005   4.2359239158962225E-005   1.0000000000000000E-002   1.2000000000000000E-002   1.0018010150374390        0.0000000000000000        1.0018010150374390        1.0000000000000000        6.9400066739805622E-310
  0.74499899927289015       -9.9738167983903981E-005   4.2525119500425035E-005   1.0000000000000000E-002   1.2000000000000000E-002   1.0018006121593397        0.0000000000000000        1.0018006121593397        1.0000000000000000        6.9400066739805622E-310
  0.75499899928460301       -9.9736954625223416E-005   4.2523102159464088E-005   1.0000000000000000E-002   1.2000000000000000E-002   1.0018002085037552        0.0000000000000000        1.0018002085037552        1.0000000000000000        6.9400066739805622E-310
  0.76499900324560666       -9.9342132168058411E-005   4.2353306273668068E-005   1.0000000000000000E-002   1.2000000000000000E-002   1.0017998056638606        0.0000000000000000        1.0017998056638606        1.0000000000000000        6.9400066739805622E-310
  0.77499901114013403       -9.8555273321016367E-005   4.2016362724162093E-005   1.0000000000000000E-002   1.2000000000000000E-002   1.0017994052292833        0.0000000000000000        1.0017994052292833        1.0000000000000000        6.9400066739805622E-310
  0.78499902293689028       -9.7379496962401654E-005   4.1513733516573836E-005   1.0000000000000000E-002   1.2000000000000000E-002   1.0017990087797042        0.0000000000000000        1.0017990087797042        1.0000000000000000        6.9400066739805622E-310
  0.79499903858919774       -9.5819456862544647E-005   4.0847265115218079E-005   1.0000000000000000E-002   1.2000000000000000E-002   1.0017986178791163        0.0000000000000000        1.0017986178791163        1.0000000000000000        6.9400066739805622E-310
  0.80499905803515626       -9.3881322640267101E-005   4.0019775394917190E-005   1.0000000000000000E-002   1.2000000000000000E-002   1.0017982340693445        0.0000000000000000        1.0017982340693445        1.0000000000000000        6.9400066739805622E-310
  0.81499908119791742       -9.1572754325627525E-005   3.9034380932889690E-005   1.0000000000000000E-002   1.2000000000000000E-002   1.0017978588640535        0.0000000000000000        1.0017978588640535        1.0000000000000000        6.9400066739805622E-310
  0.82499910798596110       -8.8902873509583795E-005   3.7895162284584671E-005   1.0000000000000000E-002   1.2000000000000000E-002   1.0017974937427718        0.0000000000000000        1.0017974937427718        1.0000000000000000        6.9400066739805622E-310
  0.83499913829348638       -8.5882226109548432E-005   3.6606480144030229E-005   1.0000000000000000E-002   1.2000000000000000E-002   1.0017971401449079        0.0000000000000000        1.0017971401449079        1.0000000000000000        6.9400066739805622E-310
  0.84499917200080743       -8.2522741122876102E-005   3.5173494638662817E-005   1.0000000000000000E-002   1.2000000000000000E-002   1.0017967994647441        0.0000000000000000        1.0017967994647441        1.0000000000000000        6.9400066739805622E-310
  0.85499920897483717       -7.8837682459415617E-005   3.3601912483582907E-005   1.0000000000000000E-002   1.2000000000000000E-002   1.0017964730449229        0.0000000000000000        1.0017964730449229        1.0000000000000000        6.9400066739805622E-310
  0.86499924906961778       -7.4841598295755655E-005   3.1897854733564657E-005   1.0000000000000000E-002   1.2000000000000000E-002   1.0017961621719988        0.0000000000000000        1.0017961621719988        1.0000000000000000        6.9400066739805622E-310
  0.87499929212688554       -7.0550262012980005E-005   3.0068123789028789E-005   1.0000000000000000E-002   1.2000000000000000E-002   1.0017958680711645        0.0000000000000000        1.0017958680711645        1.0000000000000000        6.9400066739805622E-310
  0.88499933797670682       -6.5980609983642063E-005   2.8119900750134263E-005   1.0000000000000000E-002   1.2000000000000000E-002   1.0017955919012320        0.0000000000000000        1.0017955919012320        1.0000000000000000        6.9400066739805622E-310
  0.89499938643814203       -6.1150676369531572E-005   2.6060888107082292E-005   1.0000000000000000E-002   1.2000000000000000E-002   1.0017953347504092        0.0000000000000000        1.0017953347504092        1.0000000000000000        6.9400066739805622E-310
  0.90499943731996191       -5.6079519061230883E-005   2.3899224925294504E-005   1.0000000000000000E-002   1.2000000000000000E-002   1.0017950976316807        0.0000000000000000        1.0017950976316807        1.0000000000000000        6.9400066739805622E-310
  0.91499949042140472       -5.0787148150836522E-005   2.1643377016822285E-005   1.0000000000000000E-002   1.2000000000000000E-002   1.0017948814792403        0.0000000000000000        1.0017948814792403        1.0000000000000000        6.9400066739805622E-310
  0.92499954553295960       -4.5294443478285477E-005   1.9302307348922909E-005   1.0000000000000000E-002   1.2000000000000000E-002   1.0017946871445693        0.0000000000000000        1.0017946871445693        1.0000000000000000        6.9400066739805622E-310
  0.93499960243720193       -3.9623074848391668E-005   1.6885208219186154E-005   1.0000000000000000E-002   1.2000000000000000E-002   1.0017945153929506        0.0000000000000000        1.0017945153929506        1.0000000000000000        6.9400066739805622E-310
  0.94499966090964627       -3.3795415219593860E-005   1.4401564922827959E-005   1.0000000000000000E-002   1.2000000000000000E-002   1.0017943669010678        0.0000000000000000        1.0017943669010678        1.0000000000000000        6.9400066739805622E-310
  0.95499972071962447       -2.7834453004021523E-005   1.1861273157443009E-005   1.0000000000000000E-002   1.2000000000000000E-002   1.0017942422535839        0.0000000000000000        1.0017942422535839        1.0000000000000000        6.9400066739805622E-310
  0.96499978163121081       -2.1763702915582113E-005   9.2742049231375745E-006   1.0000000000000000E-002   1.2000000000000000E-002   1.0017941419413541        0.0000000000000000        1.0017941419413541        1.0000000000000000        6.9400066739805622E-310
  0.97499984340413182       -1.5607109435230275E-005   6.6506374425401305E-006   1.0000000000000000E-002   1.2000000000000000E-002   1.0017940663596170        0.0000000000000000        1.0017940663596170        1.0000000000000000        6.9400066739805622E-310
  0.98499990579472607       -9.3889569941108511E-006   4.0008990511708475E-006   1.0000000000000000E-002   1.2000000000000000E-002   1.0017940158057972        0.0000000000000000        1.0017940158057972        1.0000000000000000        6.9400066739805622E-310
  0.99499996855690098       -3.1337727435986574E-006   1.3353898005163956E-006   1.0000000000000000E-002   1.2000000000000000E-002   1.0017939904789579        0.0000000000000000        1.0017939904789579        1.0000000000000000        6.9400066739805622E-310
   1.0050000314430996        3.1337722213966349E-006  -1.0158245817848410E-006   1.0000000000000000E-002   1.2000000000000000E-002   1.0017939904789970        0.0000000000000000        1.0017939904789970        1.0000000000000000        6.9400066739805622E-310
   1.0150000942052735        9.3889564105818272E-006  -3.0434232991538579E-006   1.0000000000000000E-002   1.2000000000000000E-002   1.0017940158058147        0.0000000000000000        1.0017940158058147        1.0000000000000000        6.9400066739805622E-310
   1.0250001565958682        1.5607107874937070E-005  -5.0590514559800681E-006   1.0000000000000000E-002   1.2000000000000000E-002   1.0017940663595029        0.0000000000000000        1.0017940663595029        1.0000000000000000        6.9400066739805622E-310
   1.0350002183687914        2.1763700661296704E-005  -7.0548006929627149E-006   1.0000000000000000E-002   1.2000000000000000E-002   1.0017941419412777        0.0000000000000000        1.0017941419412777        1.0000000000000000        6.9400066739805622E-310
   1.0450002792803770        2.7834450527696297E-005  -9.0227434013101515E-006   1.0000000000000000E-002   1.2000000000000000E-002   1.0017942422536157        0.0000000000000000        1.0017942422536157        1.0000000000000000        6.9400066739805622E-310
  -5.0000314430990178E-003  -3.1341562434683844E-006  -3.5767633061438002E+077   1.0000000000000000E-002   1.2000000000000000E-002   1.0017939904789579        0.0000000000000000        1.0017939904789579        1.0000000000000000        6.9400066739805622E-310
  -1.5000094205273928E-002  -9.3901059292520100E-006   0.0000000000000000        1.0000000000000000E-002   1.2000000000000000E-002   1.0017940158057972        0.0000000000000000        1.0017940158057972        1.0000000000000000        6.9400066739805622E-310
  -2.5000156595868184E-002  -1.5609019326900156E-005  -3.5767633061438002E+077   1.0000000000000000E-002   1.2000000000000000E-002   1.0017940663596170        0.0000000000000000        1.0017940663596170        1.0000000000000000        6.9400066739805622E-310
  -3.5000218368789193E-002  -2.1766366237493923E-005   6.9400068546417920E-310   1.0000000000000000E-002   1.2000000000000000E-002   1.0017941419413541        0.0000000000000000        1.0017941419413541        1.0000000000000000        6.9400066739805622E-310
  -4.5000279280375532E-002  -2.7837859228500532E-005   6.9400066883177543E-310   1.0000000000000000E-002   1.2000000000000000E-002   1.0017942422535839        0.0000000000000000        1.0017942422535839        1.0000000000000000        6.9400066739805622E-310
