 # x, v, a, m, h, rho, u, P, c, ke
  0.60000000000000031     
   4.9996646597398860E-003  -2.2557210291395125E-006   1.4251127660180885E-005   1.0000000000000000E-002   1.2000000000000000E-002   1.0018688970138545        0.0000000000000000        1.0018688970138545        1.0000000000000000        6.9400066739805622E-310
   1.4998995302741397E-002  -6.7582610704861027E-006   4.2697119974732800E-005   1.0000000000000000E-002   1.2000000000000000E-002   1.0018686266967407        0.0000000000000000        1.0018686266967407        1.0000000000000000        6.9400066739805622E-310
   2.4998329911082615E-002  -1.1234129580455523E-005   7.0974538517454278E-005   1.0000000000000000E-002   1.2000000000000000E-002   1.0018680871300836        0.0000000000000000        1.0018680871300836        1.0000000000000000        6.9400066739805622E-310
   3.4997671110927019E-002  -1.5665662928613639E-005   9.8971765369881837E-005   1.0000000000000000E-002   1.2000000000000000E-002   1.0018672804447502        0.0000000000000000        1.0018672804447502        1.0000000000000000        6.9400066739805622E-310
   4.4997021502418751E-002  -2.0035372002957803E-005   1.2657827362261287E-004   1.0000000000000000E-002   1.2000000000000000E-002   1.0018662098263775        0.0000000000000000        1.0018662098263775        1.0000000000000000        6.9400066739805622E-310
   5.4996383649418695E-002  -2.4326011899463894E-005   1.5368505294510726E-004   1.0000000000000000E-002   1.2000000000000000E-002   1.0018648795029974        0.0000000000000000        1.0018648795029974        1.0000000000000000        6.9400066739805622E-310
   6.4995760069380501E-002  -2.8520649569232094E-005   1.8018511416162397E-004   1.0000000000000000E-002   1.2000000000000000E-002   1.0018632947282085        0.0000000000000000        1.0018632947282085        1.0000000000000000        6.9400066739805622E-310
   7.4995153223415933E-002  -3.2602730898875247E-005   2.0597384193710155E-004   1.0000000000000000E-002   1.2000000000000000E-002   1.0018614617602850        0.0000000000000000        1.0018614617602850        1.0000000000000000        6.9400066739805622E-310
   8.4994565506579217E-002  -3.6556146035146094E-005   2.3094943138968205E-004   1.0000000000000000E-002   1.2000000000000000E-002   1.0018593878375379        0.0000000000000000        1.0018593878375379        1.0000000000000000        6.9400066739805622E-310
   9.4993999238412841E-002  -4.0365292786732200E-005   2.5501329570598585E-004   1.0000000000000000E-002   1.2000000000000000E-002   1.0018570811496430        0.0000000000000000        1.0018570811496430        1.0000000000000000        6.9400066739805622E-310
  0.10499345665379220       -4.4015138303263371E-005   2.7807044897798505E-004   1.0000000000000000E-002   1.2000000000000000E-002   1.0018545508052403        0.0000000000000000        1.0018545508052403        1.0000000000000000        6.9400066739805622E-310
  0.11499293989410404       -4.7491278349456551E-005   3.0002989369037891E-004   1.0000000000000000E-002   1.2000000000000000E-002   1.0018518067958562        0.0000000000000000        1.0018518067958562        1.0000000000000000        6.9400066739805622E-310
  0.12499245099879609       -5.0779994274352693E-005   3.2080494203157173E-004   1.0000000000000000E-002   1.2000000000000000E-002   1.0018488599564597        0.0000000000000000        1.0018488599564597        1.0000000000000000        6.9400066739805622E-310
  0.13499199189732564       -5.3868307097157206E-005   3.4031360490871521E-004   1.0000000000000000E-002   1.2000000000000000E-002   1.0018457219226515        0.0000000000000000        1.0018457219226515        1.0000000000000000        6.9400066739805622E-310
  0.14499156440154534       -5.6744028569562471E-005   3.5847889602802496E-004   1.0000000000000000E-002   1.2000000000000000E-002   1.0018424050845574        0.0000000000000000        1.0018424050845574        1.0000000000000000        6.9400066739805622E-310
  0.15499117019855296       -5.9395809463735064E-005   3.7522913993370821E-004   1.0000000000000000E-002   1.2000000000000000E-002   1.0018389225378295        0.0000000000000000        1.0018389225378295        1.0000000000000000        6.9400066739805622E-310
  0.16499081084403441       -6.1813184288466187E-005   3.9049824077608264E-004   1.0000000000000000E-002   1.2000000000000000E-002   1.0018352880318941        0.0000000000000000        1.0018352880318941        1.0000000000000000        6.9400066739805622E-310
  0.17499048775612483       -6.3986612790028566E-005   4.0422594202826900E-004   1.0000000000000000E-002   1.2000000000000000E-002   1.0018315159156903        0.0000000000000000        1.0018315159156903        1.0000000000000000        6.9400066739805622E-310
  0.18499020220981183       -6.5907517254517434E-005   4.1635808866846702E-004   1.0000000000000000E-002   1.2000000000000000E-002   1.0018276210809562        0.0000000000000000        1.0018276210809562        1.0000000000000000        6.9400066739805622E-310
  0.19498995533190475       -6.7568316450709171E-005   4.2684685125493615E-004   1.0000000000000000E-002   1.2000000000000000E-002   1.0018236189031917        0.0000000000000000        1.0018236189031917        1.0000000000000000        6.9400066739805622E-310
  0.20498974809659301       -6.8962455865842045E-005   4.3565083455554543E-004   1.0000000000000000E-002   1.2000000000000000E-002   1.0018195251810602        0.0000000000000000        1.0018195251810602        1.0000000000000000        6.9400066739805622E-310
  0.21498958132159909       -7.0084433112345984E-005   4.4273534387784252E-004   1.0000000000000000E-002   1.2000000000000000E-002   1.0018153560740013        0.0000000000000000        1.0018153560740013        1.0000000000000000        6.9400066739805622E-310
  0.22498945566495679       -7.0929820060910588E-005   4.4807244127298418E-004   1.0000000000000000E-002   1.2000000000000000E-002   1.0018111280383242        0.0000000000000000        1.0018111280383242        1.0000000000000000        6.9400066739805622E-310
  0.23498937162241432       -7.1495280187091267E-005   4.5164110443618455E-004   1.0000000000000000E-002   1.2000000000000000E-002   1.0018068577622907        0.0000000000000000        1.0018068577622907        1.0000000000000000        6.9400066739805622E-310
  0.24498932952548177       -7.1778581484585000E-005   4.5342727716590758E-004   1.0000000000000000E-002   1.2000000000000000E-002   1.0018025621002076        0.0000000000000000        1.0018025621002076        1.0000000000000000        6.9400066739805622E-310
  0.25498932954012338       -7.1778605640525161E-005   4.5342397678815871E-004   1.0000000000000000E-002   1.2000000000000000E-002   1.0017982580057823        0.0000000000000000        1.0017982580057823        1.0000000000000000        6.9400066739805622E-310
  0.26498937166610903       -7.1495352243211167E-005   4.5163123688674034E-004   1.0000000000000000E-002   1.2000000000000000E-002   1.0017939624652386        0.0000000000000000        1.0017939624652386        1.0000000000000000        6.9400066739805622E-310
  0.27498945573701516       -7.0929939006611858E-005   4.4805617139331844E-004   1.0000000000000000E-002   1.2000000000000000E-002   1.0017896924304099        0.0000000000000000        1.0017896924304099        1.0000000000000000        6.9400066739805622E-310
  0.28498958142088499       -7.0084596970615887E-005   4.4271292343367463E-004   1.0000000000000000E-002   1.2000000000000000E-002   1.0017854647517803        0.0000000000000000        1.0017854647517803        1.0000000000000000        6.9400066739805622E-310
  0.29498974822154017       -6.8962661948404356E-005   4.3562262693619402E-004   1.0000000000000000E-002   1.2000000000000000E-002   1.0017812961119541        0.0000000000000000        1.0017812961119541        1.0000000000000000        6.9400066739805622E-310
  0.30498995548054353       -6.7568561665883238E-005   4.2681327973337346E-004   1.0000000000000000E-002   1.2000000000000000E-002   1.0017772029599294        0.0000000000000000        1.0017772029599294        1.0000000000000000        6.9400066739805622E-310
  0.31499020237979680       -6.5907797771409213E-005   4.1631971219580066E-004   1.0000000000000000E-002   1.2000000000000000E-002   1.0017732014461180        0.0000000000000000        1.0017732014461180        1.0000000000000000        6.9400066739805622E-310
  0.32499048794477609       -6.3986924106357036E-005   4.0418334654823695E-004   1.0000000000000000E-002   1.2000000000000000E-002   1.0017693073586631        0.0000000000000000        1.0017693073586631        1.0000000000000000        6.9400066739805622E-310
  0.33499081104837675       -6.1813521608073018E-005   3.9045210129984298E-004   1.0000000000000000E-002   1.2000000000000000E-002   1.0017655360613571        0.0000000000000000        1.0017655360613571        1.0000000000000000        6.9400066739805622E-310
  0.34499117041536392       -5.9396167254171157E-005   3.7518018155591193E-004   1.0000000000000000E-002   1.2000000000000000E-002   1.0017619024330149        0.0000000000000000        1.0017619024330149        1.0000000000000000        6.9400066739805622E-310
  0.35499156462740528       -5.6744401265990823E-005   3.5842790085904852E-004   1.0000000000000000E-002   1.2000000000000000E-002   1.0017584208087069        0.0000000000000000        1.0017584208087069        1.0000000000000000        6.9400066739805622E-310
  0.36499199212867295       -5.3868688805883872E-005   3.4026137190856787E-004   1.0000000000000000E-002   1.2000000000000000E-002   1.0017551049232885        0.0000000000000000        1.0017551049232885        1.0000000000000000        6.9400066739805622E-310
  0.37499245123198272       -5.0780379017590471E-005   3.2075228602668204E-004   1.0000000000000000E-002   1.2000000000000000E-002   1.0017519678574491        0.0000000000000000        1.0017519678574491        1.0000000000000000        6.9400066739805622E-310
  0.38499294012545227       -4.7491660118468727E-005   2.9997764705225194E-004   1.0000000000000000E-002   1.2000000000000000E-002   1.0017490219860852        0.0000000000000000        1.0017490219860852        1.0000000000000000        6.9400066739805622E-310
  0.39499345687965243       -4.4015510992097869E-005   2.7801946045702408E-004   1.0000000000000000E-002   1.2000000000000000E-002   1.0017462789294087        0.0000000000000000        1.0017462789294087        1.0000000000000000        6.9400066739805622E-310
  0.40499399945522424       -4.0365650552075958E-005   2.5496434515126509E-004   1.0000000000000000E-002   1.2000000000000000E-002   1.0017437495073576        0.0000000000000000        1.0017437495073576        1.0000000000000000        6.9400066739805622E-310
  0.41499456571092308       -3.6556483238715746E-005   2.3090327956243328E-004   1.0000000000000000E-002   1.2000000000000000E-002   1.0017414436970808        0.0000000000000000        1.0017414436970808        1.0000000000000000        6.9400066739805622E-310
  0.42499515341206823       -3.2603042238415035E-005   2.0593124760548420E-004   1.0000000000000000E-002   1.2000000000000000E-002   1.0017393705932811        0.0000000000000000        1.0017393705932811        1.0000000000000000        6.9400066739805622E-310
  0.43499576023936654       -2.8520930091607615E-005   1.8014673418953464E-004   1.0000000000000000E-002   1.2000000000000000E-002   1.0017375383726472        0.0000000000000000        1.0017375383726472        1.0000000000000000        6.9400066739805622E-310
  0.44499638379805789       -2.4326257161153290E-005   1.5365148590973376E-004   1.0000000000000000E-002   1.2000000000000000E-002   1.0017359542618089        0.0000000000000000        1.0017359542618089        1.0000000000000000        6.9400066739805622E-310
  0.45499702162736644       -2.0035578190631688E-005   1.2655005762152172E-004   1.0000000000000000E-002   1.2000000000000000E-002   1.0017346245085506        0.0000000000000000        1.0017346245085506        1.0000000000000000        6.9400066739805622E-310
  0.46499767121021252       -1.5665826828794555E-005   9.8949346849508402E-005   1.0000000000000000E-002   1.2000000000000000E-002   1.0017335543574410        0.0000000000000000        1.0017335543574410        1.0000000000000000        6.9400066739805622E-310
  0.47499832998313990       -1.1234248627430453E-005   7.0958281382260679E-005   1.0000000000000000E-002   1.2000000000000000E-002   1.0017327480290872        0.0000000000000000        1.0017327480290872        1.0000000000000000        6.9400066739805622E-310
  0.48499899534643559       -6.7583329727696903E-006   4.2687256409656982E-005   1.0000000000000000E-002   1.2000000000000000E-002   1.0017322087035629        0.0000000000000000        1.0017322087035629        1.0000000000000000        6.9400066739805622E-310
  0.49499966467438183       -2.2557451259184937E-006   1.4247817925472361E-005   1.0000000000000000E-002   1.2000000000000000E-002   1.0017319385080079        0.0000000000000000        1.0017319385080079        1.0000000000000000        6.9400066739805622E-310
  0.50500033532561839        2.2557451191889652E-006  -1.4247828573843435E-005   1.0000000000000000E-002   1.2000000000000000E-002   1.0017319385080572        0.0000000000000000        1.0017319385080572        1.0000000000000000        6.9400066739805622E-310
  0.51500100465356347        6.7583331483604444E-006  -4.2687243722916435E-005   1.0000000000000000E-002   1.2000000000000000E-002   1.0017322087036007        0.0000000000000000        1.0017322087036007        1.0000000000000000        6.9400066739805622E-310
  0.52500167001685949        1.1234248442909271E-005  -7.0958279632549193E-005   1.0000000000000000E-002   1.2000000000000000E-002   1.0017327480290581        0.0000000000000000        1.0017327480290581        1.0000000000000000        6.9400066739805622E-310
  0.53500232878978726        1.5665826843702064E-005  -9.8949349665033992E-005   1.0000000000000000E-002   1.2000000000000000E-002   1.0017335543574222        0.0000000000000000        1.0017335543574222        1.0000000000000000        6.9400066739805622E-310
  0.54500297837263323        2.0035578142929046E-005  -1.2655004842443418E-004   1.0000000000000000E-002   1.2000000000000000E-002   1.0017346245085006        0.0000000000000000        1.0017346245085006        1.0000000000000000        6.9400066739805622E-310
  0.55500361620194294        2.4326257217160776E-005  -1.5365149956725332E-004   1.0000000000000000E-002   1.2000000000000000E-002   1.0017359542617741        0.0000000000000000        1.0017359542617741        1.0000000000000000        6.9400066739805622E-310
  0.56500423976063396        2.8520930072122411E-005  -1.8014673878585796E-004   1.0000000000000000E-002   1.2000000000000000E-002   1.0017375383727041        0.0000000000000000        1.0017375383727041        1.0000000000000000        6.9400066739805622E-310
  0.57500484658793116        3.2603042163809024E-005  -2.0593122789414053E-004   1.0000000000000000E-002   1.2000000000000000E-002   1.0017393705932600        0.0000000000000000        1.0017393705932600        1.0000000000000000        6.9400066739805622E-310
  0.58500543428907803        3.6556483285921767E-005  -2.3090330281760885E-004   1.0000000000000000E-002   1.2000000000000000E-002   1.0017414436970813        0.0000000000000000        1.0017414436970813        1.0000000000000000        6.9400066739805622E-310
  0.59500600054477515        4.0365650572616399E-005  -2.5496432706173522E-004   1.0000000000000000E-002   1.2000000000000000E-002   1.0017437495073849        0.0000000000000000        1.0017437495073849        1.0000000000000000        6.9400066739805622E-310
  0.60500654312034796        4.4015511008779994E-005  -2.7801946671512923E-004   1.0000000000000000E-002   1.2000000000000000E-002   1.0017462789293741        0.0000000000000000        1.0017462789293741        1.0000000000000000        6.9400066739805622E-310
  0.61500705987454807        4.7491660067668739E-005  -2.9997765513289920E-004   1.0000000000000000E-002   1.2000000000000000E-002   1.0017490219861227        0.0000000000000000        1.0017490219861227        1.0000000000000000        6.9400066739805622E-310
  0.62500754876801679        5.0780379031800946E-005  -3.2075227710492982E-004   1.0000000000000000E-002   1.2000000000000000E-002   1.0017519678574789        0.0000000000000000        1.0017519678574789        1.0000000000000000        6.9400066739805622E-310
  0.63500800787132672        5.3868688884827464E-005  -3.4026136753873004E-004   1.0000000000000000E-002   1.2000000000000000E-002   1.0017551049232594        0.0000000000000000        1.0017551049232594        1.0000000000000000        6.9400066739805622E-310
  0.64500843537259489        5.6744401286889125E-005  -3.5842790577955697E-004   1.0000000000000000E-002   1.2000000000000000E-002   1.0017584208086803        0.0000000000000000        1.0017584208086803        1.0000000000000000        6.9400066739805622E-310
  0.65500882958463635        5.9396167186364171E-005  -3.7518018837801037E-004   1.0000000000000000E-002   1.2000000000000000E-002   1.0017619024330429        0.0000000000000000        1.0017619024330429        1.0000000000000000        6.9400066739805622E-310
  0.66500918895162275        6.1813521625424603E-005  -3.9045209317567497E-004   1.0000000000000000E-002   1.2000000000000000E-002   1.0017655360613744        0.0000000000000000        1.0017655360613744        1.0000000000000000        6.9400066739805622E-310
  0.67500951205522386        6.3986924051723465E-005  -4.0418334976077830E-004   1.0000000000000000E-002   1.2000000000000000E-002   1.0017693073586627        0.0000000000000000        1.0017693073586627        1.0000000000000000        6.9400066739805622E-310
  0.68500979762020264        6.5907797678078082E-005  -4.1631969785793643E-004   1.0000000000000000E-002   1.2000000000000000E-002   1.0017732014460685        0.0000000000000000        1.0017732014460685        1.0000000000000000        6.9400066739805622E-310
  0.69501004451945747        6.7568561805113851E-005  -4.2681329795879464E-004   1.0000000000000000E-002   1.2000000000000000E-002   1.0017772029598919        0.0000000000000000        1.0017772029598919        1.0000000000000000        6.9400066739805622E-310
  0.70501025177846022        6.8962661963919370E-005  -4.3562263398833068E-004   1.0000000000000000E-002   1.2000000000000000E-002   1.0017812961120374        0.0000000000000000        1.0017812961120374        1.0000000000000000        6.9400066739805622E-310
  0.71501041857911407        7.0084596906397345E-005  -4.4271290615860437E-004   1.0000000000000000E-002   1.2000000000000000E-002   1.0017854647518116        0.0000000000000000        1.0017854647518116        1.0000000000000000        6.9400066739805622E-310
  0.72501054426298461        7.0929939072334161E-005  -4.4805617443177681E-004   1.0000000000000000E-002   1.2000000000000000E-002   1.0017896924303795        0.0000000000000000        1.0017896924303795        1.0000000000000000        6.9400066739805622E-310
  0.73501062833389075        7.1495352328906968E-005  -4.5163123533420446E-004   1.0000000000000000E-002   1.2000000000000000E-002   1.0017939624652170        0.0000000000000000        1.0017939624652170        1.0000000000000000        6.9400066739805622E-310
  0.74501067045987679        7.1778605467158807E-005  -4.5342397815417712E-004   1.0000000000000000E-002   1.2000000000000000E-002   1.0017982580057572        0.0000000000000000        1.0017982580057572        1.0000000000000000        6.9400066739805622E-310
  0.75501067047451853        7.1778581578196574E-005  -4.5342727941477534E-004   1.0000000000000000E-002   1.2000000000000000E-002   1.0018025621001996        0.0000000000000000        1.0018025621001996        1.0000000000000000        6.9400066739805622E-310
  0.76501062837758604        7.1495280155882033E-005  -4.5164111118811689E-004   1.0000000000000000E-002   1.2000000000000000E-002   1.0018068577623205        0.0000000000000000        1.0018068577623205        1.0000000000000000        6.9400066739805622E-310
  0.77501054433504291        7.0929820097189971E-005  -4.4807243593236734E-004   1.0000000000000000E-002   1.2000000000000000E-002   1.0018111280383653        0.0000000000000000        1.0018111280383653        1.0000000000000000        6.9400066739805622E-310
  0.78501041867840027        7.0084433071984851E-005  -4.4273532913852165E-004   1.0000000000000000E-002   1.2000000000000000E-002   1.0018153560739484        0.0000000000000000        1.0018153560739484        1.0000000000000000        6.9400066739805622E-310
  0.79501025190340791        6.8962455848323276E-005  -4.3565085151708871E-004   1.0000000000000000E-002   1.2000000000000000E-002   1.0018195251810180        0.0000000000000000        1.0018195251810180        1.0000000000000000        6.9400066739805622E-310
  0.80501004466809556        6.7568316393536940E-005  -4.2684685036586956E-004   1.0000000000000000E-002   1.2000000000000000E-002   1.0018236189032252        0.0000000000000000        1.0018236189032252        1.0000000000000000        6.9400066739805622E-310
  0.81500979779018823        6.5907517310590067E-005  -4.1635808395934504E-004   1.0000000000000000E-002   1.2000000000000000E-002   1.0018276210809589        0.0000000000000000        1.0018276210809589        1.0000000000000000        6.9400066739805622E-310
  0.82500951224387553        6.3986612858104184E-005  -4.0422595033451358E-004   1.0000000000000000E-002   1.2000000000000000E-002   1.0018315159157114        0.0000000000000000        1.0018315159157114        1.0000000000000000        6.9400066739805622E-310
  0.83500918915596523        6.1813184283916143E-005  -3.9049823478976009E-004   1.0000000000000000E-002   1.2000000000000000E-002   1.0018352880319297        0.0000000000000000        1.0018352880319297        1.0000000000000000        6.9400066739805622E-310
  0.84500882980144654        5.9395809398512599E-005  -3.7522913186194273E-004   1.0000000000000000E-002   1.2000000000000000E-002   1.0018389225377946        0.0000000000000000        1.0018389225377946        1.0000000000000000        6.9400066739805622E-310
  0.85500843559845519        5.6744028600160777E-005  -3.5847891102580576E-004   1.0000000000000000E-002   1.2000000000000000E-002   1.0018424050845594        0.0000000000000000        1.0018424050845594        1.0000000000000000        6.9400066739805622E-310
  0.86500800810267375        5.3868307041630558E-005  -3.4031359164465869E-004   1.0000000000000000E-002   1.2000000000000000E-002   1.0018457219226591        0.0000000000000000        1.0018457219226591        1.0000000000000000        6.9400066739805622E-310
  0.87500754900120425        5.0779994232728335E-005  -3.2080495242325924E-004   1.0000000000000000E-002   1.2000000000000000E-002   1.0018488599564517        0.0000000000000000        1.0018488599564517        1.0000000000000000        6.9400066739805622E-310
  0.88500706010589558        4.7491278453209238E-005  -3.0002988641442130E-004   1.0000000000000000E-002   1.2000000000000000E-002   1.0018518067958690        0.0000000000000000        1.0018518067958690        1.0000000000000000        6.9400066739805622E-310
  0.89500654334620777        4.4015138251644905E-005  -2.7807044968675143E-004   1.0000000000000000E-002   1.2000000000000000E-002   1.0018545508052166        0.0000000000000000        1.0018545508052166        1.0000000000000000        6.9400066739805622E-310
  0.90500600076158744        4.0365292779129714E-005  -2.5501330680732792E-004   1.0000000000000000E-002   1.2000000000000000E-002   1.0018570811496774        0.0000000000000000        1.0018570811496774        1.0000000000000000        6.9400066739805622E-310
  0.91500543449341998        3.6556146060379205E-005  -2.3094942079460168E-004   1.0000000000000000E-002   1.2000000000000000E-002   1.0018593878375730        0.0000000000000000        1.0018593878375730        1.0000000000000000        6.9400066739805622E-310
  0.92500484677658357        3.2602730926026841E-005  -2.0597384234388727E-004   1.0000000000000000E-002   1.2000000000000000E-002   1.0018614617602715        0.0000000000000000        1.0018614617602715        1.0000000000000000        6.9400066739805622E-310
  0.93500423993061910        2.8520649516143995E-005  -1.8018511721695774E-004   1.0000000000000000E-002   1.2000000000000000E-002   1.0018632947282142        0.0000000000000000        1.0018632947282142        1.0000000000000000        6.9400066739805622E-310
  0.94500361635058061        2.4326011926961962E-005  -1.5368504624291290E-004   1.0000000000000000E-002   1.2000000000000000E-002   1.0018648795029845        0.0000000000000000        1.0018648795029845        1.0000000000000000        6.9400066739805622E-310
  0.95500297849758109        2.0035372008667435E-005  -1.2657827490425433E-004   1.0000000000000000E-002   1.2000000000000000E-002   1.0018662098263393        0.0000000000000000        1.0018662098263393        1.0000000000000000        6.9400066739805622E-310
  0.96500232888907311        1.5665662916943988E-005  -9.8971767116040610E-005   1.0000000000000000E-002   1.2000000000000000E-002   1.0018672804447297        0.0000000000000000        1.0018672804447297        1.0000000000000000        6.9400066739805622E-310
  0.97500167008891758        1.1234129589427528E-005  -7.0974538598278514E-005   1.0000000000000000E-002   1.2000000000000000E-002   1.0018680871300674        0.0000000000000000        1.0018680871300674        1.0000000000000000        6.9400066739805622E-310
  0.98500100469725915        6.7582609983283010E-006  -4.2697132569102791E-005   1.0000000000000000E-002   1.2000000000000000E-002   1.0018686266967813        0.0000000000000000        1.0018686266967813        1.0000000000000000        6.9400066739805622E-310
  0.99500033534025945        2.2557211012077247E-006  -1.4251116572161493E-005   1.0000000000000000E-002   1.2000000000000000E-002   1.0018688970139060        0.0000000000000000        1.0018688970139060        1.0000000000000000        6.9400066739805622E-310
   1.0049996646597399       -2.2557169092617405E-006   1.4019326225245266E-005   1.0000000000000000E-002   1.2000000000000000E-002   1.0018688970138545        0.0000000000000000        1.0018688970138545        1.0000000000000000        6.9400066739805622E-310
   1.0149989953027414       -6.7582487294544391E-006   4.2002623420245300E-005   1.0000000000000000E-002   1.2000000000000000E-002   1.0018686266967407        0.0000000000000000        1.0018686266967407        1.0000000000000000        6.9400066739805622E-310
   1.0249983299110825       -1.1234109066586520E-005   6.9820098362427530E-005   1.0000000000000000E-002   1.2000000000000000E-002   1.0018680871300836        0.0000000000000000        1.0018680871300836        1.0000000000000000        6.9400066739805622E-310
   1.0349976711109270       -1.5665634322889984E-005   9.7361931204353880E-005   1.0000000000000000E-002   1.2000000000000000E-002   1.0018672804447502        0.0000000000000000        1.0018672804447502        1.0000000000000000        6.9400066739805622E-310
   1.0449970215024187       -2.0035335416849793E-005   1.2451940125934868E-004   1.0000000000000000E-002   1.2000000000000000E-002   1.0018662098263775        0.0000000000000000        1.0018662098263775        1.0000000000000000        6.9400066739805622E-310
  -4.9996646597405547E-003   2.2559992659640203E-006  -3.5767633061438002E+077   1.0000000000000000E-002   1.2000000000000000E-002   1.0018688970139060        0.0000000000000000        1.0018688970139060        1.0000000000000000        6.9400066739805622E-310
  -1.4998995302740847E-002   6.7590943902650955E-006   0.0000000000000000        1.0000000000000000E-002   1.2000000000000000E-002   1.0018686266967813        0.0000000000000000        1.0018686266967813        1.0000000000000000        6.9400066739805622E-310
  -2.4998329911082418E-002   1.1235514918082519E-005  -3.5767633061438002E+077   1.0000000000000000E-002   1.2000000000000000E-002   1.0018680871300674        0.0000000000000000        1.0018680871300674        1.0000000000000000        6.9400066739805622E-310
  -3.4997671110926887E-002   1.5667594718360422E-005   6.9400068546417920E-310   1.0000000000000000E-002   1.2000000000000000E-002   1.0018672804447297        0.0000000000000000        1.0018672804447297        1.0000000000000000        6.9400066739805622E-310
  -4.4997021502418910E-002   2.0037842655709053E-005   6.9400066883177543E-310   1.0000000000000000E-002   1.2000000000000000E-002   1.0018662098263393        0.0000000000000000        1.0018662098263393        1.0000000000000000        6.9400066739805622E-310
