 # x, v, a, m, h, rho, u, P, c, ke
   1.0511999999999924     
   5.0002597538141274E-003   2.6455022193321991E-006  -1.1035815719040443E-005   1.0000000000000000E-002   1.2000000000000000E-002   1.0017473693274610        0.0000000000000000        1.0017473693274610        1.0000000000000000        6.9400066739805622E-310
   1.5000778236478845E-002   7.9260670858328250E-006  -3.3063927866727738E-005   1.0000000000000000E-002   1.2000000000000000E-002   1.0017475786158481        0.0000000000000000        1.0017475786158481        1.0000000000000000        6.9400066739805622E-310
   2.5001293648295557E-002   1.3175354183699257E-005  -5.4961662850239179E-005   1.0000000000000000E-002   1.2000000000000000E-002   1.0017479963675631        0.0000000000000000        1.0017479963675631        1.0000000000000000        6.9400066739805622E-310
   3.5001803955488887E-002   1.8372648793605577E-005  -7.6642618874522839E-005   1.0000000000000000E-002   1.2000000000000000E-002   1.0017486209354760        0.0000000000000000        1.0017486209354760        1.0000000000000000        6.9400066739805622E-310
   4.5002307144419225E-002   2.3497441261632880E-005  -9.8021319486107927E-005   1.0000000000000000E-002   1.2000000000000000E-002   1.0017494498569719        0.0000000000000000        1.0017494498569719        1.0000000000000000        6.9400066739805622E-310
   5.5002801229520372E-002   2.8529507917267917E-005  -1.1901343939868525E-004   1.0000000000000000E-002   1.2000000000000000E-002   1.0017504798637757        0.0000000000000000        1.0017504798637757        1.0000000000000000        6.9400066739805622E-310
   6.5003284261132818E-002   3.3448991225059717E-005  -1.3953618877504681E-004   1.0000000000000000E-002   1.2000000000000000E-002   1.0017517068946682        0.0000000000000000        1.0017517068946682        1.0000000000000000        6.9400066739805622E-310
   7.5003754333193229E-002   3.8236477455093234E-005  -1.5950862519087394E-004   1.0000000000000000E-002   1.2000000000000000E-002   1.0017531261115549        0.0000000000000000        1.0017531261115549        1.0000000000000000        6.9400066739805622E-310
   8.5004209590751570E-002   4.2873073931970810E-005  -1.7885192806676997E-004   1.0000000000000000E-002   1.2000000000000000E-002   1.0017547319182640        0.0000000000000000        1.0017547319182640        1.0000000000000000        6.9400066739805622E-310
   9.5004648237293501E-002   4.7340482991725530E-005  -1.9748982265621606E-004   1.0000000000000000E-002   1.2000000000000000E-002   1.0017565179826797        0.0000000000000000        1.0017565179826797        1.0000000000000000        6.9400066739805622E-310
  0.10500506854182312        5.1621074497876942E-005  -2.1534877813333964E-004   1.0000000000000000E-002   1.2000000000000000E-002   1.0017584772618104        0.0000000000000000        1.0017584772618104        1.0000000000000000        6.9400066739805622E-310
  0.11500546884569353        5.5697955601071138E-005  -2.3235834233048536E-004   1.0000000000000000E-002   1.2000000000000000E-002   1.0017606020293819        0.0000000000000000        1.0017606020293819        1.0000000000000000        6.9400066739805622E-310
  0.12500584756914954        5.9555037129017432E-005  -2.4845138145312973E-004   1.0000000000000000E-002   1.2000000000000000E-002   1.0017628839061981        0.0000000000000000        1.0017628839061981        1.0000000000000000        6.9400066739805622E-310
  0.13500620321756288        6.3177096988534102E-005  -2.6356437727681481E-004   1.0000000000000000E-002   1.2000000000000000E-002   1.0017653138929863        0.0000000000000000        1.0017653138929863        1.0000000000000000        6.9400066739805622E-310
  0.14500653438733235        6.6549840395655046E-005  -2.7763771622879574E-004   1.0000000000000000E-002   1.2000000000000000E-002   1.0017678824060783        0.0000000000000000        1.0017678824060783        1.0000000000000000        6.9400066739805622E-310
  0.15500683977141833        6.9659956443721496E-005  -2.9061580242917273E-004   1.0000000000000000E-002   1.2000000000000000E-002   1.0017705793149561        0.0000000000000000        1.0017705793149561        1.0000000000000000        6.9400066739805622E-310
  0.16500711816450861        7.2495170297669199E-005  -3.0244743947704933E-004   1.0000000000000000E-002   1.2000000000000000E-002   1.0017733939821718        0.0000000000000000        1.0017733939821718        1.0000000000000000        6.9400066739805622E-310
  0.17500736846777068        7.5044291757449765E-005  -3.1308588807732463E-004   1.0000000000000000E-002   1.2000000000000000E-002   1.0017763153053598        0.0000000000000000        1.0017763153053598        1.0000000000000000        6.9400066739805622E-310
  0.18500758969319378        7.7297259550454739E-005  -3.2248912345078651E-004   1.0000000000000000E-002   1.2000000000000000E-002   1.0017793317607231        0.0000000000000000        1.0017793317607231        1.0000000000000000        6.9400066739805622E-310
  0.19500778096749075        7.9245181383557999E-005  -3.3061999344052850E-004   1.0000000000000000E-002   1.2000000000000000E-002   1.0017824314485217        0.0000000000000000        1.0017824314485217        1.0000000000000000        6.9400066739805622E-310
  0.20500794153554860        8.0880368112951754E-005  -3.3744638523192094E-004   1.0000000000000000E-002   1.2000000000000000E-002   1.0017856021400708        0.0000000000000000        1.0017856021400708        1.0000000000000000        6.9400066739805622E-310
  0.21500807076340986        8.2196364812620526E-005  -3.4294130258327726E-004   1.0000000000000000E-002   1.2000000000000000E-002   1.0017888313259204        0.0000000000000000        1.0017888313259204        1.0000000000000000        6.9400066739805622E-310
  0.22500816814077976        8.3187976242331916E-005  -3.4708299492969275E-004   1.0000000000000000E-002   1.2000000000000000E-002   1.0017921062650350        0.0000000000000000        1.0017921062650350        1.0000000000000000        6.9400066739805622E-310
  0.23500823328304488        8.3851287372993166E-005  -3.4985503674533902E-004   1.0000000000000000E-002   1.2000000000000000E-002   1.0017954140349365        0.0000000000000000        1.0017954140349365        1.0000000000000000        6.9400066739805622E-310
  0.24500826593279951        8.4183678539579196E-005  -3.5124647906314976E-004   1.0000000000000000E-002   1.2000000000000000E-002   1.0017987415829510        0.0000000000000000        1.0017987415829510        1.0000000000000000        6.9400066739805622E-310
  0.25500826596085985        8.4183836092990608E-005  -3.5125174400540971E-004   1.0000000000000000E-002   1.2000000000000000E-002   1.0018020757776909        0.0000000000000000        1.0018020757776909        1.0000000000000000        6.9400066739805622E-310
  0.26500823336678275        8.3851757569046036E-005  -3.4987073863490536E-004   1.0000000000000000E-002   1.2000000000000000E-002   1.0018054034605657        0.0000000000000000        1.0018054034605657        1.0000000000000000        6.9400066739805622E-310
  0.27500816827887337        8.3188751575464032E-005  -3.4710886314925915E-004   1.0000000000000000E-002   1.2000000000000000E-002   1.0018087114979173        0.0000000000000000        1.0018087114979173        1.0000000000000000        6.9400066739805622E-310
  0.28500807095368219        8.2197432981784594E-005  -3.4297694588136807E-004   1.0000000000000000E-002   1.2000000000000000E-002   1.0018119868328210        0.0000000000000000        1.0018119868328210        1.0000000000000000        6.9400066739805622E-310
  0.29500794177500000        8.0881712284247575E-005  -3.3749126222115677E-004   1.0000000000000000E-002   1.2000000000000000E-002   1.0018152165367287        0.0000000000000000        1.0018152165367287        1.0000000000000000        6.9400066739805622E-310
  0.30500778125234390        7.9246780512951112E-005  -3.3067337337033820E-004   1.0000000000000000E-002   1.2000000000000000E-002   1.0018183878604225        0.0000000000000000        1.0018183878604225        1.0000000000000000        6.9400066739805622E-310
  0.31500759001895601        7.7299088451068606E-005  -3.2255015978943646E-004   1.0000000000000000E-002   1.2000000000000000E-002   1.0018214882843548        0.0000000000000000        1.0018214882843548        1.0000000000000000        6.9400066739805622E-310
  0.32500736882930509        7.5046321459463797E-005  -3.1315362984773998E-004   1.0000000000000000E-002   1.2000000000000000E-002   1.0018245055682748        0.0000000000000000        1.0018245055682748        1.0000000000000000        6.9400066739805622E-310
  0.33500711855611354        7.2497368621721208E-005  -3.0252081310599976E-004   1.0000000000000000E-002   1.2000000000000000E-002   1.0018274277993882        0.0000000000000000        1.0018274277993882        1.0000000000000000        6.9400066739805622E-310
  0.34500684018691885        6.9662289075734566E-005  -2.9069367183343076E-004   1.0000000000000000E-002   1.2000000000000000E-002   1.0018302434396658        0.0000000000000000        1.0018302434396658        1.0000000000000000        6.9400066739805622E-310
  0.35500653482017386        6.6552270448229237E-005  -2.7771881107518936E-004   1.0000000000000000E-002   1.2000000000000000E-002   1.0018329413712883        0.0000000000000000        1.0018329413712883        1.0000000000000000        6.9400066739805622E-310
  0.36500620366092096        6.3179586058428227E-005  -2.6364746502682834E-004   1.0000000000000000E-002   1.2000000000000000E-002   1.0018355109407000        0.0000000000000000        1.0018355109407000        1.0000000000000000        6.9400066739805622E-310
  0.37500584801603049        5.9557545850600003E-005  -2.4853511139522055E-004   1.0000000000000000E-002   1.2000000000000000E-002   1.0018379420007639        0.0000000000000000        1.0018379420007639        1.0000000000000000        6.9400066739805622E-310
  0.38500546928905055        5.5700444641187570E-005  -2.3244140778100331E-004   1.0000000000000000E-002   1.2000000000000000E-002   1.0018402249507434        0.0000000000000000        1.0018402249507434        1.0000000000000000        6.9400066739805622E-310
  0.39500506897466536        5.1623504489638795E-005  -2.1542989391321044E-004   1.0000000000000000E-002   1.2000000000000000E-002   1.0018423507746361        0.0000000000000000        1.0018423507746361        1.0000000000000000        6.9400066739805622E-310
  0.40500464865279351        4.7342815480983239E-005  -1.9756768176915074E-004   1.0000000000000000E-002   1.2000000000000000E-002   1.0018443110765589        0.0000000000000000        1.0018443110765589        1.0000000000000000        6.9400066739805622E-310
  0.41500420998235665        4.2875272365596756E-005  -1.7892530828600428E-004   1.0000000000000000E-002   1.2000000000000000E-002   1.0018460981140154        0.0000000000000000        1.0018460981140154        1.0000000000000000        6.9400066739805622E-310
  0.42500375469472712        3.8238507281436511E-005  -1.5957635865060382E-004   1.0000000000000000E-002   1.2000000000000000E-002   1.0018477048286469        0.0000000000000000        1.0018477048286469        1.0000000000000000        6.9400066739805622E-310
  0.43500328458689519        3.3450820064650315E-005  -1.3959723216938613E-004   1.0000000000000000E-002   1.2000000000000000E-002   1.0018491248740793        0.0000000000000000        1.0018491248740793        1.0000000000000000        6.9400066739805622E-310
  0.44500280151437333        2.8531107100203253E-005  -1.1906681646323136E-004   1.0000000000000000E-002   1.2000000000000000E-002   1.0018503526411322        0.0000000000000000        1.0018503526411322        1.0000000000000000        6.9400066739805622E-310
  0.45500230738387032        2.3498785457693987E-005  -9.8066189543999371E-005   1.0000000000000000E-002   1.2000000000000000E-002   1.0018513832800280        0.0000000000000000        1.0018513832800280        1.0000000000000000        6.9400066739805622E-310
  0.46500180414576198        1.8373716910211902E-005  -7.6678281002884319E-005   1.0000000000000000E-002   1.2000000000000000E-002   1.0018522127196419        0.0000000000000000        1.0018522127196419        1.0000000000000000        6.9400066739805622E-310
  0.47500129378638833        1.3176129413860937E-005  -5.4987514493731737E-005   1.0000000000000000E-002   1.2000000000000000E-002   1.0018528376833533        0.0000000000000000        1.0018528376833533        1.0000000000000000        6.9400066739805622E-310
  0.48500077832021676        7.9265372401408462E-006  -3.3079638101618514E-005   1.0000000000000000E-002   1.2000000000000000E-002   1.0018532557024744        0.0000000000000000        1.0018532557024744        1.0000000000000000        6.9400066739805622E-310
  0.49500025978187406        2.6456598697187984E-006  -1.1041078483486899E-005   1.0000000000000000E-002   1.2000000000000000E-002   1.0018534651257633        0.0000000000000000        1.0018534651257633        1.0000000000000000        6.9400066739805622E-310
  0.50499974021812510       -2.6456598748453421E-006   1.1041082410123693E-005   1.0000000000000000E-002   1.2000000000000000E-002   1.0018534651257378        0.0000000000000000        1.0018534651257378        1.0000000000000000        6.9400066739805622E-310
  0.51499922167978318       -7.9265371566961272E-006   3.3079617375086912E-005   1.0000000000000000E-002   1.2000000000000000E-002   1.0018532557025339        0.0000000000000000        1.0018532557025339        1.0000000000000000        6.9400066739805622E-310
  0.52499870621360945       -1.3176129497799102E-005   5.4987543547824203E-005   1.0000000000000000E-002   1.2000000000000000E-002   1.0018528376833762        0.0000000000000000        1.0018528376833762        1.0000000000000000        6.9400066739805622E-310
  0.53499819585423736       -1.8373716880719810E-005   7.6678277787678439E-005   1.0000000000000000E-002   1.2000000000000000E-002   1.0018522127195406        0.0000000000000000        1.0018522127195406        1.0000000000000000        6.9400066739805622E-310
  0.54499769261612985       -2.3498785336388359E-005   9.8066173999988848E-005   1.0000000000000000E-002   1.2000000000000000E-002   1.0018513832800207        0.0000000000000000        1.0018513832800207        1.0000000000000000        6.9400066739805622E-310
  0.55499719848562601       -2.8531107208540031E-005   1.1906682386797485E-004   1.0000000000000000E-002   1.2000000000000000E-002   1.0018503526411535        0.0000000000000000        1.0018503526411535        1.0000000000000000        6.9400066739805622E-310
  0.56499671541310448       -3.3450820115433233E-005   1.3959723136647284E-004   1.0000000000000000E-002   1.2000000000000000E-002   1.0018491248740757        0.0000000000000000        1.0018491248740757        1.0000000000000000        6.9400066739805622E-310
  0.57499624530527227       -3.8238507143730225E-005   1.5957636499130956E-004   1.0000000000000000E-002   1.2000000000000000E-002   1.0018477048286154        0.0000000000000000        1.0018477048286154        1.0000000000000000        6.9400066739805622E-310
  0.58499579001764379       -4.2875272509825949E-005   1.7892529020535619E-004   1.0000000000000000E-002   1.2000000000000000E-002   1.0018460981140402        0.0000000000000000        1.0018460981140402        1.0000000000000000        6.9400066739805622E-310
  0.59499535134720527       -4.7342815406826026E-005   1.9756770196011075E-004   1.0000000000000000E-002   1.2000000000000000E-002   1.0018443110765738        0.0000000000000000        1.0018443110765738        1.0000000000000000        6.9400066739805622E-310
  0.60499493102533475       -5.1623504546222886E-005   2.1542987959222160E-004   1.0000000000000000E-002   1.2000000000000000E-002   1.0018423507746173        0.0000000000000000        1.0018423507746173        1.0000000000000000        6.9400066739805622E-310
  0.61499453071094878       -5.5700444680305042E-005   2.3244141247680261E-004   1.0000000000000000E-002   1.2000000000000000E-002   1.0018402249507810        0.0000000000000000        1.0018402249507810        1.0000000000000000        6.9400066739805622E-310
  0.62499415198396857       -5.9557545854202427E-005   2.4853512703426617E-004   1.0000000000000000E-002   1.2000000000000000E-002   1.0018379420006993        0.0000000000000000        1.0018379420006993        1.0000000000000000        6.9400066739805622E-310
  0.63499379633907993       -6.3179586072221121E-005   2.6364743796403189E-004   1.0000000000000000E-002   1.2000000000000000E-002   1.0018355109406896        0.0000000000000000        1.0018355109406896        1.0000000000000000        6.9400066739805622E-310
  0.64499346517982548       -6.6552270349772689E-005   2.7771881811577970E-004   1.0000000000000000E-002   1.2000000000000000E-002   1.0018329413713722        0.0000000000000000        1.0018329413713722        1.0000000000000000        6.9400066739805622E-310
  0.65499315981308004       -6.9662289013489842E-005   2.9069368506373650E-004   1.0000000000000000E-002   1.2000000000000000E-002   1.0018302434396511        0.0000000000000000        1.0018302434396511        1.0000000000000000        6.9400066739805622E-310
  0.66499288144388624       -7.2497368764088229E-005   3.0252080448267549E-004   1.0000000000000000E-002   1.2000000000000000E-002   1.0018274277993571        0.0000000000000000        1.0018274277993571        1.0000000000000000        6.9400066739805622E-310
  0.67499263117069452       -7.5046321474045070E-005   3.1315362781203504E-004   1.0000000000000000E-002   1.2000000000000000E-002   1.0018245055682924        0.0000000000000000        1.0018245055682924        1.0000000000000000        6.9400066739805622E-310
  0.68499240998104327       -7.7299088370564386E-005   3.2255016941018511E-004   1.0000000000000000E-002   1.2000000000000000E-002   1.0018214882843377        0.0000000000000000        1.0018214882843377        1.0000000000000000        6.9400066739805622E-310
  0.69499221874765604       -7.9246780499038955E-005   3.3067336983005902E-004   1.0000000000000000E-002   1.2000000000000000E-002   1.0018183878603739        0.0000000000000000        1.0018183878603739        1.0000000000000000        6.9400066739805622E-310
  0.70499205822500044       -8.0881712453672420E-005   3.3749124947579645E-004   1.0000000000000000E-002   1.2000000000000000E-002   1.0018152165367593        0.0000000000000000        1.0018152165367593        1.0000000000000000        6.9400066739805622E-310
  0.71499192904631692       -8.2197432880874239E-005   3.4297696827412238E-004   1.0000000000000000E-002   1.2000000000000000E-002   1.0018119868328061        0.0000000000000000        1.0018119868328061        1.0000000000000000        6.9400066739805622E-310
  0.72499183172112736       -8.3188751567299962E-005   3.4710885039768158E-004   1.0000000000000000E-002   1.2000000000000000E-002   1.0018087114978556        0.0000000000000000        1.0018087114978556        1.0000000000000000        6.9400066739805622E-310
  0.73499176663321786       -8.3851757425385819E-005   3.4987072944492326E-004   1.0000000000000000E-002   1.2000000000000000E-002   1.0018054034606103        0.0000000000000000        1.0018054034606103        1.0000000000000000        6.9400066739805622E-310
  0.74499173403913976       -8.4183836211936463E-005   3.5125175561390165E-004   1.0000000000000000E-002   1.2000000000000000E-002   1.0018020757777186        0.0000000000000000        1.0018020757777186        1.0000000000000000        6.9400066739805622E-310
  0.75499173406720055       -8.4183678465619152E-005   3.5124647475726078E-004   1.0000000000000000E-002   1.2000000000000000E-002   1.0017987415829479        0.0000000000000000        1.0017987415829479        1.0000000000000000        6.9400066739805622E-310
  0.76499176671695490       -8.3851287408063800E-005   3.4985503618312208E-004   1.0000000000000000E-002   1.2000000000000000E-002   1.0017954140349572        0.0000000000000000        1.0017954140349572        1.0000000000000000        6.9400066739805622E-310
  0.77499183185921983       -8.3187976296341840E-005   3.4708299829855349E-004   1.0000000000000000E-002   1.2000000000000000E-002   1.0017921062650412        0.0000000000000000        1.0017921062650412        1.0000000000000000        6.9400066739805622E-310
  0.78499192923658978       -8.2196364846718074E-005   3.4294130416423485E-004   1.0000000000000000E-002   1.2000000000000000E-002   1.0017888313259016        0.0000000000000000        1.0017888313259016        1.0000000000000000        6.9400066739805622E-310
  0.79499205846445142       -8.0880367975605537E-005   3.3744638110988490E-004   1.0000000000000000E-002   1.2000000000000000E-002   1.0017856021400682        0.0000000000000000        1.0017856021400682        1.0000000000000000        6.9400066739805622E-310
  0.80499221903250884       -7.9245181395576055E-005   3.3062000504635591E-004   1.0000000000000000E-002   1.2000000000000000E-002   1.0017824314484820        0.0000000000000000        1.0017824314484820        1.0000000000000000        6.9400066739805622E-310
  0.81499241030680714       -7.7297259582438432E-005   3.2248910598298153E-004   1.0000000000000000E-002   1.2000000000000000E-002   1.0017793317607102        0.0000000000000000        1.0017793317607102        1.0000000000000000        6.9400066739805622E-310
  0.82499263153222924       -7.5044291824196517E-005   3.1308588982792429E-004   1.0000000000000000E-002   1.2000000000000000E-002   1.0017763153054173        0.0000000000000000        1.0017763153054173        1.0000000000000000        6.9400066739805622E-310
  0.83499288183549103       -7.2495170233687487E-005   3.0244744230323306E-004   1.0000000000000000E-002   1.2000000000000000E-002   1.0017733939822091        0.0000000000000000        1.0017733939822091        1.0000000000000000        6.9400066739805622E-310
  0.84499316022858073       -6.9659956360414152E-005   2.9061582074518810E-004   1.0000000000000000E-002   1.2000000000000000E-002   1.0017705793148990        0.0000000000000000        1.0017705793148990        1.0000000000000000        6.9400066739805622E-310
  0.85499346561266854       -6.6549840425743202E-005   2.7763770013233824E-004   1.0000000000000000E-002   1.2000000000000000E-002   1.0017678824060088        0.0000000000000000        1.0017678824060088        1.0000000000000000        6.9400066739805622E-310
  0.86499379678243771       -6.3177097013872733E-005   2.6356437633889840E-004   1.0000000000000000E-002   1.2000000000000000E-002   1.0017653138929998        0.0000000000000000        1.0017653138929998        1.0000000000000000        6.9400066739805622E-310
  0.87499415243085088       -5.9555037255137385E-005   2.4845138386009324E-004   1.0000000000000000E-002   1.2000000000000000E-002   1.0017628839061952        0.0000000000000000        1.0017628839061952        1.0000000000000000        6.9400066739805622E-310
  0.88499453115430726       -5.5697955576622373E-005   2.3235832893941932E-004   1.0000000000000000E-002   1.2000000000000000E-002   1.0017606020294350        0.0000000000000000        1.0017606020294350        1.0000000000000000        6.9400066739805622E-310
  0.89499493145817610       -5.1621074431250754E-005   2.1534879774876003E-004   1.0000000000000000E-002   1.2000000000000000E-002   1.0017584772618338        0.0000000000000000        1.0017584772618338        1.0000000000000000        6.9400066739805622E-310
  0.90499535176270673       -4.7340482967787390E-005   1.9748982245193503E-004   1.0000000000000000E-002   1.2000000000000000E-002   1.0017565179826158        0.0000000000000000        1.0017565179826158        1.0000000000000000        6.9400066739805622E-310
  0.91499579040924905       -4.2873073910228274E-005   1.7885192877731271E-004   1.0000000000000000E-002   1.2000000000000000E-002   1.0017547319181990        0.0000000000000000        1.0017547319181990        1.0000000000000000        6.9400066739805622E-310
  0.92499624566680838       -3.8236477432962730E-005   1.5950861029523367E-004   1.0000000000000000E-002   1.2000000000000000E-002   1.0017531261115535        0.0000000000000000        1.0017531261115535        1.0000000000000000        6.9400066739805622E-310
  0.93499671573886778       -3.3448991319844574E-005   1.3953619437234721E-004   1.0000000000000000E-002   1.2000000000000000E-002   1.0017517068947051        0.0000000000000000        1.0017517068947051        1.0000000000000000        6.9400066739805622E-310
  0.94499719877048050       -2.8529507956258487E-005   1.1901343142195486E-004   1.0000000000000000E-002   1.2000000000000000E-002   1.0017504798638268        0.0000000000000000        1.0017504798638268        1.0000000000000000        6.9400066739805622E-310
  0.95499769285558023       -2.3497441200353835E-005   9.8021342890497465E-005   1.0000000000000000E-002   1.2000000000000000E-002   1.0017494498569570        0.0000000000000000        1.0017494498569570        1.0000000000000000        6.9400066739805622E-310
  0.96499819604451231       -1.8372648753857140E-005   7.6642601005261213E-005   1.0000000000000000E-002   1.2000000000000000E-002   1.0017486209354278        0.0000000000000000        1.0017486209354278        1.0000000000000000        6.9400066739805622E-310
  0.97499870635170516       -1.3175354156778939E-005   5.4961652997675969E-005   1.0000000000000000E-002   1.2000000000000000E-002   1.0017479963676494        0.0000000000000000        1.0017479963676494        1.0000000000000000        6.9400066739805622E-310
  0.98499922176352028       -7.9260670806839336E-006   3.3063951194733932E-005   1.0000000000000000E-002   1.2000000000000000E-002   1.0017475786158681        0.0000000000000000        1.0017475786158681        1.0000000000000000        6.9400066739805622E-310
  0.99499974024618620       -2.6455023025221912E-006   1.1035806749326582E-005   1.0000000000000000E-002   1.2000000000000000E-002   1.0017473693274141        0.0000000000000000        1.0017473693274141        1.0000000000000000        6.9400066739805622E-310
   1.0050002597538141        2.6454990607974319E-006  -1.0764702600418730E-005   1.0000000000000000E-002   1.2000000000000000E-002   1.0017473693274610        0.0000000000000000        1.0017473693274610        1.0000000000000000        6.9400066739805622E-310
   1.0150007782364789        7.9260576202120041E-006  -3.2251657314574800E-005   1.0000000000000000E-002   1.2000000000000000E-002   1.0017475786158481        0.0000000000000000        1.0017475786158481        1.0000000000000000        6.9400066739805622E-310
   1.0250012936482955        1.3175338446007573E-005  -5.3611437861533773E-005   1.0000000000000000E-002   1.2000000000000000E-002   1.0017479963675631        0.0000000000000000        1.0017479963675631        1.0000000000000000        6.9400066739805622E-310
   1.0350018039554889        1.8372626849622949E-005  -7.4759765495535646E-005   1.0000000000000000E-002   1.2000000000000000E-002   1.0017486209354760        0.0000000000000000        1.0017486209354760        1.0000000000000000        6.9400066739805622E-310
   1.0450023071444192        2.3497413196328131E-005  -9.5613264321059432E-005   1.0000000000000000E-002   1.2000000000000000E-002   1.0017494498569719        0.0000000000000000        1.0017494498569719        1.0000000000000000        6.9400066739805622E-310
  -5.0002597538137961E-003  -2.6458276383007749E-006  -3.5767633061438002E+077   1.0000000000000000E-002   1.2000000000000000E-002   1.0017473693274141        0.0000000000000000        1.0017473693274141        1.0000000000000000        6.9400066739805622E-310
  -1.5000778236479717E-002  -7.9270418069601600E-006   0.0000000000000000        1.0000000000000000E-002   1.2000000000000000E-002   1.0017475786158681        0.0000000000000000        1.0017475786158681        1.0000000000000000        6.9400066739805622E-310
  -2.5001293648294842E-002  -1.3176974425315878E-005  -3.5767633061438002E+077   1.0000000000000000E-002   1.2000000000000000E-002   1.0017479963676494        0.0000000000000000        1.0017479963676494        1.0000000000000000        6.9400066739805622E-310
  -3.5001803955487687E-002  -1.8374908176432573E-005   6.9400068546417920E-310   1.0000000000000000E-002   1.2000000000000000E-002   1.0017486209354278        0.0000000000000000        1.0017486209354278        1.0000000000000000        6.9400066739805622E-310
  -4.5002307144419773E-002  -2.3500330864161273E-005   6.9400066883177543E-310   1.0000000000000000E-002   1.2000000000000000E-002   1.0017494498569570        0.0000000000000000        1.0017494498569570        1.0000000000000000        6.9400066739805622E-310
