 # x, v, a, m, h, rho, u, P, c, ke
  0.65039999999999942     
   4.9995709393672047E-003  -1.4296776541417028E-006   1.8233552017576926E-005   1.0000000000000000E-002   1.2000000000000000E-002   1.0018880389343323        0.0000000000000000        1.0018880389343323        1.0000000000000000        6.9400066739805622E-310
   1.4998714511462627E-002  -4.2833917189881607E-006   5.4628682443436105E-005   1.0000000000000000E-002   1.2000000000000000E-002   1.0018876930674547        0.0000000000000000        1.0018876930674547        1.0000000000000000        6.9400066739805622E-310
   2.4997863156957855E-002  -7.1202044888864024E-006   9.0808141673726084E-005   1.0000000000000000E-002   1.2000000000000000E-002   1.0018870026996813        0.0000000000000000        1.0018870026996813        1.0000000000000000        6.9400066739805622E-310
   3.4997020235863374E-002  -9.9289224743959633E-006   1.2662916698680249E-004   1.0000000000000000E-002   1.2000000000000000E-002   1.0018859705573389        0.0000000000000000        1.0018859705573389        1.0000000000000000        6.9400066739805622E-310
   4.4996189074906601E-002  -1.2698463059867312E-005   1.6195031957977335E-004   1.0000000000000000E-002   1.2000000000000000E-002   1.0018846007163640        0.0000000000000000        1.0018846007163640        1.0000000000000000        6.9400066739805622E-310
   5.4995372954395445E-002  -1.5417898180684157E-005   1.9663218265897342E-004   1.0000000000000000E-002   1.2000000000000000E-002   1.0018828985863846        0.0000000000000000        1.0018828985863846        1.0000000000000000        6.9400066739805622E-310
   6.4994575095273302E-002  -1.8076497024001570E-005   2.3053784960325174E-004   1.0000000000000000E-002   1.2000000000000000E-002   1.0018808708891447        0.0000000000000000        1.0018808708891447        1.0000000000000000        6.9400066739805622E-310
   7.4993798646404861E-002  -2.0663768955258624E-005   2.6353348994945236E-004   1.0000000000000000E-002   1.2000000000000000E-002   1.0018785256319609        0.0000000000000000        1.0018785256319609        1.0000000000000000        6.9400066739805622E-310
   8.4993046672148381E-002  -2.3169504709045043E-005   2.9548886736296964E-004   1.0000000000000000E-002   1.2000000000000000E-002   1.0018758720759813        0.0000000000000000        1.0018758720759813        1.0000000000000000        6.9400066739805622E-310
   9.4992322140261515E-002  -2.5583816492774354E-005   3.2627784190708553E-004   1.0000000000000000E-002   1.2000000000000000E-002   1.0018729206996189        0.0000000000000000        1.0018729206996189        1.0000000000000000        6.9400066739805622E-310
  0.10499162791018685       -2.7897177043383982E-005   3.5577889692284259E-004   1.0000000000000000E-002   1.2000000000000000E-002   1.0018696831570806        0.0000000000000000        1.0018696831570806        1.0000000000000000        6.9400066739805622E-310
  0.11499096672176741       -3.0100457147262695E-005   3.8387558961883173E-004   1.0000000000000000E-002   1.2000000000000000E-002   1.0018661722322548        0.0000000000000000        1.0018661722322548        1.0000000000000000        6.9400066739805622E-310
  0.12499034118443256       -3.2184961993488648E-005   4.1045702460262845E-004   1.0000000000000000E-002   1.2000000000000000E-002   1.0018624017882145        0.0000000000000000        1.0018624017882145        1.0000000000000000        6.9400066739805622E-310
  0.13498975376689898       -3.4142465156052252E-005   4.3541830030235928E-004   1.0000000000000000E-002   1.2000000000000000E-002   1.0018583867123367        0.0000000000000000        1.0018583867123367        1.0000000000000000        6.9400066739805622E-310
  0.14498920678742849       -3.5965241114852001E-005   4.5866090539625759E-004   1.0000000000000000E-002   1.2000000000000000E-002   1.0018541428574412        0.0000000000000000        1.0018541428574412        1.0000000000000000        6.9400066739805622E-310
  0.15498870240467830       -3.7646095701182207E-005   4.8009312964580886E-004   1.0000000000000000E-002   1.2000000000000000E-002   1.0018496869790821        0.0000000000000000        1.0018496869790821        1.0000000000000000        6.9400066739805622E-310
  0.16498824260918368       -3.9178394698973331E-005   4.9963038949396577E-004   1.0000000000000000E-002   1.2000000000000000E-002   1.0018450366693448        0.0000000000000000        1.0018450366693448        1.0000000000000000        6.9400066739805622E-310
  0.17498782921550135       -4.0556089930722038E-005   5.1719559356744327E-004   1.0000000000000000E-002   1.2000000000000000E-002   1.0018402102873776        0.0000000000000000        1.0018402102873776        1.0000000000000000        6.9400066739805622E-310
  0.18498746385504894       -4.1773743105002318E-005   5.3271943860710991E-004   1.0000000000000000E-002   1.2000000000000000E-002   1.0018352268867665        0.0000000000000000        1.0018352268867665        1.0000000000000000        6.9400066739805622E-310
  0.19498714796966785       -4.2826547168331450E-005   5.4614067237768182E-004   1.0000000000000000E-002   1.2000000000000000E-002   1.0018301061402988        0.0000000000000000        1.0018301061402988        1.0000000000000000        6.9400066739805622E-310
  0.20498688280593227       -4.3710345728983758E-005   5.5740638523094077E-004   1.0000000000000000E-002   1.2000000000000000E-002   1.0018248682620741        0.0000000000000000        1.0018248682620741        1.0000000000000000        6.9400066739805622E-310
  0.21498666941023528       -4.4421648910209712E-005   5.6647211696780886E-004   1.0000000000000000E-002   1.2000000000000000E-002   1.0018195339277360        0.0000000000000000        1.0018195339277360        1.0000000000000000        6.9400066739805622E-310
  0.22498650862465677       -4.4957647665871404E-005   5.7330211994610636E-004   1.0000000000000000E-002   1.2000000000000000E-002   1.0018141241929703        0.0000000000000000        1.0018141241929703        1.0000000000000000        6.9400066739805622E-310
  0.23498640108364222       -4.5316224550239566E-005   5.7786948259686000E-004   1.0000000000000000E-002   1.2000000000000000E-002   1.0018086604101535        0.0000000000000000        1.0018086604101535        1.0000000000000000        6.9400066739805622E-310
  0.24498634721150170       -4.5495962363090846E-005   5.8015620059581607E-004   1.0000000000000000E-002   1.2000000000000000E-002   1.0018031641441214        0.0000000000000000        1.0018031641441214        1.0000000000000000        6.9400066739805622E-310
  0.25498634722073538       -4.5496149436304334E-005   5.8015328817528911E-004   1.0000000000000000E-002   1.2000000000000000E-002   1.0017976570870575        0.0000000000000000        1.0017976570870575        1.0000000000000000        6.9400066739805622E-310
  0.26498640111119737       -4.5316782971633910E-005   5.7786079390798051E-004   1.0000000000000000E-002   1.2000000000000000E-002   1.0017921609727982        0.0000000000000000        1.0017921609727982        1.0000000000000000        6.9400066739805622E-310
  0.27498650867009811       -4.4958568601333639E-005   5.7328780318588457E-004   1.0000000000000000E-002   1.2000000000000000E-002   1.0017866974910754        0.0000000000000000        1.0017866974910754        1.0000000000000000        6.9400066739805622E-310
  0.28498666947284618       -4.4422917813732759E-005   5.6645239468977593E-004   1.0000000000000000E-002   1.2000000000000000E-002   1.0017812882019352        0.0000000000000000        1.0017812882019352        1.0000000000000000        6.9400066739805622E-310
  0.29498688288472585       -4.3711942503190086E-005   5.5738155592521821E-004   1.0000000000000000E-002   1.2000000000000000E-002   1.0017759544508014        0.0000000000000000        1.0017759544508014        1.0000000000000000        6.9400066739805622E-310
  0.30498714806340094       -4.2828446749459594E-005   5.4611114390645810E-004   1.0000000000000000E-002   1.2000000000000000E-002   1.0017707172841457        0.0000000000000000        1.0017707172841457        1.0000000000000000        6.9400066739805622E-310
  0.31498746396224364       -4.1775915435592868E-005   5.3268567322461990E-004   1.0000000000000000E-002   1.2000000000000000E-002   1.0017655973663251        0.0000000000000000        1.0017655973663251        1.0000000000000000        6.9400066739805622E-310
  0.32498782933446813       -4.0558500829900467E-005   5.1715810444719068E-004   1.0000000000000000E-002   1.2000000000000000E-002   1.0017606148984854        0.0000000000000000        1.0017606148984854        1.0000000000000000        6.9400066739805622E-310
  0.33498824273804534       -3.9181006136977756E-005   4.9958978960606970E-004   1.0000000000000000E-002   1.2000000000000000E-002   1.0017557895386806        0.0000000000000000        1.0017557895386806        1.0000000000000000        6.9400066739805622E-310
  0.34498870254140301       -3.7648866510303413E-005   4.8005004327134060E-004   1.0000000000000000E-002   1.2000000000000000E-002   1.0017511403243569        0.0000000000000000        1.0017511403243569        1.0000000000000000        6.9400066739805622E-310
  0.35498920692985875       -3.5968127511287965E-005   4.5861603895058778E-004   1.0000000000000000E-002   1.2000000000000000E-002   1.0017466855973394        0.0000000000000000        1.0017466855973394        1.0000000000000000        6.9400066739805622E-310
  0.36498975391278971       -3.4145421693313812E-005   4.3537233716417489E-004   1.0000000000000000E-002   1.2000000000000000E-002   1.0017424429315385        0.0000000000000000        1.0017424429315385        1.0000000000000000        6.9400066739805622E-310
  0.37499034133148296       -3.2187942108130070E-005   4.1041069443181755E-004   1.0000000000000000E-002   1.2000000000000000E-002   1.0017384290638509        0.0000000000000000        1.0017384290638509        1.0000000000000000        6.9400066739805622E-310
  0.38499096686765849       -3.0103413839074642E-005   3.8382962315797187E-004   1.0000000000000000E-002   1.2000000000000000E-002   1.0017346598280106        0.0000000000000000        1.0017346598280106        1.0000000000000000        6.9400066739805622E-310
  0.39499162805261773       -2.7900063482332154E-005   3.5573401843080887E-004   1.0000000000000000E-002   1.2000000000000000E-002   1.0017311500923518        0.0000000000000000        1.0017311500923518        1.0000000000000000        6.9400066739805622E-310
  0.40499232227698556       -2.5586587294689709E-005   3.2623476481408176E-004   1.0000000000000000E-002   1.2000000000000000E-002   1.0017279137011652        0.0000000000000000        1.0017279137011652        1.0000000000000000        6.9400066739805622E-310
  0.41499304680100951       -2.3172116283707216E-005   2.9544826367455812E-004   1.0000000000000000E-002   1.2000000000000000E-002   1.0017249634201910        0.0000000000000000        1.0017249634201910        1.0000000000000000        6.9400066739805622E-310
  0.42499379876537036       -2.0666179903724593E-005   2.6349601235686748E-004   1.0000000000000000E-002   1.2000000000000000E-002   1.0017223108863420        0.0000000000000000        1.0017223108863420        1.0000000000000000        6.9400066739805622E-310
  0.43499457520246743       -1.8078669338286347E-005   2.3050408656910548E-004   1.0000000000000000E-002   1.2000000000000000E-002   1.0017199665618639        0.0000000000000000        1.0017199665618639        1.0000000000000000        6.9400066739805622E-310
  0.44499537304812870       -1.5419797663461147E-005   1.9660265076826278E-004   1.0000000000000000E-002   1.2000000000000000E-002   1.0017179396932803        0.0000000000000000        1.0017179396932803        1.0000000000000000        6.9400066739805622E-310
  0.45499618915370077       -1.2700059869910459E-005   1.6192548109739135E-004   1.0000000000000000E-002   1.2000000000000000E-002   1.0017162382749196        0.0000000000000000        1.0017162382749196        1.0000000000000000        6.9400066739805622E-310
  0.46499702029847467       -9.9301914485601333E-006   1.2660943434550376E-004   1.0000000000000000E-002   1.2000000000000000E-002   1.0017148690172426        0.0000000000000000        1.0017148690172426        1.0000000000000000        6.9400066739805622E-310
  0.47499786320239779       -7.1211253986614975E-006   9.0793851391879343E-005   1.0000000000000000E-002   1.2000000000000000E-002   1.0017138373204519        0.0000000000000000        1.0017138373204519        1.0000000000000000        6.9400066739805622E-310
  0.48499871453901794       -4.2839500713945952E-006   5.4619981855630328E-005   1.0000000000000000E-002   1.2000000000000000E-002   1.0017131472537009        0.0000000000000000        1.0017131472537009        1.0000000000000000        6.9400066739805622E-310
  0.49499957094860092       -1.4298647011446661E-006   1.8230637436111863E-005   1.0000000000000000E-002   1.2000000000000000E-002   1.0017128015386714        0.0000000000000000        1.0017128015386714        1.0000000000000000        6.9400066739805622E-310
  0.50500042905139853        1.4298647016925147E-006  -1.8230623780368660E-005   1.0000000000000000E-002   1.2000000000000000E-002   1.0017128015386008        0.0000000000000000        1.0017128015386008        1.0000000000000000        6.9400066739805622E-310
  0.51500128546098334        4.2839501314095333E-006  -5.4620011351147468E-005   1.0000000000000000E-002   1.2000000000000000E-002   1.0017131472537153        0.0000000000000000        1.0017131472537153        1.0000000000000000        6.9400066739805622E-310
  0.52500213679760122        7.1211253398818655E-006  -9.0793824882418050E-005   1.0000000000000000E-002   1.2000000000000000E-002   1.0017138373204764        0.0000000000000000        1.0017138373204764        1.0000000000000000        6.9400066739805622E-310
  0.53500297970152599        9.9301913462398085E-006  -1.2660944810072294E-004   1.0000000000000000E-002   1.2000000000000000E-002   1.0017148690172046        0.0000000000000000        1.0017148690172046        1.0000000000000000        6.9400066739805622E-310
  0.54500381084629923        1.2700059994177986E-005  -1.6192548166404919E-004   1.0000000000000000E-002   1.2000000000000000E-002   1.0017162382749549        0.0000000000000000        1.0017162382749549        1.0000000000000000        6.9400066739805622E-310
  0.55500462695187114        1.5419797698006329E-005  -1.9660265293186541E-004   1.0000000000000000E-002   1.2000000000000000E-002   1.0017179396933200        0.0000000000000000        1.0017179396933200        1.0000000000000000        6.9400066739805622E-310
  0.56500542479753180        1.8078669318502713E-005  -2.3050408186442439E-004   1.0000000000000000E-002   1.2000000000000000E-002   1.0017199665618961        0.0000000000000000        1.0017199665618961        1.0000000000000000        6.9400066739805622E-310
  0.57500620123462876        2.0666179925101519E-005  -2.6349600525055195E-004   1.0000000000000000E-002   1.2000000000000000E-002   1.0017223108863189        0.0000000000000000        1.0017223108863189        1.0000000000000000        6.9400066739805622E-310
  0.58500695319899021        2.3172116115797856E-005  -2.9544826336991292E-004   1.0000000000000000E-002   1.2000000000000000E-002   1.0017249634201368        0.0000000000000000        1.0017249634201368        1.0000000000000000        6.9400066739805622E-310
  0.59500767772301466        2.5586587479087352E-005  -3.2623476537008145E-004   1.0000000000000000E-002   1.2000000000000000E-002   1.0017279137011115        0.0000000000000000        1.0017279137011115        1.0000000000000000        6.9400066739805622E-310
  0.60500837194738311        2.7900063432925295E-005  -3.5573402754707217E-004   1.0000000000000000E-002   1.2000000000000000E-002   1.0017311500923392        0.0000000000000000        1.0017311500923392        1.0000000000000000        6.9400066739805622E-310
  0.61500903313234201        3.0103413726554399E-005  -3.8382962608274340E-004   1.0000000000000000E-002   1.2000000000000000E-002   1.0017346598280545        0.0000000000000000        1.0017346598280545        1.0000000000000000        6.9400066739805622E-310
  0.62500965866851688        3.2187942116426365E-005  -4.1041068702973860E-004   1.0000000000000000E-002   1.2000000000000000E-002   1.0017384290638736        0.0000000000000000        1.0017384290638736        1.0000000000000000        6.9400066739805622E-310
  0.63501024608721035        3.4145421715542247E-005  -4.3537233847779078E-004   1.0000000000000000E-002   1.2000000000000000E-002   1.0017424429315351        0.0000000000000000        1.0017424429315351        1.0000000000000000        6.9400066739805622E-310
  0.64501079307014120        3.5968127547484976E-005  -4.5861603713337473E-004   1.0000000000000000E-002   1.2000000000000000E-002   1.0017466855973358        0.0000000000000000        1.0017466855973358        1.0000000000000000        6.9400066739805622E-310
  0.65501129745859710        3.7648866474449552E-005  -4.8005004484075187E-004   1.0000000000000000E-002   1.2000000000000000E-002   1.0017511403243493        0.0000000000000000        1.0017511403243493        1.0000000000000000        6.9400066739805622E-310
  0.66501175726195483        3.9181006175745797E-005  -4.9958979597519715E-004   1.0000000000000000E-002   1.2000000000000000E-002   1.0017557895387066        0.0000000000000000        1.0017557895387066        1.0000000000000000        6.9400066739805622E-310
  0.67501217066553143        4.0558500797775848E-005  -5.1715809682306713E-004   1.0000000000000000E-002   1.2000000000000000E-002   1.0017606148985116        0.0000000000000000        1.0017606148985116        1.0000000000000000        6.9400066739805622E-310
  0.68501253603775580        4.1775915552541501E-005  -5.3268565852704342E-004   1.0000000000000000E-002   1.2000000000000000E-002   1.0017655973662465        0.0000000000000000        1.0017655973662465        1.0000000000000000        6.9400066739805622E-310
  0.69501285193660045        4.2828446713891352E-005  -5.4611117212832738E-004   1.0000000000000000E-002   1.2000000000000000E-002   1.0017707172841279        0.0000000000000000        1.0017707172841279        1.0000000000000000        6.9400066739805622E-310
  0.70501311711527404        4.3711942462171085E-005  -5.5738155177653681E-004   1.0000000000000000E-002   1.2000000000000000E-002   1.0017759544508951        0.0000000000000000        1.0017759544508951        1.0000000000000000        6.9400066739805622E-310
  0.71501333052715299        4.4422917870895591E-005  -5.6645237736496767E-004   1.0000000000000000E-002   1.2000000000000000E-002   1.0017812882019284        0.0000000000000000        1.0017812882019284        1.0000000000000000        6.9400066739805622E-310
  0.72501349132990200        4.4958568501568072E-005  -5.7328780718091110E-004   1.0000000000000000E-002   1.2000000000000000E-002   1.0017866974910086        0.0000000000000000        1.0017866974910086        1.0000000000000000        6.9400066739805622E-310
  0.73501359888880335        4.5316782982586283E-005  -5.7786080522870265E-004   1.0000000000000000E-002   1.2000000000000000E-002   1.0017921609728078        0.0000000000000000        1.0017921609728078        1.0000000000000000        6.9400066739805622E-310
  0.74501365277926435        4.5496149448716795E-005  -5.8015327361715663E-004   1.0000000000000000E-002   1.2000000000000000E-002   1.0017976570870437        0.0000000000000000        1.0017976570870437        1.0000000000000000        6.9400066739805622E-310
  0.75501365278849941        4.5495962399725082E-005  -5.8015622325946481E-004   1.0000000000000000E-002   1.2000000000000000E-002   1.0018031641441467        0.0000000000000000        1.0018031641441467        1.0000000000000000        6.9400066739805622E-310
  0.76501359891635701        4.5316224539805190E-005  -5.7786946753868307E-004   1.0000000000000000E-002   1.2000000000000000E-002   1.0018086604102159        0.0000000000000000        1.0018086604102159        1.0000000000000000        6.9400066739805622E-310
  0.77501349137534292        4.4957647698323438E-005  -5.7330212059625296E-004   1.0000000000000000E-002   1.2000000000000000E-002   1.0018141241929632        0.0000000000000000        1.0018141241929632        1.0000000000000000        6.9400066739805622E-310
  0.78501333058976419        4.4421648943946113E-005  -5.6647211192384361E-004   1.0000000000000000E-002   1.2000000000000000E-002   1.0018195339277145        0.0000000000000000        1.0018195339277145        1.0000000000000000        6.9400066739805622E-310
  0.79501311719406786        4.3710345589986695E-005  -5.5740639207524367E-004   1.0000000000000000E-002   1.2000000000000000E-002   1.0018248682620567        0.0000000000000000        1.0018248682620567        1.0000000000000000        6.9400066739805622E-310
  0.80501285203033202        4.2826547197740590E-005  -5.4614067247538145E-004   1.0000000000000000E-002   1.2000000000000000E-002   1.0018301061403143        0.0000000000000000        1.0018301061403143        1.0000000000000000        6.9400066739805622E-310
  0.81501253614495084        4.1773743156744532E-005  -5.3271943896326945E-004   1.0000000000000000E-002   1.2000000000000000E-002   1.0018352268867825        0.0000000000000000        1.0018352268867825        1.0000000000000000        6.9400066739805622E-310
  0.82501217078449818        4.0556089907996679E-005  -5.1719559086027544E-004   1.0000000000000000E-002   1.2000000000000000E-002   1.0018402102873818        0.0000000000000000        1.0018402102873818        1.0000000000000000        6.9400066739805622E-310
  0.83501175739081601        3.9178394656191452E-005  -4.9963038826739137E-004   1.0000000000000000E-002   1.2000000000000000E-002   1.0018450366693352        0.0000000000000000        1.0018450366693352        1.0000000000000000        6.9400066739805622E-310
  0.84501129759532134        3.7646095725725779E-005  -4.8009312137775595E-004   1.0000000000000000E-002   1.2000000000000000E-002   1.0018496869790268        0.0000000000000000        1.0018496869790268        1.0000000000000000        6.9400066739805622E-310
  0.85501079321257245        3.5965241019058639E-005  -4.5866092570623351E-004   1.0000000000000000E-002   1.2000000000000000E-002   1.0018541428574395        0.0000000000000000        1.0018541428574395        1.0000000000000000        6.9400066739805622E-310
  0.86501024623310074        3.4142465245478447E-005  -4.3541829538007448E-004   1.0000000000000000E-002   1.2000000000000000E-002   1.0018583867124096        0.0000000000000000        1.0018583867124096        1.0000000000000000        6.9400066739805622E-310
  0.87500965881556669        3.2184961983733200E-005  -4.1045701560094017E-004   1.0000000000000000E-002   1.2000000000000000E-002   1.0018624017882167        0.0000000000000000        1.0018624017882167        1.0000000000000000        6.9400066739805622E-310
  0.88500903327823244        3.0100457207174172E-005  -3.8387559988439790E-004   1.0000000000000000E-002   1.2000000000000000E-002   1.0018661722322684        0.0000000000000000        1.0018661722322684        1.0000000000000000        6.9400066739805622E-310
  0.89500837208981210        2.7897177033150052E-005  -3.5577888480187170E-004   1.0000000000000000E-002   1.2000000000000000E-002   1.0018696831570859        0.0000000000000000        1.0018696831570859        1.0000000000000000        6.9400066739805622E-310
  0.90500767785973812        2.5583816426160918E-005  -3.2627784053751441E-004   1.0000000000000000E-002   1.2000000000000000E-002   1.0018729206995607        0.0000000000000000        1.0018729206995607        1.0000000000000000        6.9400066739805622E-310
  0.91500695332785187        2.3169504774900607E-005  -2.9548887406960489E-004   1.0000000000000000E-002   1.2000000000000000E-002   1.0018758720759489        0.0000000000000000        1.0018758720759489        1.0000000000000000        6.9400066739805622E-310
  0.92500620135359546        2.0663768962370760E-005  -2.6353349571195395E-004   1.0000000000000000E-002   1.2000000000000000E-002   1.0018785256319844        0.0000000000000000        1.0018785256319844        1.0000000000000000        6.9400066739805622E-310
  0.93500542490472638        1.8076496965359511E-005  -2.3053784298010527E-004   1.0000000000000000E-002   1.2000000000000000E-002   1.0018808708891627        0.0000000000000000        1.0018808708891627        1.0000000000000000        6.9400066739805622E-310
  0.94500462704560451        1.5417898169577397E-005  -1.9663218484655687E-004   1.0000000000000000E-002   1.2000000000000000E-002   1.0018828985863837        0.0000000000000000        1.0018828985863837        1.0000000000000000        6.9400066739805622E-310
  0.95500381092509312        1.2698463107804498E-005  -1.6195031483068334E-004   1.0000000000000000E-002   1.2000000000000000E-002   1.0018846007163544        0.0000000000000000        1.0018846007163544        1.0000000000000000        6.9400066739805622E-310
  0.96500297976413674        9.9289225281907411E-006  -1.2662916956607262E-004   1.0000000000000000E-002   1.2000000000000000E-002   1.0018859705573142        0.0000000000000000        1.0018859705573142        1.0000000000000000        6.9400066739805622E-310
  0.97500213684304249        7.1202045140555900E-006  -9.0808151003152204E-005   1.0000000000000000E-002   1.2000000000000000E-002   1.0018870026997140        0.0000000000000000        1.0018870026997140        1.0000000000000000        6.9400066739805622E-310
  0.98500128548853672        4.2833916235625672E-006  -5.4628670313583427E-005   1.0000000000000000E-002   1.2000000000000000E-002   1.0018876930674747        0.0000000000000000        1.0018876930674747        1.0000000000000000        6.9400066739805622E-310
  0.99500042906063269        1.4296776672288298E-006  -1.8233554498259252E-005   1.0000000000000000E-002   1.2000000000000000E-002   1.0018880389343072        0.0000000000000000        1.0018880389343072        1.0000000000000000        6.9400066739805622E-310
   1.0049995709393673       -1.4296723410104344E-006   1.8085531526601528E-005   1.0000000000000000E-002   1.2000000000000000E-002   1.0018880389343323        0.0000000000000000        1.0018880389343323        1.0000000000000000        6.9400066739805622E-310
   1.0149987145114627       -4.2833757981096781E-006   5.4185207807755376E-005   1.0000000000000000E-002   1.2000000000000000E-002   1.0018876930674547        0.0000000000000000        1.0018876930674547        1.0000000000000000        6.9400066739805622E-310
   1.0249978631569578       -7.1201780273483745E-006   9.0070963213229049E-005   1.0000000000000000E-002   1.2000000000000000E-002   1.0018870026996813        0.0000000000000000        1.0018870026996813        1.0000000000000000        6.9400066739805622E-310
   1.0349970202358634       -9.9288855724062324E-006   1.2560119218907317E-004   1.0000000000000000E-002   1.2000000000000000E-002   1.0018859705573389        0.0000000000000000        1.0018859705573389        1.0000000000000000        6.9400066739805622E-310
   1.0449961890749067       -1.2698415864905772E-005   1.6063560403800636E-004   1.0000000000000000E-002   1.2000000000000000E-002   1.0018846007163640        0.0000000000000000        1.0018846007163640        1.0000000000000000        6.9400066739805622E-310
  -4.9995709393673149E-003   1.4298552935947124E-006  -3.5767633061438002E+077   1.0000000000000000E-002   1.2000000000000000E-002   1.0018880389343072        0.0000000000000000        1.0018880389343072        1.0000000000000000        6.9400066739805622E-310
  -1.4998714511463285E-002   4.2839237856785411E-006   0.0000000000000000        1.0000000000000000E-002   1.2000000000000000E-002   1.0018876930674747        0.0000000000000000        1.0018876930674747        1.0000000000000000        6.9400066739805622E-310
  -2.4997863156957512E-002   7.1210891307384294E-006  -3.5767633061438002E+077   1.0000000000000000E-002   1.2000000000000000E-002   1.0018870026997140        0.0000000000000000        1.0018870026997140        1.0000000000000000        6.9400066739805622E-310
  -3.4997020235863263E-002   9.9301560994348272E-006   6.9400068546417920E-310   1.0000000000000000E-002   1.2000000000000000E-002   1.0018859705573142        0.0000000000000000        1.0018859705573142        1.0000000000000000        6.9400066739805622E-310
  -4.4996189074906878E-002   1.2700040768217475E-005   6.9400066883177543E-310   1.0000000000000000E-002   1.2000000000000000E-002   1.0018846007163544        0.0000000000000000        1.0018846007163544        1.0000000000000000        6.9400066739805622E-310
