 # x, v, a, m, h, rho, u, P, c, ke
   4.0008000000001251     
   5.0003912171249134E-003   1.8336214164755608E-006  -1.6616201174990408E-005   1.0000000000000000E-002   1.2000000000000000E-002   1.0017205264261355        0.0000000000000000        1.0017205264261355        1.0000000000000000        6.9400066739805622E-310
   1.5001172108107728E-002   5.4936238773346969E-006  -4.9783095556144019E-005   1.0000000000000000E-002   1.2000000000000000E-002   1.0017208415303036        0.0000000000000000        1.0017208415303036        1.0000000000000000        6.9400066739805622E-310
   2.5001948375379550E-002   9.1319360244739632E-006  -8.2753930818135757E-005   1.0000000000000000E-002   1.2000000000000000E-002   1.0017214704978195        0.0000000000000000        1.0017214704978195        1.0000000000000000        6.9400066739805622E-310
   3.5002716956704809E-002   1.2734192184973658E-005  -1.1539877310617896E-004   1.0000000000000000E-002   1.2000000000000000E-002   1.0017224108521812        0.0000000000000000        1.0017224108521812        1.0000000000000000        6.9400066739805622E-310
   4.5003474820128862E-002   1.6286170496285492E-005  -1.4758900547917619E-004   1.0000000000000000E-002   1.2000000000000000E-002   1.0017236588903258        0.0000000000000000        1.0017236588903258        1.0000000000000000        6.9400066739805622E-310
   5.5004218975925022E-002   1.9773846156737151E-005  -1.7919786753672895E-004   1.0000000000000000E-002   1.2000000000000000E-002   1.0017252096977265        0.0000000000000000        1.0017252096977265        1.0000000000000000        6.9400066739805622E-310
   6.5004946488365870E-002   2.3183450373520431E-005  -2.1010075459670929E-004   1.0000000000000000E-002   1.2000000000000000E-002   1.0017270571673220        0.0000000000000000        1.0017270571673220        1.0000000000000000        6.9400066739805622E-310
   7.5005654487301510E-002   2.6501521966967477E-005  -2.4017594257319530E-004   1.0000000000000000E-002   1.2000000000000000E-002   1.0017291940234336        0.0000000000000000        1.0017291940234336        1.0000000000000000        6.9400066739805622E-310
   8.5006340179460516E-002   2.9714961483562147E-005  -2.6930480065789908E-004   1.0000000000000000E-002   1.2000000000000000E-002   1.0017316118500659        0.0000000000000000        1.0017316118500659        1.0000000000000000        6.9400066739805622E-310
   9.5007000859474056E-002   3.2811083958069455E-005  -2.9737260783502251E-004   1.0000000000000000E-002   1.2000000000000000E-002   1.0017343011240079        0.0000000000000000        1.0017343011240079        1.0000000000000000        6.9400066739805622E-310
  0.10500763392052806        3.5777667514077602E-005  -3.2426870680790643E-004   1.0000000000000000E-002   1.2000000000000000E-002   1.0017372512527045        0.0000000000000000        1.0017372512527045        1.0000000000000000        6.9400066739805622E-310
  0.11500823686463998        3.8603002034219096E-005  -3.4988687760417747E-004   1.0000000000000000E-002   1.2000000000000000E-002   1.0017404506144787        0.0000000000000000        1.0017404506144787        1.0000000000000000        6.9400066739805622E-310
  0.12500880731252939        4.1275935879121664E-005  -3.7412620486065862E-004   1.0000000000000000E-002   1.2000000000000000E-002   1.0017438866047053        0.0000000000000000        1.0017438866047053        1.0000000000000000        6.9400066739805622E-310
  0.13500934301298595        4.3785920310878458E-005  -3.9689105225981791E-004   1.0000000000000000E-002   1.2000000000000000E-002   1.0017475456859839        0.0000000000000000        1.0017475456859839        1.0000000000000000        6.9400066739805622E-310
  0.14500984185175214        4.6123049770905759E-005  -4.1809145183435703E-004   1.0000000000000000E-002   1.2000000000000000E-002   1.0017514134399461        0.0000000000000000        1.0017514134399461        1.0000000000000000        6.9400066739805622E-310
  0.15501030185988302        4.8278101475749516E-005  -4.3764378639998824E-004   1.0000000000000000E-002   1.2000000000000000E-002   1.0017554746243387        0.0000000000000000        1.0017554746243387        1.0000000000000000        6.9400066739805622E-310
  0.16501072122150512        5.0242573136592972E-005  -4.5547072290386126E-004   1.0000000000000000E-002   1.2000000000000000E-002   1.0017597132328364        0.0000000000000000        1.0017597132328364        1.0000000000000000        6.9400066739805622E-310
  0.17501109828100520        5.2008714007171009E-005  -4.7150190438305373E-004   1.0000000000000000E-002   1.2000000000000000E-002   1.0017641125578860        0.0000000000000000        1.0017641125578860        1.0000000000000000        6.9400066739805622E-310
  0.18501143154955796        5.3569557719366338E-005  -4.8567387061115852E-004   1.0000000000000000E-002   1.2000000000000000E-002   1.0017686552565461        0.0000000000000000        1.0017686552565461        1.0000000000000000        6.9400066739805622E-310
  0.19501171971102241        5.4918948934384025E-005  -4.9793051919255760E-004   1.0000000000000000E-002   1.2000000000000000E-002   1.0017733234179975        0.0000000000000000        1.0017733234179975        1.0000000000000000        6.9400066739805622E-310
  0.20501196162715105        5.6051566142979782E-005  -5.0822334467337527E-004   1.0000000000000000E-002   1.2000000000000000E-002   1.0017780986345508        0.0000000000000000        1.0017780986345508        1.0000000000000000        6.9400066739805622E-310
  0.21501215634209092        5.6962945147885650E-005  -5.1651146431819228E-004   1.0000000000000000E-002   1.2000000000000000E-002   1.0017829620737388        0.0000000000000000        1.0017829620737388        1.0000000000000000        6.9400066739805622E-310
  0.22501230308618381        5.7649495207921622E-005  -5.2276204392143200E-004   1.0000000000000000E-002   1.2000000000000000E-002   1.0017878945526844        0.0000000000000000        1.0017878945526844        1.0000000000000000        6.9400066739805622E-310
  0.23501240127900908        5.8108513031728123E-005  -5.2695009536751769E-004   1.0000000000000000E-002   1.2000000000000000E-002   1.0017928766135373        0.0000000000000000        1.0017928766135373        1.0000000000000000        6.9400066739805622E-310
  0.24501245053170650        5.8338192610450819E-005  -5.2905885833176569E-004   1.0000000000000000E-002   1.2000000000000000E-002   1.0017978885996592        0.0000000000000000        1.0017978885996592        1.0000000000000000        6.9400066739805622E-310
  0.25501245064853134        5.8337634720278216E-005  -5.2907985828820614E-004   1.0000000000000000E-002   1.2000000000000000E-002   1.0018029107340563        0.0000000000000000        1.0018029107340563        1.0000000000000000        6.9400066739805622E-310
  0.26501240162763584        5.8106848213275478E-005  -5.2701264381393997E-004   1.0000000000000000E-002   1.2000000000000000E-002   1.0018079231967112        0.0000000000000000        1.0018079231967112        1.0000000000000000        6.9400066739805622E-310
  0.27501230366111512        5.7646749888396668E-005  -5.2286518110555846E-004   1.0000000000000000E-002   1.2000000000000000E-002   1.0018129062026677        0.0000000000000000        1.0018129062026677        1.0000000000000000        6.9400066739805622E-310
  0.28501215713426065        5.6959162712295902E-005  -5.1665358483443669E-004   1.0000000000000000E-002   1.2000000000000000E-002   1.0018178400806370        0.0000000000000000        1.0018178400806370        1.0000000000000000        6.9400066739805622E-310
  0.29501196262406632        5.6046805753287820E-005  -5.0840220696279914E-004   1.0000000000000000E-002   1.2000000000000000E-002   1.0018227053507627        0.0000000000000000        1.0018227053507627        1.0000000000000000        6.9400066739805622E-310
  0.30501172089696094        5.4913285697647134E-005  -4.9814329934338986E-004   1.0000000000000000E-002   1.2000000000000000E-002   1.0018274828013005        0.0000000000000000        1.0018274828013005        1.0000000000000000        6.9400066739805622E-310
  0.31501143290581513        5.3563081391865363E-005  -4.8591717160295644E-004   1.0000000000000000E-002   1.2000000000000000E-002   1.0018321535643469        0.0000000000000000        1.0018321535643469        1.0000000000000000        6.9400066739805622E-310
  0.32501109978619486        5.2001526583469326E-005  -4.7177195383074633E-004   1.0000000000000000E-002   1.2000000000000000E-002   1.0018366991912719        0.0000000000000000        1.0018366991912719        1.0000000000000000        6.9400066739805622E-310
  0.33501072285188921        5.0234787595627321E-005  -4.5576325305152210E-004   1.0000000000000000E-002   1.2000000000000000E-002   1.0018411017253652        0.0000000000000000        1.0018411017253652        1.0000000000000000        6.9400066739805622E-310
  0.34501030358974616        4.8269841263775034E-005  -4.3795411206914991E-004   1.0000000000000000E-002   1.2000000000000000E-002   1.0018453437726584        0.0000000000000000        1.0018453437726584        1.0000000000000000        6.9400066739805622E-310
  0.35500984365381766        4.6114444573205478E-005  -4.1841477444126696E-004   1.0000000000000000E-002   1.2000000000000000E-002   1.0018494085715295        0.0000000000000000        1.0018494085715295        1.0000000000000000        6.9400066739805622E-310
  0.36500934485883069        4.3777106208158409E-005  -3.9722217131554771E-004   1.0000000000000000E-002   1.2000000000000000E-002   1.0018532800585951        0.0000000000000000        1.0018532800585951        1.0000000000000000        6.9400066739805622E-310
  0.37500880917304935        4.1267051869608824E-005  -3.7446004401253674E-004   1.0000000000000000E-002   1.2000000000000000E-002   1.0018569429329063        0.0000000000000000        1.0018569429329063        1.0000000000000000        6.9400066739805622E-310
  0.38500823871048828        3.8594187633534581E-005  -3.5021806754631513E-004   1.0000000000000000E-002   1.2000000000000000E-002   1.0018603827165213        0.0000000000000000        1.0018603827165213        1.0000000000000000        6.9400066739805622E-310
  0.39500763572259179        3.5769062064442442E-005  -3.2459198051171256E-004   1.0000000000000000E-002   1.2000000000000000E-002   1.0018635858114724        0.0000000000000000        1.0018635858114724        1.0000000000000000        6.9400066739805622E-310
  0.40500700258933797        3.2802823804006682E-005  -2.9768297391896681E-004   1.0000000000000000E-002   1.2000000000000000E-002   1.0018665395546056        0.0000000000000000        1.0018665395546056        1.0000000000000000        6.9400066739805622E-310
  0.41500634180984114        2.9707176246488451E-005  -2.6959728347542011E-004   1.0000000000000000E-002   1.2000000000000000E-002   1.0018692322673359        0.0000000000000000        1.0018692322673359        1.0000000000000000        6.9400066739805622E-310
  0.42500565599248968        2.6494334325609634E-005  -2.4044597933325917E-004   1.0000000000000000E-002   1.2000000000000000E-002   1.0018716533027163        0.0000000000000000        1.0018716533027163        1.0000000000000000        6.9400066739805622E-310
  0.43500494784462446        2.3176974036930088E-005  -2.1034409362474804E-004   1.0000000000000000E-002   1.2000000000000000E-002   1.0018737930872232        0.0000000000000000        1.0018737930872232        1.0000000000000000        6.9400066739805622E-310
  0.44500422016186358        1.9768183235925298E-005  -1.7941064150495123E-004   1.0000000000000000E-002   1.2000000000000000E-002   1.0018756431585505        0.0000000000000000        1.0018756431585505        1.0000000000000000        6.9400066739805622E-310
  0.45500347581704409        1.6281409896883765E-005  -1.4776786472747716E-004   1.0000000000000000E-002   1.2000000000000000E-002   1.0018771961998891        0.0000000000000000        1.0018771961998891        1.0000000000000000        6.9400066739805622E-310
  0.46500271774887447        1.2730409551212280E-005  -1.1554089342080687E-004   1.0000000000000000E-002   1.2000000000000000E-002   1.0018784460689751        0.0000000000000000        1.0018784460689751        1.0000000000000000        6.9400066739805622E-310
  0.47500194895031045        9.1291906432971102E-006  -8.2857070739628114E-005   1.0000000000000000E-002   1.2000000000000000E-002   1.0018793878223471        0.0000000000000000        1.0018793878223471        1.0000000000000000        6.9400066739805622E-310
  0.48500117245673485        5.4919593396291541E-006  -4.9845680456961361E-005   1.0000000000000000E-002   1.2000000000000000E-002   1.0018800177351639        0.0000000000000000        1.0018800177351639        1.0000000000000000        6.9400066739805622E-310
  0.49500039133394458        1.8330633648908774E-006  -1.6637106364569831E-005   1.0000000000000000E-002   1.2000000000000000E-002   1.0018803333155963        0.0000000000000000        1.0018803333155963        1.0000000000000000        6.9400066739805622E-310
  0.50499960866605309       -1.8330635380366176E-006   1.6637136979191780E-005   1.0000000000000000E-002   1.2000000000000000E-002   1.0018803333154516        0.0000000000000000        1.0018803333154516        1.0000000000000000        6.9400066739805622E-310
  0.51499882754326620       -5.4919591944663875E-006   4.9845650408997244E-005   1.0000000000000000E-002   1.2000000000000000E-002   1.0018800177350293        0.0000000000000000        1.0018800177350293        1.0000000000000000        6.9400066739805622E-310
  0.52499805104969000       -9.1291906701737468E-006   8.2857073484099431E-005   1.0000000000000000E-002   1.2000000000000000E-002   1.0018793878223273        0.0000000000000000        1.0018793878223273        1.0000000000000000        6.9400066739805622E-310
  0.53499728225112686       -1.2730409444555151E-005   1.1554087809440006E-004   1.0000000000000000E-002   1.2000000000000000E-002   1.0018784460690109        0.0000000000000000        1.0018784460690109        1.0000000000000000        6.9400066739805622E-310
  0.54499652418295552       -1.6281409834582675E-005   1.4776788778991801E-004   1.0000000000000000E-002   1.2000000000000000E-002   1.0018771961998989        0.0000000000000000        1.0018771961998989        1.0000000000000000        6.9400066739805622E-310
  0.55499577983813753       -1.9768183264538149E-005   1.7941062368631577E-004   1.0000000000000000E-002   1.2000000000000000E-002   1.0018756431585301        0.0000000000000000        1.0018756431585301        1.0000000000000000        6.9400066739805622E-310
  0.56499505215537593       -2.3176973883094848E-005   2.1034407516218323E-004   1.0000000000000000E-002   1.2000000000000000E-002   1.0018737930873767        0.0000000000000000        1.0018737930873767        1.0000000000000000        6.9400066739805622E-310
  0.57499434400750815       -2.6494334451815849E-005   2.4044598796901795E-004   1.0000000000000000E-002   1.2000000000000000E-002   1.0018716533028991        0.0000000000000000        1.0018716533028991        1.0000000000000000        6.9400066739805622E-310
  0.58499365819015559       -2.9707176351494590E-005   2.6959728829467622E-004   1.0000000000000000E-002   1.2000000000000000E-002   1.0018692322674643        0.0000000000000000        1.0018692322674643        1.0000000000000000        6.9400066739805622E-310
  0.59499299741065703       -3.2802823502021981E-005   2.9768302279187253E-004   1.0000000000000000E-002   1.2000000000000000E-002   1.0018665395544928        0.0000000000000000        1.0018665395544928        1.0000000000000000        6.9400066739805622E-310
  0.60499236427740721       -3.5769062178037854E-005   3.2459197357948000E-004   1.0000000000000000E-002   1.2000000000000000E-002   1.0018635858111713        0.0000000000000000        1.0018635858111713        1.0000000000000000        6.9400066739805622E-310
  0.61499176128951316       -3.8594188122157117E-005   3.5021804118073874E-004   1.0000000000000000E-002   1.2000000000000000E-002   1.0018603827163635        0.0000000000000000        1.0018603827163635        1.0000000000000000        6.9400066739805622E-310
  0.62499119082695298       -4.1267051599446141E-005   3.7446000951746328E-004   1.0000000000000000E-002   1.2000000000000000E-002   1.0018569429330308        0.0000000000000000        1.0018569429330308        1.0000000000000000        6.9400066739805622E-310
  0.63499065514116770       -4.3777106273501288E-005   3.9722221360438681E-004   1.0000000000000000E-002   1.2000000000000000E-002   1.0018532800586719        0.0000000000000000        1.0018532800586719        1.0000000000000000        6.9400066739805622E-310
  0.64499015634618329       -4.6114444433882673E-005   4.1841473755166447E-004   1.0000000000000000E-002   1.2000000000000000E-002   1.0018494085715919        0.0000000000000000        1.0018494085715919        1.0000000000000000        6.9400066739805622E-310
  0.65498969641025095       -4.8269841241964850E-005   4.3795416124403630E-004   1.0000000000000000E-002   1.2000000000000000E-002   1.0018453437726718        0.0000000000000000        1.0018453437726718        1.0000000000000000        6.9400066739805622E-310
  0.66498927714811129       -5.0234787692631655E-005   4.5576323072982206E-004   1.0000000000000000E-002   1.2000000000000000E-002   1.0018411017252440        0.0000000000000000        1.0018411017252440        1.0000000000000000        6.9400066739805622E-310
  0.67498890021380509       -5.2001526541467727E-005   4.7177195464698229E-004   1.0000000000000000E-002   1.2000000000000000E-002   1.0018366991912575        0.0000000000000000        1.0018366991912575        1.0000000000000000        6.9400066739805622E-310
  0.68498856709418543       -5.3563081578540644E-005   4.8591717211188268E-004   1.0000000000000000E-002   1.2000000000000000E-002   1.0018321535643264        0.0000000000000000        1.0018321535643264        1.0000000000000000        6.9400066739805622E-310
  0.69498827910303929       -5.4913285628873500E-005   4.9814331095898723E-004   1.0000000000000000E-002   1.2000000000000000E-002   1.0018274828012153        0.0000000000000000        1.0018274828012153        1.0000000000000000        6.9400066739805622E-310
  0.70498803737593640       -5.6046805623340234E-005   5.0840215510561393E-004   1.0000000000000000E-002   1.2000000000000000E-002   1.0018227053508673        0.0000000000000000        1.0018227053508673        1.0000000000000000        6.9400066739805622E-310
  0.71498784286573713       -5.6959162482164938E-005   5.1665364405195646E-004   1.0000000000000000E-002   1.2000000000000000E-002   1.0018178400807094        0.0000000000000000        1.0018178400807094        1.0000000000000000        6.9400066739805622E-310
  0.72498769633888582       -5.7646750193251632E-005   5.2286516999888732E-004   1.0000000000000000E-002   1.2000000000000000E-002   1.0018129062025125        0.0000000000000000        1.0018129062025125        1.0000000000000000        6.9400066739805622E-310
  0.73498759837236560       -5.8106847977330751E-005   5.2701263552989985E-004   1.0000000000000000E-002   1.2000000000000000E-002   1.0018079231966635        0.0000000000000000        1.0018079231966635        1.0000000000000000        6.9400066739805622E-310
  0.74498754935147038       -5.8337634787487359E-005   5.2907985030703486E-004   1.0000000000000000E-002   1.2000000000000000E-002   1.0018029107340627        0.0000000000000000        1.0018029107340627        1.0000000000000000        6.9400066739805622E-310
  0.75498754946829494       -5.8338192682092683E-005   5.2905884833531758E-004   1.0000000000000000E-002   1.2000000000000000E-002   1.0017978885997620        0.0000000000000000        1.0017978885997620        1.0000000000000000        6.9400066739805622E-310
  0.76498759872099031       -5.8108512905129332E-005   5.2695011885006693E-004   1.0000000000000000E-002   1.2000000000000000E-002   1.0017928766135673        0.0000000000000000        1.0017928766135673        1.0000000000000000        6.9400066739805622E-310
  0.77498769691381730       -5.7649495383158190E-005   5.2276200960577057E-004   1.0000000000000000E-002   1.2000000000000000E-002   1.0017878945527667        0.0000000000000000        1.0017878945527667        1.0000000000000000        6.9400066739805622E-310
  0.78498784365790675       -5.6962945382526021E-005   5.1651150280207503E-004   1.0000000000000000E-002   1.2000000000000000E-002   1.0017829620738072        0.0000000000000000        1.0017829620738072        1.0000000000000000        6.9400066739805622E-310
  0.79498803837284837       -5.6051565986636311E-005   5.0822334867461905E-004   1.0000000000000000E-002   1.2000000000000000E-002   1.0017780986344185        0.0000000000000000        1.0017780986344185        1.0000000000000000        6.9400066739805622E-310
  0.80498828028897829       -5.4918948890605737E-005   4.9793050872981581E-004   1.0000000000000000E-002   1.2000000000000000E-002   1.0017733234179016        0.0000000000000000        1.0017733234179016        1.0000000000000000        6.9400066739805622E-310
  0.81498856845044343       -5.3569557680169854E-005   4.8567385754427761E-004   1.0000000000000000E-002   1.2000000000000000E-002   1.0017686552565515        0.0000000000000000        1.0017686552565515        1.0000000000000000        6.9400066739805622E-310
  0.82498890171899519       -5.2008714088485060E-005   4.7150191884171022E-004   1.0000000000000000E-002   1.2000000000000000E-002   1.0017641125578829        0.0000000000000000        1.0017641125578829        1.0000000000000000        6.9400066739805622E-310
  0.83498927877849627       -5.0242572857392684E-005   4.5547072141260969E-004   1.0000000000000000E-002   1.2000000000000000E-002   1.0017597132327822        0.0000000000000000        1.0017597132327822        1.0000000000000000        6.9400066739805622E-310
  0.84498969814011848       -4.8278101584686302E-005   4.3764378979549434E-004   1.0000000000000000E-002   1.2000000000000000E-002   1.0017554746242765        0.0000000000000000        1.0017554746242765        1.0000000000000000        6.9400066739805622E-310
  0.85499015814825075       -4.6123049810482472E-005   4.1809141157678198E-004   1.0000000000000000E-002   1.2000000000000000E-002   1.0017514134400414        0.0000000000000000        1.0017514134400414        1.0000000000000000        6.9400066739805622E-310
  0.86499065698701372       -4.3785920304174517E-005   3.9689106104923155E-004   1.0000000000000000E-002   1.2000000000000000E-002   1.0017475456862299        0.0000000000000000        1.0017475456862299        1.0000000000000000        6.9400066739805622E-310
  0.87499119268746794       -4.1275936139095008E-005   3.7412625391652909E-004   1.0000000000000000E-002   1.2000000000000000E-002   1.0017438866046868        0.0000000000000000        1.0017438866046868        1.0000000000000000        6.9400066739805622E-310
  0.88499176313536021       -3.8603001884790822E-005   3.4988686839643179E-004   1.0000000000000000E-002   1.2000000000000000E-002   1.0017404506142831        0.0000000000000000        1.0017404506142831        1.0000000000000000        6.9400066739805622E-310
  0.89499236607947374       -3.5777667384519312E-005   3.2426867333512632E-004   1.0000000000000000E-002   1.2000000000000000E-002   1.0017372512526999        0.0000000000000000        1.0017372512526999        1.0000000000000000        6.9400066739805622E-310
  0.90499299914052611       -3.2811084047770393E-005   2.9737261182116725E-004   1.0000000000000000E-002   1.2000000000000000E-002   1.0017343011241315        0.0000000000000000        1.0017343011241315        1.0000000000000000        6.9400066739805622E-310
  0.91499365982053837       -2.9714961646205561E-005   2.6930483285259044E-004   1.0000000000000000E-002   1.2000000000000000E-002   1.0017316118500295        0.0000000000000000        1.0017316118500295        1.0000000000000000        6.9400066739805622E-310
  0.92499434551269943       -2.6501521806751165E-005   2.4017593837744045E-004   1.0000000000000000E-002   1.2000000000000000E-002   1.0017291940232707        0.0000000000000000        1.0017291940232707        1.0000000000000000        6.9400066739805622E-310
  0.93499505351163670       -2.3183450427365390E-005   2.1010072577354322E-004   1.0000000000000000E-002   1.2000000000000000E-002   1.0017270571673116        0.0000000000000000        1.0017270571673116        1.0000000000000000        6.9400066739805622E-310
  0.94499578102407600       -1.9773846126447561E-005   1.7919787344222726E-004   1.0000000000000000E-002   1.2000000000000000E-002   1.0017252096978131        0.0000000000000000        1.0017252096978131        1.0000000000000000        6.9400066739805622E-310
  0.95499652517987177       -1.6286170396173465E-005   1.4758901197708951E-004   1.0000000000000000E-002   1.2000000000000000E-002   1.0017236588903613        0.0000000000000000        1.0017236588903613        1.0000000000000000        6.9400066739805622E-310
  0.96499728304329546       -1.2734192375866400E-005   1.1539878454946972E-004   1.0000000000000000E-002   1.2000000000000000E-002   1.0017224108521334        0.0000000000000000        1.0017224108521334        1.0000000000000000        6.9400066739805622E-310
  0.97499805162462228       -9.1319358555296132E-006   8.2753906298194124E-005   1.0000000000000000E-002   1.2000000000000000E-002   1.0017214704978332        0.0000000000000000        1.0017214704978332        1.0000000000000000        6.9400066739805622E-310
  0.98499882789189219       -5.4936241514578656E-006   4.9783116048196518E-005   1.0000000000000000E-002   1.2000000000000000E-002   1.0017208415303376        0.0000000000000000        1.0017208415303376        1.0000000000000000        6.9400066739805622E-310
  0.99499960878287608       -1.8336212026828525E-006   1.6616193626362019E-005   1.0000000000000000E-002   1.2000000000000000E-002   1.0017205264261007        0.0000000000000000        1.0017205264261007        1.0000000000000000        6.9400066739805622E-310
   1.0050003912171248        1.8336165996321033E-006  -1.6427088757708930E-005   1.0000000000000000E-002   1.2000000000000000E-002   1.0017205264261355        0.0000000000000000        1.0017205264261355        1.0000000000000000        6.9400066739805622E-310
   1.0150011721081078        5.4936094510164239E-006  -4.9216539917296132E-005   1.0000000000000000E-002   1.2000000000000000E-002   1.0017208415303036        0.0000000000000000        1.0017208415303036        1.0000000000000000        6.9400066739805622E-310
   1.0250019483753796        9.1319120413491442E-006  -8.1812148922999484E-005   1.0000000000000000E-002   1.2000000000000000E-002   1.0017214704978195        0.0000000000000000        1.0017214704978195        1.0000000000000000        6.9400066739805622E-310
   1.0350027169567049        1.2734158738290369E-005  -1.1408550352864921E-004   1.0000000000000000E-002   1.2000000000000000E-002   1.0017224108521812        0.0000000000000000        1.0017224108521812        1.0000000000000000        6.9400066739805622E-310
   1.0450034748201289        1.6286127724301136E-005  -1.4590941478331843E-004   1.0000000000000000E-002   1.2000000000000000E-002   1.0017236588903258        0.0000000000000000        1.0017236588903258        1.0000000000000000        6.9400066739805622E-310
  -5.0003912171239229E-003  -1.8338481253555051E-006  -3.5767633061438002E+077   1.0000000000000000E-002   1.2000000000000000E-002   1.0017205264261007        0.0000000000000000        1.0017205264261007        1.0000000000000000        6.9400066739805622E-310
  -1.5001172108107808E-002  -5.4943040385772696E-006   0.0000000000000000        1.0000000000000000E-002   1.2000000000000000E-002   1.0017208415303376        0.0000000000000000        1.0017208415303376        1.0000000000000000        6.9400066739805622E-310
  -2.5001948375377725E-002  -9.1330659784837650E-006  -3.5767633061438002E+077   1.0000000000000000E-002   1.2000000000000000E-002   1.0017214704978332        0.0000000000000000        1.0017214704978332        1.0000000000000000        6.9400066739805622E-310
  -3.5002716956704538E-002  -1.2735768311382884E-005   6.9400068546417920E-310   1.0000000000000000E-002   1.2000000000000000E-002   1.0017224108521334        0.0000000000000000        1.0017224108521334        1.0000000000000000        6.9400066739805622E-310
  -4.5003474820128231E-002  -1.6288185898136125E-005   6.9400066883177543E-310   1.0000000000000000E-002   1.2000000000000000E-002   1.0017236588903613        0.0000000000000000        1.0017236588903613        1.0000000000000000        6.9400066739805622E-310
