 # x, v, a, m, h, rho, u, P, c, ke
  0.35040000000000121     
   5.0003643766558230E-003  -2.0555070683488487E-006  -1.5484239671792466E-005   1.0000000000000000E-002   1.2000000000000000E-002   1.0017260067874034        0.0000000000000000        1.0017260067874034        1.0000000000000000        6.9400066739805622E-310
   1.5001091691838700E-002  -6.1584090746041868E-006  -4.6391602752215988E-005   1.0000000000000000E-002   1.2000000000000000E-002   1.0017263004274102        0.0000000000000000        1.0017263004274102        1.0000000000000000        6.9400066739805622E-310
   2.5001814698312943E-002  -1.0237006412161555E-005  -7.7115834506535919E-005   1.0000000000000000E-002   1.2000000000000000E-002   1.0017268865487257        0.0000000000000000        1.0017268865487257        1.0000000000000000        6.9400066739805622E-310
   3.5002530542509062E-002  -1.4275202693724194E-005  -1.0753568007082492E-004   1.0000000000000000E-002   1.2000000000000000E-002   1.0017277628385888        0.0000000000000000        1.0017277628385888        1.0000000000000000        6.9400066739805622E-310
   4.5003236399130106E-002  -1.8257060842926547E-005  -1.3753105317793057E-004   1.0000000000000000E-002   1.2000000000000000E-002   1.0017289258393105        0.0000000000000000        1.0017289258393105        1.0000000000000000        6.9400066739805622E-310
   5.5003929482306729E-002  -2.2166866108523376E-005  -1.6698355773048235E-004   1.0000000000000000E-002   1.2000000000000000E-002   1.0017303709618128        0.0000000000000000        1.0017303709618128        1.0000000000000000        6.9400066739805622E-310
   6.5004607056593833E-002  -2.5989188222665401E-005  -1.9577693590111522E-004   1.0000000000000000E-002   1.2000000000000000E-002   1.0017320925037771        0.0000000000000000        1.0017320925037771        1.0000000000000000        6.9400066739805622E-310
   7.5005266447769323E-002  -2.9708942161365937E-005  -2.2379754026768950E-004   1.0000000000000000E-002   1.2000000000000000E-002   1.0017340836721300        0.0000000000000000        1.0017340836721300        1.0000000000000000        6.9400066739805622E-310
   8.5005905053389924E-002  -3.3311447659103810E-005  -2.5093477391902042E-004   1.0000000000000000E-002   1.2000000000000000E-002   1.0017363366098693        0.0000000000000000        1.0017363366098693        1.0000000000000000        6.9400066739805622E-310
   9.5006520353063603E-002  -3.6782487217812137E-005  -2.7708152467287306E-004   1.0000000000000000E-002   1.2000000000000000E-002   1.0017388424270246        0.0000000000000000        1.0017388424270246        1.0000000000000000        6.9400066739805622E-310
  0.10500710991839848       -4.0108362107400315E-005  -3.0213459841998969E-004   1.0000000000000000E-002   1.2000000000000000E-002   1.0017415912357370        0.0000000000000000        1.0017415912357370        1.0000000000000000        6.9400066739805622E-310
  0.11500767142258718       -4.3275946584274493E-005  -3.2599510662212339E-004   1.0000000000000000E-002   1.2000000000000000E-002   1.0017445721892271        0.0000000000000000        1.0017445721892271        1.0000000000000000        6.9400066739805622E-310
  0.12500820264959173       -4.6272739667854025E-005  -3.4856888017209542E-004   1.0000000000000000E-002   1.2000000000000000E-002   1.0017477735245652        0.0000000000000000        1.0017477735245652        1.0000000000000000        6.9400066739805622E-310
  0.13500870150288949       -4.9086914419412495E-005  -3.6976682978018260E-004   1.0000000000000000E-002   1.2000000000000000E-002   1.0017511826091128        0.0000000000000000        1.0017511826091128        1.0000000000000000        6.9400066739805622E-310
  0.14500916601374739       -5.1707364579448890E-005  -3.8950530158654573E-004   1.0000000000000000E-002   1.2000000000000000E-002   1.0017547859903508        0.0000000000000000        1.0017547859903508        1.0000000000000000        6.9400066739805622E-310
  0.15500959434899128       -5.4123748331847888E-005  -4.0770640916409917E-004   1.0000000000000000E-002   1.2000000000000000E-002   1.0017585694489926        0.0000000000000000        1.0017585694489926        1.0000000000000000        6.9400066739805622E-310
  0.16500998481823875       -5.6326529411094189E-005  -4.2429830768409005E-004   1.0000000000000000E-002   1.2000000000000000E-002   1.0017625180549614        0.0000000000000000        1.0017625180549614        1.0000000000000000        6.9400066739805622E-310
  0.17501033588057199       -5.8307014580944954E-005  -4.3921553820602810E-004   1.0000000000000000E-002   1.2000000000000000E-002   1.0017666162263064        0.0000000000000000        1.0017666162263064        1.0000000000000000        6.9400066739805622E-310
  0.18501064615061596       -6.0057387738801689E-005  -4.5239924087692174E-004   1.0000000000000000E-002   1.2000000000000000E-002   1.0017708477907736        0.0000000000000000        1.0017708477907736        1.0000000000000000        6.9400066739805622E-310
  0.19501091440400445       -6.1570741146957942E-005  -4.6379739740132209E-004   1.0000000000000000E-002   1.2000000000000000E-002   1.0017751960495282        0.0000000000000000        1.0017751960495282        1.0000000000000000        6.9400066739805622E-310
  0.20501113958221043       -6.2841102323949515E-005  -4.7336504920370004E-004   1.0000000000000000E-002   1.2000000000000000E-002   1.0017796438430895        0.0000000000000000        1.0017796438430895        1.0000000000000000        6.9400066739805622E-310
  0.21501132079672020       -6.3863457822056261E-005  -4.8106444558637662E-004   1.0000000000000000E-002   1.2000000000000000E-002   1.0017841736189990        0.0000000000000000        1.0017841736189990        1.0000000000000000        6.9400066739805622E-310
  0.22501145733253852       -6.4633772994483339E-005  -4.8686522030472190E-004   1.0000000000000000E-002   1.2000000000000000E-002   1.0017887675010331        0.0000000000000000        1.0017887675010331        1.0000000000000000        6.9400066739805622E-310
  0.23501154865100776       -6.5149007906618647E-005  -4.9074451233011018E-004   1.0000000000000000E-002   1.2000000000000000E-002   1.0017934073598453        0.0000000000000000        1.0017934073598453        1.0000000000000000        6.9400066739805622E-310
  0.24501159439192918       -6.5407129307617069E-005  -4.9268701926941105E-004   1.0000000000000000E-002   1.2000000000000000E-002   1.0017980748844315        0.0000000000000000        1.0017980748844315        1.0000000000000000        6.9400066739805622E-310
  0.25501159437498355       -6.5407118553871465E-005  -4.9268510830469125E-004   1.0000000000000000E-002   1.2000000000000000E-002   1.0018027516543890        0.0000000000000000        1.0018027516543890        1.0000000000000000        6.9400066739805622E-310
  0.26501154860043796       -6.5148975841093919E-005  -4.9073880568606398E-004   1.0000000000000000E-002   1.2000000000000000E-002   1.0018074192126669        0.0000000000000000        1.0018074192126669        1.0000000000000000        6.9400066739805622E-310
  0.27501145724914233       -6.4633720102503522E-005  -4.8685581558327584E-004   1.0000000000000000E-002   1.2000000000000000E-002   1.0018120591383441        0.0000000000000000        1.0018120591383441        1.0000000000000000        6.9400066739805622E-310
  0.28501132068181256       -6.3863385053360529E-005  -4.8105148825339228E-004   1.0000000000000000E-002   1.2000000000000000E-002   1.0018166531193879        0.0000000000000000        1.0018166531193879        1.0000000000000000        6.9400066739805622E-310
  0.29501113943760293       -6.2841010646153572E-005  -4.7334873124249555E-004   1.0000000000000000E-002   1.2000000000000000E-002   1.0018211830248198        0.0000000000000000        1.0018211830248198        1.0000000000000000        6.9400066739805622E-310
  0.30501091423197824       -6.1570632105959855E-005  -4.6377798938035397E-004   1.0000000000000000E-002   1.2000000000000000E-002   1.0018256309763753        0.0000000000000000        1.0018256309763753        1.0000000000000000        6.9400066739805622E-310
  0.31501064595388423       -6.0057263054434400E-005  -4.5237705192846533E-004   1.0000000000000000E-002   1.2000000000000000E-002   1.0018299794191836        0.0000000000000000        1.0018299794191836        1.0000000000000000        6.9400066739805622E-310
  0.32501033566223680       -5.8306876173117871E-005  -4.3919090632815738E-004   1.0000000000000000E-002   1.2000000000000000E-002   1.0018342111908134        0.0000000000000000        1.0018342111908134        1.0000000000000000        6.9400066739805622E-310
  0.33500998458174380       -5.6326379546169324E-005  -4.2427163224445508E-004   1.0000000000000000E-002   1.2000000000000000E-002   1.0018383095891643        0.0000000000000000        1.0018383095891643        1.0000000000000000        6.9400066739805622E-310
  0.34500959409806575       -5.4123589255048046E-005  -4.0767809890596141E-004   1.0000000000000000E-002   1.2000000000000000E-002   1.0018422584383953        0.0000000000000000        1.0018422584383953        1.0000000000000000        6.9400066739805622E-310
  0.35500916575234914       -5.1707198845665849E-005  -3.8947581618575811E-004   1.0000000000000000E-002   1.2000000000000000E-002   1.0018460421527258        0.0000000000000000        1.0018460421527258        1.0000000000000000        6.9400066739805622E-310
  0.36500870123514051       -4.9086744729744355E-005  -3.6973662375316962E-004   1.0000000000000000E-002   1.2000000000000000E-002   1.0018496457980584        0.0000000000000000        1.0018496457980584        1.0000000000000000        6.9400066739805622E-310
  0.37500820237971499       -4.6272568664377042E-005  -3.4853844152937796E-004   1.0000000000000000E-002   1.2000000000000000E-002   1.0018530551509452        0.0000000000000000        1.0018530551509452        1.0000000000000000        6.9400066739805622E-310
  0.38500767115483814       -4.3275776908951141E-005  -3.2596490197622785E-004   1.0000000000000000E-002   1.2000000000000000E-002   1.0018562567546303        0.0000000000000000        1.0018562567546303        1.0000000000000000        6.9400066739805622E-310
  0.39500710965699987       -4.0108196380070879E-005  -3.0210510690587000E-004   1.0000000000000000E-002   1.2000000000000000E-002   1.0018592379721936        0.0000000000000000        1.0018592379721936        1.0000000000000000        6.9400066739805622E-310
  0.40500652010213811       -3.6782328143294290E-005  -2.7705321475934852E-004   1.0000000000000000E-002   1.2000000000000000E-002   1.0018619870365675        0.0000000000000000        1.0018619870365675        1.0000000000000000        6.9400066739805622E-310
  0.41500590481689531       -3.3311297718865545E-005  -2.5090810135086627E-004   1.0000000000000000E-002   1.2000000000000000E-002   1.0018644930970000        0.0000000000000000        1.0018644930970000        1.0000000000000000        6.9400066739805622E-310
  0.42500526622943452       -2.9708803812287585E-005  -2.2377290876640643E-004   1.0000000000000000E-002   1.2000000000000000E-002   1.0018667462617610        0.0000000000000000        1.0018667462617610        1.0000000000000000        6.9400066739805622E-310
  0.43500460685986242       -2.5989063537095796E-005  -1.9575474412203420E-004   1.0000000000000000E-002   1.2000000000000000E-002   1.0018687376372655        0.0000000000000000        1.0018687376372655        1.0000000000000000        6.9400066739805622E-310
  0.44500392931028121       -2.2166757025828540E-005  -1.6696415768180373E-004   1.0000000000000000E-002   1.2000000000000000E-002   1.0018704593633052        0.0000000000000000        1.0018704593633052        1.0000000000000000        6.9400066739805622E-310
  0.45500323625452282       -1.8256969242207011E-005  -1.3751473840084572E-004   1.0000000000000000E-002   1.2000000000000000E-002   1.0018719046438551        0.0000000000000000        1.0018719046438551        1.0000000000000000        6.9400066739805622E-310
  0.46500253042760076       -1.4275129890936433E-005  -1.0752271280800585E-004   1.0000000000000000E-002   1.2000000000000000E-002   1.0018730677740655        0.0000000000000000        1.0018730677740655        1.0000000000000000        6.9400066739805622E-310
  0.47500181461491642       -1.0236953545719642E-005  -7.7106432028628547E-005   1.0000000000000000E-002   1.2000000000000000E-002   1.0018739441629050        0.0000000000000000        1.0018739441629050        1.0000000000000000        6.9400066739805622E-310
  0.48500109164126837       -6.1583769979812272E-006  -4.6385891903533150E-005   1.0000000000000000E-002   1.2000000000000000E-002   1.0018745303510785        0.0000000000000000        1.0018745303510785        1.0000000000000000        6.9400066739805622E-310
  0.49500036435971007       -2.0554963677532449E-006  -1.5482331644278702E-005   1.0000000000000000E-002   1.2000000000000000E-002   1.0018748240247646        0.0000000000000000        1.0018748240247646        1.0000000000000000        6.9400066739805622E-310
  0.50499963564029027        2.0554963559003512E-006   1.5482323702187273E-005   1.0000000000000000E-002   1.2000000000000000E-002   1.0018748240248048        0.0000000000000000        1.0018748240248048        1.0000000000000000        6.9400066739805622E-310
  0.51499890835873097        6.1583770090337408E-006   4.6385903913481741E-005   1.0000000000000000E-002   1.2000000000000000E-002   1.0018745303510932        0.0000000000000000        1.0018745303510932        1.0000000000000000        6.9400066739805622E-310
  0.52499818538508369        1.0236953536727396E-005   7.7106419867689624E-005   1.0000000000000000E-002   1.2000000000000000E-002   1.0018739441629219        0.0000000000000000        1.0018739441629219        1.0000000000000000        6.9400066739805622E-310
  0.53499746957239824        1.4275129906052854E-005   1.0752272710234934E-004   1.0000000000000000E-002   1.2000000000000000E-002   1.0018730677740766        0.0000000000000000        1.0018730677740766        1.0000000000000000        6.9400066739805622E-310
  0.54499676374547690        1.8256969161592036E-005   1.3751474298828725E-004   1.0000000000000000E-002   1.2000000000000000E-002   1.0018719046437758        0.0000000000000000        1.0018719046437758        1.0000000000000000        6.9400066739805622E-310
  0.55499607068971957        2.2166757156838404E-005   1.6696414696504291E-004   1.0000000000000000E-002   1.2000000000000000E-002   1.0018704593632588        0.0000000000000000        1.0018704593632588        1.0000000000000000        6.9400066739805622E-310
  0.56499539314013825        2.5989063537007325E-005   1.9575473975752544E-004   1.0000000000000000E-002   1.2000000000000000E-002   1.0018687376372830        0.0000000000000000        1.0018687376372830        1.0000000000000000        6.9400066739805622E-310
  0.57499473377056587        2.9708803712678686E-005   2.2377290521191640E-004   1.0000000000000000E-002   1.2000000000000000E-002   1.0018667462618149        0.0000000000000000        1.0018667462618149        1.0000000000000000        6.9400066739805622E-310
  0.58499409518310419        3.3311297836910848E-005   2.5090811199479646E-004   1.0000000000000000E-002   1.2000000000000000E-002   1.0018644930970240        0.0000000000000000        1.0018644930970240        1.0000000000000000        6.9400066739805622E-310
  0.59499347989786178        3.6782328088418752E-005   2.7705321356386037E-004   1.0000000000000000E-002   1.2000000000000000E-002   1.0018619870365459        0.0000000000000000        1.0018619870365459        1.0000000000000000        6.9400066739805622E-310
  0.60499289034300019        4.0108196382991211E-005   3.0210510435679794E-004   1.0000000000000000E-002   1.2000000000000000E-002   1.0018592379721933        0.0000000000000000        1.0018592379721933        1.0000000000000000        6.9400066739805622E-310
  0.61499232884516164        4.3275776831953495E-005   3.2596491083136669E-004   1.0000000000000000E-002   1.2000000000000000E-002   1.0018562567545977        0.0000000000000000        1.0018562567545977        1.0000000000000000        6.9400066739805622E-310
  0.62499179762028578        4.6272568649856431E-005   3.4853842953541658E-004   1.0000000000000000E-002   1.2000000000000000E-002   1.0018530551509257        0.0000000000000000        1.0018530551509257        1.0000000000000000        6.9400066739805622E-310
  0.63499129876485971        4.9086744808334274E-005   3.6973662659534057E-004   1.0000000000000000E-002   1.2000000000000000E-002   1.0018496457980859        0.0000000000000000        1.0018496457980859        1.0000000000000000        6.9400066739805622E-310
  0.64499083424765091        5.1707198866650555E-005   3.8947582229198474E-004   1.0000000000000000E-002   1.2000000000000000E-002   1.0018460421527058        0.0000000000000000        1.0018460421527058        1.0000000000000000        6.9400066739805622E-310
  0.65499040590193502        5.4123589228475240E-005   4.0767808583463960E-004   1.0000000000000000E-002   1.2000000000000000E-002   1.0018422584384117        0.0000000000000000        1.0018422584384117        1.0000000000000000        6.9400066739805622E-310
  0.66499001541825586        5.6326379547111617E-005   4.2427164542235829E-004   1.0000000000000000E-002   1.2000000000000000E-002   1.0018383095891814        0.0000000000000000        1.0018383095891814        1.0000000000000000        6.9400066739805622E-310
  0.67498966433776353        5.8306876181192494E-005   4.3919090380484249E-004   1.0000000000000000E-002   1.2000000000000000E-002   1.0018342111907763        0.0000000000000000        1.0018342111907763        1.0000000000000000        6.9400066739805622E-310
  0.68498935404611638        6.0057263070436519E-005   4.5237704301737125E-004   1.0000000000000000E-002   1.2000000000000000E-002   1.0018299794192047        0.0000000000000000        1.0018299794192047        1.0000000000000000        6.9400066739805622E-310
  0.69498908576802154        6.1570632165405752E-005   4.6377800043106987E-004   1.0000000000000000E-002   1.2000000000000000E-002   1.0018256309763829        0.0000000000000000        1.0018256309763829        1.0000000000000000        6.9400066739805622E-310
  0.70498886056239751        6.2841010569433109E-005   4.7334872558302266E-004   1.0000000000000000E-002   1.2000000000000000E-002   1.0018211830248023        0.0000000000000000        1.0018211830248023        1.0000000000000000        6.9400066739805622E-310
  0.71498867931818766        6.3863384952446135E-005   4.8105148827826127E-004   1.0000000000000000E-002   1.2000000000000000E-002   1.0018166531193999        0.0000000000000000        1.0018166531193999        1.0000000000000000        6.9400066739805622E-310
  0.72498854275085778        6.4633720140161861E-005   4.8685581968133107E-004   1.0000000000000000E-002   1.2000000000000000E-002   1.0018120591383350        0.0000000000000000        1.0018120591383350        1.0000000000000000        6.9400066739805622E-310
  0.73498845139956248        6.5148975915038052E-005   4.9073880056127450E-004   1.0000000000000000E-002   1.2000000000000000E-002   1.0018074192126603        0.0000000000000000        1.0018074192126603        1.0000000000000000        6.9400066739805622E-310
  0.74498840562501678        6.5407118509598665E-005   4.9268510359201656E-004   1.0000000000000000E-002   1.2000000000000000E-002   1.0018027516544319        0.0000000000000000        1.0018027516544319        1.0000000000000000        6.9400066739805622E-310
  0.75498840560807023        6.5407129320626398E-005   4.9268703342431053E-004   1.0000000000000000E-002   1.2000000000000000E-002   1.0017980748844275        0.0000000000000000        1.0017980748844275        1.0000000000000000        6.9400066739805622E-310
  0.76498845134899274        6.5149007869999380E-005   4.9074449929165098E-004   1.0000000000000000E-002   1.2000000000000000E-002   1.0017934073598382        0.0000000000000000        1.0017934073598382        1.0000000000000000        6.9400066739805622E-310
  0.77498854266746109        6.4633773000808981E-005   4.8686522830454493E-004   1.0000000000000000E-002   1.2000000000000000E-002   1.0017887675010506        0.0000000000000000        1.0017887675010506        1.0000000000000000        6.9400066739805622E-310
  0.78498867920327986        6.3863457797211010E-005   4.8106444269002679E-004   1.0000000000000000E-002   1.2000000000000000E-002   1.0017841736189885        0.0000000000000000        1.0017841736189885        1.0000000000000000        6.9400066739805622E-310
  0.79498886041778949        6.2841102401808364E-005   4.7336504850825634E-004   1.0000000000000000E-002   1.2000000000000000E-002   1.0017796438430995        0.0000000000000000        1.0017796438430995        1.0000000000000000        6.9400066739805622E-310
  0.80498908559599536        6.1570741063748867E-005   4.6379739824331523E-004   1.0000000000000000E-002   1.2000000000000000E-002   1.0017751960495334        0.0000000000000000        1.0017751960495334        1.0000000000000000        6.9400066739805622E-310
  0.81498935384938387        6.0057387827188717E-005   4.5239924097018047E-004   1.0000000000000000E-002   1.2000000000000000E-002   1.0017708477907781        0.0000000000000000        1.0017708477907781        1.0000000000000000        6.9400066739805622E-310
  0.82498966411942765        5.8307014596927829E-005   4.3921554661352502E-004   1.0000000000000000E-002   1.2000000000000000E-002   1.0017666162262711        0.0000000000000000        1.0017666162262711        1.0000000000000000        6.9400066739805622E-310
  0.83499001518176186        5.6326529387998969E-005   4.2429829654455631E-004   1.0000000000000000E-002   1.2000000000000000E-002   1.0017625180549372        0.0000000000000000        1.0017625180549372        1.0000000000000000        6.9400066739805622E-310
  0.84499040565100891        5.4123748255059147E-005   4.0770640802545444E-004   1.0000000000000000E-002   1.2000000000000000E-002   1.0017585694490259        0.0000000000000000        1.0017585694490259        1.0000000000000000        6.9400066739805622E-310
  0.85499083398625242        5.1707364659654481E-005   3.8950530757464463E-004   1.0000000000000000E-002   1.2000000000000000E-002   1.0017547859903597        0.0000000000000000        1.0017547859903597        1.0000000000000000        6.9400066739805622E-310
  0.86499129849711054        4.9086914379528790E-005   3.6976682945066841E-004   1.0000000000000000E-002   1.2000000000000000E-002   1.0017511826090972        0.0000000000000000        1.0017511826090972        1.0000000000000000        6.9400066739805622E-310
  0.87499179735040844        4.6272739688735474E-005   3.4856887896239641E-004   1.0000000000000000E-002   1.2000000000000000E-002   1.0017477735245586        0.0000000000000000        1.0017477735245586        1.0000000000000000        6.9400066739805622E-310
  0.88499232857741295        4.3275946590005376E-005   3.2599510908681850E-004   1.0000000000000000E-002   1.2000000000000000E-002   1.0017445721892133        0.0000000000000000        1.0017445721892133        1.0000000000000000        6.9400066739805622E-310
  0.89499289008160199        4.0108362057841054E-005   3.0213459278183308E-004   1.0000000000000000E-002   1.2000000000000000E-002   1.0017415912357370        0.0000000000000000        1.0017415912357370        1.0000000000000000        6.9400066739805622E-310
  0.90499347964693655        3.6782487221124639E-005   2.7708152386818341E-004   1.0000000000000000E-002   1.2000000000000000E-002   1.0017388424270548        0.0000000000000000        1.0017388424270548        1.0000000000000000        6.9400066739805622E-310
  0.91499409494660988        3.3311447577574361E-005   2.5093477805882003E-004   1.0000000000000000E-002   1.2000000000000000E-002   1.0017363366098850        0.0000000000000000        1.0017363366098850        1.0000000000000000        6.9400066739805622E-310
  0.92499473355223050        2.9708942243063718E-005   2.2379754139212338E-004   1.0000000000000000E-002   1.2000000000000000E-002   1.0017340836721198        0.0000000000000000        1.0017340836721198        1.0000000000000000        6.9400066739805622E-310
  0.93499539294340628        2.5989188286051557E-005   1.9577692855410334E-004   1.0000000000000000E-002   1.2000000000000000E-002   1.0017320925037965        0.0000000000000000        1.0017320925037965        1.0000000000000000        6.9400066739805622E-310
  0.94499607051769263        2.2166866037041374E-005   1.6698356853783736E-004   1.0000000000000000E-002   1.2000000000000000E-002   1.0017303709618184        0.0000000000000000        1.0017303709618184        1.0000000000000000        6.9400066739805622E-310
  0.95499676360086982        1.8257060879303909E-005   1.3753105143621269E-004   1.0000000000000000E-002   1.2000000000000000E-002   1.0017289258392692        0.0000000000000000        1.0017289258392692        1.0000000000000000        6.9400066739805622E-310
  0.96499746945749132        1.4275202665537631E-005   1.0753566885934873E-004   1.0000000000000000E-002   1.2000000000000000E-002   1.0017277628386119        0.0000000000000000        1.0017277628386119        1.0000000000000000        6.9400066739805622E-310
  0.97499818530168636        1.0237006432944913E-005   7.7115850910303152E-005   1.0000000000000000E-002   1.2000000000000000E-002   1.0017268865487219        0.0000000000000000        1.0017268865487219        1.0000000000000000        6.9400066739805622E-310
  0.98499890830816172        6.1584091285119521E-006   4.6391596047357098E-005   1.0000000000000000E-002   1.2000000000000000E-002   1.0017263004273615        0.0000000000000000        1.0017263004273615        1.0000000000000000        6.9400066739805622E-310
  0.99499963562334459        2.0555070355228339E-006   1.5484237827045888E-005   1.0000000000000000E-002   1.2000000000000000E-002   1.0017260067873985        0.0000000000000000        1.0017260067873985        1.0000000000000000        6.9400066739805622E-310
   1.0050003643766559       -2.0555116770036397E-006  -1.5691961068320381E-005   1.0000000000000000E-002   1.2000000000000000E-002   1.0017260067874034        0.0000000000000000        1.0017260067874034        1.0000000000000000        6.9400066739805622E-310
   1.0150010916918386       -6.1584228862610721E-006  -4.7013952245933410E-005   1.0000000000000000E-002   1.2000000000000000E-002   1.0017263004274102        0.0000000000000000        1.0017263004274102        1.0000000000000000        6.9400066739805622E-310
   1.0250018146983129       -1.0237029369279361E-005  -7.8150353693295926E-005   1.0000000000000000E-002   1.2000000000000000E-002   1.0017268865487257        0.0000000000000000        1.0017268865487257        1.0000000000000000        6.9400066739805622E-310
   1.0350025305425090       -1.4275234707106006E-005  -1.0897828808964505E-004   1.0000000000000000E-002   1.2000000000000000E-002   1.0017277628385888        0.0000000000000000        1.0017277628385888        1.0000000000000000        6.9400066739805622E-310
   1.0450032363991302       -1.8257101786375710E-005  -1.3937605874225767E-004   1.0000000000000000E-002   1.2000000000000000E-002   1.0017289258393105        0.0000000000000000        1.0017289258393105        1.0000000000000000        6.9400066739805622E-310
  -5.0003643766554084E-003   2.0557562998887818E-006  -3.5767633061438002E+077   1.0000000000000000E-002   1.2000000000000000E-002   1.0017260067873985        0.0000000000000000        1.0017260067873985        1.0000000000000000        6.9400066739805622E-310
  -1.5001091691838275E-002   6.1591559509910107E-006   0.0000000000000000        1.0000000000000000E-002   1.2000000000000000E-002   1.0017263004273615        0.0000000000000000        1.0017263004273615        1.0000000000000000        6.9400066739805622E-310
  -2.5001814698313640E-002   1.0238247854929856E-005  -3.5767633061438002E+077   1.0000000000000000E-002   1.2000000000000000E-002   1.0017268865487219        0.0000000000000000        1.0017268865487219        1.0000000000000000        6.9400066739805622E-310
  -3.5002530542508681E-002   1.4276933793857790E-005   6.9400068546417920E-310   1.0000000000000000E-002   1.2000000000000000E-002   1.0017277628386119        0.0000000000000000        1.0017277628386119        1.0000000000000000        6.9400066739805622E-310
  -4.5003236399130175E-002   1.8259274890171883E-005   6.9400066883177543E-310   1.0000000000000000E-002   1.2000000000000000E-002   1.0017289258392692        0.0000000000000000        1.0017289258392692        1.0000000000000000        6.9400066739805622E-310
