 # x, v, a, m, h, rho, u, P, c, ke
   3.4512000000000844     
   4.9997662164593679E-003  -2.7471826653214831E-006   9.9403915392315412E-006   1.0000000000000000E-002   1.2000000000000000E-002   1.0018481553676133        0.0000000000000000        1.0018481553676133        1.0000000000000000        6.9400066739805622E-310
   1.4999299572566432E-002  -8.2307013221985955E-006   2.9781763762670721E-005   1.0000000000000000E-002   1.2000000000000000E-002   1.0018479668242488        0.0000000000000000        1.0018479668242488        1.0000000000000000        6.9400066739805622E-310
   2.4998835694569409E-002  -1.3681724305968477E-005   4.9505328352239530E-005   1.0000000000000000E-002   1.2000000000000000E-002   1.0018475904839645        0.0000000000000000        1.0018475904839645        1.0000000000000000        6.9400066739805622E-310
   3.4998376414238079E-002  -1.9078729673370732E-005   6.9033123125450402E-005   1.0000000000000000E-002   1.2000000000000000E-002   1.0018470278354779        0.0000000000000000        1.0018470278354779        1.0000000000000000        6.9400066739805622E-310
   4.4997923545164069E-002  -2.4400410117291829E-005   8.8287740420689431E-005   1.0000000000000000E-002   1.2000000000000000E-002   1.0018462811051712        0.0000000000000000        1.0018462811051712        1.0000000000000000        6.9400066739805622E-310
   5.4997478875566955E-002  -2.9625755106056010E-005   1.0719313056206659E-004   1.0000000000000000E-002   1.2000000000000000E-002   1.0018453532479641        0.0000000000000000        1.0018453532479641        1.0000000000000000        6.9400066739805622E-310
   6.4997044161235723E-002  -3.4734135603376540E-005   1.2567457250778347E-004   1.0000000000000000E-002   1.2000000000000000E-002   1.0018442479345355        0.0000000000000000        1.0018442479345355        1.0000000000000000        6.9400066739805622E-310
   7.4996621118589943E-002  -3.9705385007576764E-005   1.4365887754141937E-004   1.0000000000000000E-002   1.2000000000000000E-002   1.0018429695377835        0.0000000000000000        1.0018429695377835        1.0000000000000000        6.9400066739805622E-310
   8.4996211417879358E-002  -4.4519877952460933E-005   1.6107500322171120E-004   1.0000000000000000E-002   1.2000000000000000E-002   1.0018415231152695        0.0000000000000000        1.0018415231152695        1.0000000000000000        6.9400066739805622E-310
   9.4995816676590072E-002  -4.9158609237305237E-005   1.7785411354864777E-004   1.0000000000000000E-002   1.2000000000000000E-002   1.0018399143885899        0.0000000000000000        1.0018399143885899        1.0000000000000000        6.9400066739805622E-310
  0.10499543845304883       -5.3603268427507809E-005   1.9392993324007790E-004   1.0000000000000000E-002   1.2000000000000000E-002   1.0018381497207245        0.0000000000000000        1.0018381497207245        1.0000000000000000        6.9400066739805622E-310
  0.11499507824027097       -5.7836310879007134E-005   2.0923889591095701E-004   1.0000000000000000E-002   1.2000000000000000E-002   1.0018362360909776        0.0000000000000000        1.0018362360909776        1.0000000000000000        6.9400066739805622E-310
  0.12499473746005342       -6.1841030005923141E-005   2.2372062037501195E-004   1.0000000000000000E-002   1.2000000000000000E-002   1.0018341810670137        0.0000000000000000        1.0018341810670137        1.0000000000000000        6.9400066739805622E-310
  0.13499441745736987       -6.5601619993201687E-005   2.3731790386261054E-004   1.0000000000000000E-002   1.2000000000000000E-002   1.0018319927745511        0.0000000000000000        1.0018319927745511        1.0000000000000000        6.9400066739805622E-310
  0.14499411949505825       -6.9103239715810982E-005   2.4997702535412003E-004   1.0000000000000000E-002   1.2000000000000000E-002   1.0018296798658177        0.0000000000000000        1.0018296798658177        1.0000000000000000        6.9400066739805622E-310
  0.15499384474882685       -7.2332071968422159E-005   2.6164823163199458E-004   1.0000000000000000E-002   1.2000000000000000E-002   1.0018272514840989        0.0000000000000000        1.0018272514840989        1.0000000000000000        6.9400066739805622E-310
  0.16499359430264113       -7.5275376736258916E-005   2.7228539121537665E-004   1.0000000000000000E-002   1.2000000000000000E-002   1.0018247172277324        0.0000000000000000        1.0018247172277324        1.0000000000000000        6.9400066739805622E-310
  0.17499336914443148       -7.7921542000151061E-005   2.8184663974251123E-004   1.0000000000000000E-002   1.2000000000000000E-002   1.0018220871126173        0.0000000000000000        1.0018220871126173        1.0000000000000000        6.9400066739805622E-310
  0.18499317016221037       -8.0260129051271643E-005   2.9029431734173272E-004   1.0000000000000000E-002   1.2000000000000000E-002   1.0018193715319395        0.0000000000000000        1.0018193715319395        1.0000000000000000        6.9400066739805622E-310
  0.19499299814057089       -8.2281914195061592E-005   2.9759526408756898E-004   1.0000000000000000E-002   1.2000000000000000E-002   1.0018165812149371        0.0000000000000000        1.0018165812149371        1.0000000000000000        6.9400066739805622E-310
  0.20499285375760842       -8.3978924920741696E-005   3.0372079423379716E-004   1.0000000000000000E-002   1.2000000000000000E-002   1.0018137271841876        0.0000000000000000        1.0018137271841876        1.0000000000000000        6.9400066739805622E-310
  0.21499273758225704       -8.5344470969286548E-005   3.0864679423991959E-004   1.0000000000000000E-002   1.2000000000000000E-002   1.0018108207127043        0.0000000000000000        1.0018108207127043        1.0000000000000000        6.9400066739805622E-310
  0.22499265007204552       -8.6373171434732981E-005   3.1235410978247558E-004   1.0000000000000000E-002   1.2000000000000000E-002   1.0018078732786571        0.0000000000000000        1.0018078732786571        1.0000000000000000        6.9400066739805622E-310
  0.23499259157132293       -8.7060974330049377E-005   3.1482825151218918E-004   1.0000000000000000E-002   1.2000000000000000E-002   1.0018048965197086        0.0000000000000000        1.0018048965197086        1.0000000000000000        6.9400066739805622E-310
  0.24499256230990857       -8.7405173747220110E-005   3.1605962895753237E-004   1.0000000000000000E-002   1.2000000000000000E-002   1.0018019021876077        0.0000000000000000        1.0018019021876077        1.0000000000000000        6.9400066739805622E-310
  0.25499256240220297       -8.7404420548410121E-005   3.1604353268921415E-004   1.0000000000000000E-002   1.2000000000000000E-002   1.0017989021017073        0.0000000000000000        1.0017989021017073        1.0000000000000000        6.9400066739805622E-310
  0.26499259184674856       -8.7058726207126395E-005   3.1478025822284650E-004   1.0000000000000000E-002   1.2000000000000000E-002   1.0017959081021230        0.0000000000000000        1.0017959081021230        1.0000000000000000        6.9400066739805622E-310
  0.27499265052625643       -8.6369463954891215E-005   3.1227502816033592E-004   1.0000000000000000E-002   1.2000000000000000E-002   1.0017929320025494        0.0000000000000000        1.0017929320025494        1.0000000000000000        6.9400066739805622E-310
  0.28499273820809329       -8.5339363012807982E-005   3.0853780396533637E-004   1.0000000000000000E-002   1.2000000000000000E-002   1.0017899855443899        0.0000000000000000        1.0017899855443899        1.0000000000000000        6.9400066739805622E-310
  0.29499285454520219       -8.3972496322001308E-005   3.0358357432636041E-004   1.0000000000000000E-002   1.2000000000000000E-002   1.0017870803504287        0.0000000000000000        1.0017870803504287        1.0000000000000000        6.9400066739805622E-310
  0.30499299907749639       -8.2274266743692637E-005   2.9743209064481135E-004   1.0000000000000000E-002   1.2000000000000000E-002   1.0017842278783373        0.0000000000000000        1.0017842278783373        1.0000000000000000        6.9400066739805622E-310
  0.31499317123369436       -8.0251383207847197E-005   2.9010769107618017E-004   1.0000000000000000E-002   1.2000000000000000E-002   1.0017814393763711        0.0000000000000000        1.0017814393763711        1.0000000000000000        6.9400066739805622E-310
  0.32499337033357578       -7.7911836178016781E-005   2.8163950788950842E-004   1.0000000000000000E-002   1.2000000000000000E-002   1.0017787258388242        0.0000000000000000        1.0017787258388242        1.0000000000000000        6.9400066739805622E-310
  0.33499359559069086       -7.5264863518344330E-005   2.7206104892929517E-004   1.0000000000000000E-002   1.2000000000000000E-002   1.0017760979625159        0.0000000000000000        1.0017760979625159        1.0000000000000000        6.9400066739805622E-310
  0.34499384611547002       -7.2320917186223223E-005   2.6141018239123071E-004   1.0000000000000000E-002   1.2000000000000000E-002   1.0017735661053966        0.0000000000000000        1.0017735661053966        1.0000000000000000        6.9400066739805622E-310
  0.35499412091873972       -6.9091619414058883E-005   2.4972909081721895E-004   1.0000000000000000E-002   1.2000000000000000E-002   1.0017711402453600        0.0000000000000000        1.0017711402453600        1.0000000000000000        6.9400066739805622E-310
  0.36499441891564199       -6.5589717135325690E-005   2.3706389847966136E-004   1.0000000000000000E-002   1.2000000000000000E-002   1.0017688299410950        0.0000000000000000        1.0017688299410950        1.0000000000000000        6.9400066739805622E-310
  0.37499473892991686       -6.1829032666189002E-005   2.2346458731714591E-004   1.0000000000000000E-002   1.2000000000000000E-002   1.0017666442950981        0.0000000000000000        1.0017666442950981        1.0000000000000000        6.9400066739805622E-310
  0.38499507969854352       -5.7824408184452324E-005   2.0898490059462205E-004   1.0000000000000000E-002   1.2000000000000000E-002   1.0017645919175402        0.0000000000000000        1.0017645919175402        1.0000000000000000        6.9400066739805622E-310
  0.39499543987673291       -5.3591647809399611E-005   1.9368196641877944E-004   1.0000000000000000E-002   1.2000000000000000E-002   1.0017626808923703        0.0000000000000000        1.0017626808923703        1.0000000000000000        6.9400066739805622E-310
  0.40499581804323376       -4.9147454666344622E-005   1.7761607805244495E-004   1.0000000000000000E-002   1.2000000000000000E-002   1.0017609187462668        0.0000000000000000        1.0017609187462668        1.0000000000000000        6.9400066739805622E-310
  0.41499621270593012       -4.4509364633193109E-005   1.6085065425919254E-004   1.0000000000000000E-002   1.2000000000000000E-002   1.0017593124188058        0.0000000000000000        1.0017593124188058        1.0000000000000000        6.9400066739805622E-310
  0.42499662230773388       -3.9695678895422815E-005   1.4345176573105078E-004   1.0000000000000000E-002   1.2000000000000000E-002   1.0017578682350414        0.0000000000000000        1.0017578682350414        1.0000000000000000        6.9400066739805622E-310
  0.43499704523272120       -3.4725390009703451E-005   1.2548791542776883E-004   1.0000000000000000E-002   1.2000000000000000E-002   1.0017565918814602        0.0000000000000000        1.0017565918814602        1.0000000000000000        6.9400066739805622E-310
  0.44499747981249171       -2.9618107758462509E-005   1.0702997270417569E-004   1.0000000000000000E-002   1.2000000000000000E-002   1.0017554883831479        0.0000000000000000        1.0017554883831479        1.0000000000000000        6.9400066739805622E-310
  0.45499792433275671       -2.4393981487932928E-005   8.8150551599497362E-005   1.0000000000000000E-002   1.2000000000000000E-002   1.0017545620843797        0.0000000000000000        1.0017545620843797        1.0000000000000000        6.9400066739805622E-310
  0.46499837704007618       -1.9073621387897123E-005   6.8924108304280196E-005   1.0000000000000000E-002   1.2000000000000000E-002   1.0017538166315680        0.0000000000000000        1.0017538166315680        1.0000000000000000        6.9400066739805622E-310
  0.47499883614878236       -1.3678016992686548E-005   4.9426229375093556E-005   1.0000000000000000E-002   1.2000000000000000E-002   1.0017532549591632        0.0000000000000000        1.0017532549591632        1.0000000000000000        6.9400066739805622E-310
  0.48499929984799250       -8.2284533077445345E-006   2.9733787151542401E-005   1.0000000000000000E-002   1.2000000000000000E-002   1.0017528792782429        0.0000000000000000        1.0017528792782429        1.0000000000000000        6.9400066739805622E-310
  0.49499976630875497       -2.7464292059359388E-006   9.9242934217258494E-006   1.0000000000000000E-002   1.2000000000000000E-002   1.0017526910673467        0.0000000000000000        1.0017526910673467        1.0000000000000000        6.9400066739805622E-310
  0.50500023369124492        2.7464291497291889E-006  -9.9242769113772056E-006   1.0000000000000000E-002   1.2000000000000000E-002   1.0017526910672696        0.0000000000000000        1.0017526910672696        1.0000000000000000        6.9400066739805622E-310
  0.51500070015200927        8.2284533383408181E-006  -2.9733814309373940E-005   1.0000000000000000E-002   1.2000000000000000E-002   1.0017528792782160        0.0000000000000000        1.0017528792782160        1.0000000000000000        6.9400066739805622E-310
  0.52500116385121820        1.3678017001488061E-005  -4.9426229402627087E-005   1.0000000000000000E-002   1.2000000000000000E-002   1.0017532549592656        0.0000000000000000        1.0017532549592656        1.0000000000000000        6.9400066739805622E-310
  0.53500162295992315        1.9073621434768473E-005  -6.8924088911792580E-005   1.0000000000000000E-002   1.2000000000000000E-002   1.0017538166315672        0.0000000000000000        1.0017538166315672        1.0000000000000000        6.9400066739805622E-310
  0.54500207566724412        2.4393981698473857E-005  -8.8150570464406997E-005   1.0000000000000000E-002   1.2000000000000000E-002   1.0017545620843924        0.0000000000000000        1.0017545620843924        1.0000000000000000        6.9400066739805622E-310
  0.55500252018750718        2.9618107463099864E-005  -1.0702993800837390E-004   1.0000000000000000E-002   1.2000000000000000E-002   1.0017554883830844        0.0000000000000000        1.0017554883830844        1.0000000000000000        6.9400066739805622E-310
  0.56500295476728102        3.4725390010779786E-005  -1.2548795525280099E-004   1.0000000000000000E-002   1.2000000000000000E-002   1.0017565918814093        0.0000000000000000        1.0017565918814093        1.0000000000000000        6.9400066739805622E-310
  0.57500337769226628        3.9695679044111283E-005  -1.4345175402219468E-004   1.0000000000000000E-002   1.2000000000000000E-002   1.0017578682351373        0.0000000000000000        1.0017578682351373        1.0000000000000000        6.9400066739805622E-310
  0.58500378729406954        4.4509364525853848E-005  -1.6085062702853037E-004   1.0000000000000000E-002   1.2000000000000000E-002   1.0017593124187028        0.0000000000000000        1.0017593124187028        1.0000000000000000        6.9400066739805622E-310
  0.59500418195676896        4.9147454500575544E-005  -1.7761611742006522E-004   1.0000000000000000E-002   1.2000000000000000E-002   1.0017609187462351        0.0000000000000000        1.0017609187462351        1.0000000000000000        6.9400066739805622E-310
  0.60500456012326731        5.3591647791807482E-005  -1.9368193703606096E-004   1.0000000000000000E-002   1.2000000000000000E-002   1.0017626808923843        0.0000000000000000        1.0017626808923843        1.0000000000000000        6.9400066739805622E-310
  0.61500492030145870        5.7824408495466336E-005  -2.0898491802245900E-004   1.0000000000000000E-002   1.2000000000000000E-002   1.0017645919174882        0.0000000000000000        1.0017645919174882        1.0000000000000000        6.9400066739805622E-310
  0.62500526107008481        6.1829032785152069E-005  -2.2346460198896523E-004   1.0000000000000000E-002   1.2000000000000000E-002   1.0017666442952025        0.0000000000000000        1.0017666442952025        1.0000000000000000        6.9400066739805622E-310
  0.63500558108435790        6.5589716893981636E-005  -2.3706388389399535E-004   1.0000000000000000E-002   1.2000000000000000E-002   1.0017688299411971        0.0000000000000000        1.0017688299411971        1.0000000000000000        6.9400066739805622E-310
  0.64500587908125973        6.9091619400187031E-005  -2.4972907800879796E-004   1.0000000000000000E-002   1.2000000000000000E-002   1.0017711402453315        0.0000000000000000        1.0017711402453315        1.0000000000000000        6.9400066739805622E-310
  0.65500615388453076        7.2320917284694123E-005  -2.6141020054115671E-004   1.0000000000000000E-002   1.2000000000000000E-002   1.0017735661054030        0.0000000000000000        1.0017735661054030        1.0000000000000000        6.9400066739805622E-310
  0.66500640440930825        7.5264863651570524E-005  -2.7206101739540856E-004   1.0000000000000000E-002   1.2000000000000000E-002   1.0017760979624561        0.0000000000000000        1.0017760979624561        1.0000000000000000        6.9400066739805622E-310
  0.67500662966642622        7.7911835689511644E-005  -2.8163953331183933E-004   1.0000000000000000E-002   1.2000000000000000E-002   1.0017787258387334        0.0000000000000000        1.0017787258387334        1.0000000000000000        6.9400066739805622E-310
  0.68500682876630681        8.0251383395860023E-005  -2.9010769144388604E-004   1.0000000000000000E-002   1.2000000000000000E-002   1.0017814393764022        0.0000000000000000        1.0017814393764022        1.0000000000000000        6.9400066739805622E-310
  0.69500700092250478        8.2274266614978432E-005  -2.9743209119637015E-004   1.0000000000000000E-002   1.2000000000000000E-002   1.0017842278783697        0.0000000000000000        1.0017842278783697        1.0000000000000000        6.9400066739805622E-310
  0.70500714545479826        8.3972496520752588E-005  -3.0358356245052676E-004   1.0000000000000000E-002   1.2000000000000000E-002   1.0017870803504101        0.0000000000000000        1.0017870803504101        1.0000000000000000        6.9400066739805622E-310
  0.71500726179190843        8.5339362989526733E-005  -3.0853782680129171E-004   1.0000000000000000E-002   1.2000000000000000E-002   1.0017899855444214        0.0000000000000000        1.0017899855444214        1.0000000000000000        6.9400066739805622E-310
  0.72500734947374335        8.6369464096373554E-005  -3.1227500947039744E-004   1.0000000000000000E-002   1.2000000000000000E-002   1.0017929320026058        0.0000000000000000        1.0017929320026058        1.0000000000000000        6.9400066739805622E-310
  0.73500740815325183        8.7058726185912624E-005  -3.1478026093356704E-004   1.0000000000000000E-002   1.2000000000000000E-002   1.0017959081020940        0.0000000000000000        1.0017959081020940        1.0000000000000000        6.9400066739805622E-310
  0.74500743759779775        8.7404420579609732E-005  -3.1604354933012502E-004   1.0000000000000000E-002   1.2000000000000000E-002   1.0017989021017804        0.0000000000000000        1.0017989021017804        1.0000000000000000        6.9400066739805622E-310
  0.75500743769009004        8.7405173617938949E-005  -3.1605959853830967E-004   1.0000000000000000E-002   1.2000000000000000E-002   1.0018019021876072        0.0000000000000000        1.0018019021876072        1.0000000000000000        6.9400066739805622E-310
  0.76500740842867787        8.7060974319621819E-005  -3.1482827007511816E-004   1.0000000000000000E-002   1.2000000000000000E-002   1.0018048965196638        0.0000000000000000        1.0018048965196638        1.0000000000000000        6.9400066739805622E-310
  0.77500734992795406        8.6373171336494073E-005  -3.1235409894403432E-004   1.0000000000000000E-002   1.2000000000000000E-002   1.0018078732786388        0.0000000000000000        1.0018078732786388        1.0000000000000000        6.9400066739805622E-310
  0.78500726241774432        8.5344471226052551E-005  -3.0864683325138031E-004   1.0000000000000000E-002   1.2000000000000000E-002   1.0018108207128151        0.0000000000000000        1.0018108207128151        1.0000000000000000        6.9400066739805622E-310
  0.79500714624238866        8.3978924928229155E-005  -3.0372073986750792E-004   1.0000000000000000E-002   1.2000000000000000E-002   1.0018137271842356        0.0000000000000000        1.0018137271842356        1.0000000000000000        6.9400066739805622E-310
  0.80500700185942931        8.2281914050749228E-005  -2.9759528083506126E-004   1.0000000000000000E-002   1.2000000000000000E-002   1.0018165812148050        0.0000000000000000        1.0018165812148050        1.0000000000000000        6.9400066739805622E-310
  0.81500682983778994        8.0260128922633346E-005  -2.9029433446314812E-004   1.0000000000000000E-002   1.2000000000000000E-002   1.0018193715319699        0.0000000000000000        1.0018193715319699        1.0000000000000000        6.9400066739805622E-310
  0.82500663085556791        7.7921542054329524E-005  -2.8184663864028181E-004   1.0000000000000000E-002   1.2000000000000000E-002   1.0018220871127093        0.0000000000000000        1.0018220871127093        1.0000000000000000        6.9400066739805622E-310
  0.83500640569735707        7.5275376850011876E-005  -2.7228536088230726E-004   1.0000000000000000E-002   1.2000000000000000E-002   1.0018247172276920        0.0000000000000000        1.0018247172276920        1.0000000000000000        6.9400066739805622E-310
  0.84500615525117329        7.2332072241295192E-005  -2.6164822962471135E-004   1.0000000000000000E-002   1.2000000000000000E-002   1.0018272514839111        0.0000000000000000        1.0018272514839111        1.0000000000000000        6.9400066739805622E-310
  0.85500588050494419        6.9103239508113814E-005  -2.4997706829310573E-004   1.0000000000000000E-002   1.2000000000000000E-002   1.0018296798658108        0.0000000000000000        1.0018296798658108        1.0000000000000000        6.9400066739805622E-310
  0.86500558254263049        6.5601619833926357E-005  -2.3731791025394244E-004   1.0000000000000000E-002   1.2000000000000000E-002   1.0018319927747696        0.0000000000000000        1.0018319927747696        1.0000000000000000        6.9400066739805622E-310
  0.87500526253994404        6.1841030132264745E-005  -2.2372057655761779E-004   1.0000000000000000E-002   1.2000000000000000E-002   1.0018341810670581        0.0000000000000000        1.0018341810670581        1.0000000000000000        6.9400066739805622E-310
  0.88500492175972856        5.7836310614400662E-005  -2.0923890041490978E-004   1.0000000000000000E-002   1.2000000000000000E-002   1.0018362360908499        0.0000000000000000        1.0018362360908499        1.0000000000000000        6.9400066739805622E-310
  0.89500456154695152        5.3603268458998495E-005  -1.9392993945643866E-004   1.0000000000000000E-002   1.2000000000000000E-002   1.0018381497206483        0.0000000000000000        1.0018381497206483        1.0000000000000000        6.9400066739805622E-310
  0.90500418332341093        4.9158609379305838E-005  -1.7785412130777445E-004   1.0000000000000000E-002   1.2000000000000000E-002   1.0018399143885728        0.0000000000000000        1.0018399143885728        1.0000000000000000        6.9400066739805622E-310
  0.91500378858212128        4.4519878159536765E-005  -1.6107500515349926E-004   1.0000000000000000E-002   1.2000000000000000E-002   1.0018415231152917        0.0000000000000000        1.0018415231152917        1.0000000000000000        6.9400066739805622E-310
  0.92500337888141071        3.9705384874808185E-005  -1.4365888997680543E-004   1.0000000000000000E-002   1.2000000000000000E-002   1.0018429695378781        0.0000000000000000        1.0018429695378781        1.0000000000000000        6.9400066739805622E-310
  0.93500295583876281        3.4734135605087180E-005  -1.2567454443335180E-004   1.0000000000000000E-002   1.2000000000000000E-002   1.0018442479345593        0.0000000000000000        1.0018442479345593        1.0000000000000000        6.9400066739805622E-310
  0.94500252112443328        2.9625755108474557E-005  -1.0719315230733883E-004   1.0000000000000000E-002   1.2000000000000000E-002   1.0018453532479505        0.0000000000000000        1.0018453532479505        1.0000000000000000        6.9400066739805622E-310
  0.95500207645483504        2.4400409813731019E-005  -8.8287741067283321E-005   1.0000000000000000E-002   1.2000000000000000E-002   1.0018462811052757        0.0000000000000000        1.0018462811052757        1.0000000000000000        6.9400066739805622E-310
  0.96500162358575958        1.9078729659445748E-005  -6.9033093311077209E-005   1.0000000000000000E-002   1.2000000000000000E-002   1.0018470278354337        0.0000000000000000        1.0018470278354337        1.0000000000000000        6.9400066739805622E-310
  0.97500116430543093        1.3681724278088942E-005  -4.9505366711777299E-005   1.0000000000000000E-002   1.2000000000000000E-002   1.0018475904839661        0.0000000000000000        1.0018475904839661        1.0000000000000000        6.9400066739805622E-310
  0.98500070042743126        8.2307015882236108E-006  -2.9781743965173746E-005   1.0000000000000000E-002   1.2000000000000000E-002   1.0018479668243387        0.0000000000000000        1.0018479668243387        1.0000000000000000        6.9400066739805622E-310
  0.99500023378353886        2.7471826900366370E-006  -9.9403918047968887E-006   1.0000000000000000E-002   1.2000000000000000E-002   1.0018481553676004        0.0000000000000000        1.0018481553676004        1.0000000000000000        6.9400066739805622E-310
   1.0049997662164594       -2.7471798186460545E-006   9.6588679356912621E-006   1.0000000000000000E-002   1.2000000000000000E-002   1.0018481553676133        0.0000000000000000        1.0018481553676133        1.0000000000000000        6.9400066739805622E-310
   1.0149992995725665       -8.2306928023332488E-006   2.8938337582218310E-005   1.0000000000000000E-002   1.2000000000000000E-002   1.0018479668242488        0.0000000000000000        1.0018479668242488        1.0000000000000000        6.9400066739805622E-310
   1.0249988356945694       -1.3681710148816227E-005   4.8103311573122198E-005   1.0000000000000000E-002   1.2000000000000000E-002   1.0018475904839645        0.0000000000000000        1.0018475904839645        1.0000000000000000        6.9400066739805622E-310
   1.0349983764142381       -1.9078709920999261E-005   6.7078068318515705E-005   1.0000000000000000E-002   1.2000000000000000E-002   1.0018470278354779        0.0000000000000000        1.0018470278354779        1.0000000000000000        6.9400066739805622E-310
   1.0449979235451641       -2.4400384864810123E-005   8.5787368476530901E-005   1.0000000000000000E-002   1.2000000000000000E-002   1.0018462811051712        0.0000000000000000        1.0018462811051712        1.0000000000000000        6.9400066739805622E-310
  -4.9997662164611434E-003   2.7475205145633896E-006  -3.5767633061438002E+077   1.0000000000000000E-002   1.2000000000000000E-002   1.0018481553676004        0.0000000000000000        1.0018481553676004        1.0000000000000000        6.9400066739805622E-310
  -1.4999299572568736E-002   8.2317137082689843E-006   0.0000000000000000        1.0000000000000000E-002   1.2000000000000000E-002   1.0018479668243387        0.0000000000000000        1.0018479668243387        1.0000000000000000        6.9400066739805622E-310
  -2.4998835694569066E-002   1.3683406697486339E-005  -3.5767633061438002E+077   1.0000000000000000E-002   1.2000000000000000E-002   1.0018475904839661        0.0000000000000000        1.0018475904839661        1.0000000000000000        6.9400066739805622E-310
  -3.4998376414240417E-002   1.9081075728276154E-005   6.9400068546417920E-310   1.0000000000000000E-002   1.2000000000000000E-002   1.0018470278354337        0.0000000000000000        1.0018470278354337        1.0000000000000000        6.9400066739805622E-310
  -4.4997923545164964E-002   2.4403410245306747E-005   6.9400066883177543E-310   1.0000000000000000E-002   1.2000000000000000E-002   1.0018462811052757        0.0000000000000000        1.0018462811052757        1.0000000000000000        6.9400066739805622E-310
