 # x, v, a, m, h, rho, u, P, c, ke
   1.8023999999999791     
   4.9996487226369899E-003   2.1499413101907549E-006   1.4923414842549221E-005   1.0000000000000000E-002   1.2000000000000000E-002   1.0018721520660114        0.0000000000000000        1.0018721520660114        1.0000000000000000        6.9400066739805622E-310
   1.4998947553866524E-002   6.4413392534852241E-006   4.4711389458385042E-005   1.0000000000000000E-002   1.2000000000000000E-002   1.0018718689949415        0.0000000000000000        1.0018718689949415        1.0000000000000000        6.9400066739805622E-310
   2.4998250537499045E-002   1.0707315903212590E-005   7.4323054900737873E-005   1.0000000000000000E-002   1.2000000000000000E-002   1.0018713039694531        0.0000000000000000        1.0018713039694531        1.0000000000000000        6.9400066739805622E-310
   3.4997560423607091E-002   1.4931035041722328E-005   1.0364175524646413E-004   1.0000000000000000E-002   1.2000000000000000E-002   1.0018704592178305        0.0000000000000000        1.0018704592178305        1.0000000000000000        6.9400066739805622E-310
   4.4996879935060484E-002   1.9095827545154025E-005   1.3255178239113263E-004   1.0000000000000000E-002   1.2000000000000000E-002   1.0018693380717001        0.0000000000000000        1.0018693380717001        1.0000000000000000        6.9400066739805622E-310
   5.4996211756775666E-002   2.3185256375983210E-005   1.6093919830240111E-004   1.0000000000000000E-002   1.2000000000000000E-002   1.0018679449531003        0.0000000000000000        1.0018679449531003        1.0000000000000000        6.9400066739805622E-310
   6.4995558525139344E-002   2.7183182531085899E-005   1.8869204687987917E-004   1.0000000000000000E-002   1.2000000000000000E-002   1.0018662853566158        0.0000000000000000        1.0018662853566158        1.0000000000000000        6.9400066739805622E-310
   7.4994922817609388E-002   3.1073827888139118E-005   2.1570088829836465E-004   1.0000000000000000E-002   1.2000000000000000E-002   1.0018643658280459        0.0000000000000000        1.0018643658280459        1.0000000000000000        6.9400066739805622E-310
   8.4994307142552322E-002   3.4841837630006427E-005   2.4185922848918295E-004   1.0000000000000000E-002   1.2000000000000000E-002   1.0018621939383996        0.0000000000000000        1.0018621939383996        1.0000000000000000        6.9400066739805622E-310
   9.4993713929353740E-002   3.8472340904518516E-005   2.6706388088282296E-004   1.0000000000000000E-002   1.2000000000000000E-002   1.0018597782541712        0.0000000000000000        1.0018597782541712        1.0000000000000000        6.9400066739805622E-310
  0.10499314551883589        4.1951009813033705E-005   2.9121539412368946E-004   1.0000000000000000E-002   1.2000000000000000E-002   1.0018571283038595        0.0000000000000000        1.0018571283038595        1.0000000000000000        6.9400066739805622E-310
  0.11499260415402068        4.5264115780919729E-005   3.1421853225843677E-004   1.0000000000000000E-002   1.2000000000000000E-002   1.0018542545401790        0.0000000000000000        1.0018542545401790        1.0000000000000000        6.9400066739805622E-310
  0.12499209197128648        4.8398582980432917E-005   3.3598252962185882E-004   1.0000000000000000E-002   1.2000000000000000E-002   1.0018511682987736        0.0000000000000000        1.0018511682987736        1.0000000000000000        6.9400066739805622E-310
  0.13499161099193804        5.1342041224626859E-005   3.5642147639158850E-004   1.0000000000000000E-002   1.2000000000000000E-002   1.0018478817538958        0.0000000000000000        1.0018478817538958        1.0000000000000000        6.9400066739805622E-310
  0.14499116311422736        5.4082874460474865E-005   3.7545471599464975E-004   1.0000000000000000E-002   1.2000000000000000E-002   1.0018444078703370        0.0000000000000000        1.0018444078703370        1.0000000000000000        6.9400066739805622E-310
  0.15499075010586361        5.6610265605912361E-005   3.9300710899681235E-004   1.0000000000000000E-002   1.2000000000000000E-002   1.0018407603522763        0.0000000000000000        1.0018407603522763        1.0000000000000000        6.9400066739805622E-310
  0.16499037359703322        5.8914240087930702E-005   4.0900936875054583E-004   1.0000000000000000E-002   1.2000000000000000E-002   1.0018369535892393        0.0000000000000000        1.0018369535892393        1.0000000000000000        6.9400066739805622E-310
  0.17499003507396621        6.0985705564803821E-005   4.2339825233916883E-004   1.0000000000000000E-002   1.2000000000000000E-002   1.0018330025995730        0.0000000000000000        1.0018330025995730        1.0000000000000000        6.9400066739805622E-310
  0.18498973587305989        6.2816486969214115E-005   4.3611693698775156E-004   1.0000000000000000E-002   1.2000000000000000E-002   1.0018289229712236        0.0000000000000000        1.0018289229712236        1.0000000000000000        6.9400066739805622E-310
  0.19498947717560303        6.4399359186733909E-005   4.4711513628836741E-004   1.0000000000000000E-002   1.2000000000000000E-002   1.0018247308001982        0.0000000000000000        1.0018247308001982        1.0000000000000000        6.9400066739805622E-310
  0.20498926000310255        6.5728075279386218E-005   4.5634939918315354E-004   1.0000000000000000E-002   1.2000000000000000E-002   1.0018204426270634        0.0000000000000000        1.0018204426270634        1.0000000000000000        6.9400066739805622E-310
  0.21498908521324908        6.6797392043693276E-005   4.6378315722517272E-004   1.0000000000000000E-002   1.2000000000000000E-002   1.0018160753717666        0.0000000000000000        1.0018160753717666        1.0000000000000000        6.9400066739805622E-310
  0.22498895349651835        6.7603089175260705E-005   4.6938695696407962E-004   1.0000000000000000E-002   1.2000000000000000E-002   1.0018116462671742        0.0000000000000000        1.0018116462671742        1.0000000000000000        6.9400066739805622E-310
  0.23498886537343489        6.8141987397297074E-005   4.7313859222697374E-004   1.0000000000000000E-002   1.2000000000000000E-002   1.0018071727908688        0.0000000000000000        1.0018071727908688        1.0000000000000000        6.9400066739805622E-310
  0.24498882119250856        6.8411959950054444E-005   4.7502315275327334E-004   1.0000000000000000E-002   1.2000000000000000E-002   1.0018026725961138        0.0000000000000000        1.0018026725961138        1.0000000000000000        6.9400066739805622E-310
  0.25498882112884869        6.8411941650236267E-005   4.7503306358720465E-004   1.0000000000000000E-002   1.2000000000000000E-002   1.0017981634423807        0.0000000000000000        1.0017981634423807        1.0000000000000000        6.9400066739805622E-310
  0.26498886518345893        6.8141932760225690E-005   4.7316817453868509E-004   1.0000000000000000E-002   1.2000000000000000E-002   1.0017936631253022        0.0000000000000000        1.0017936631253022        1.0000000000000000        6.9400066739805622E-310
  0.27498895318322153        6.7602999318053066E-005   4.6943576148095190E-004   1.0000000000000000E-002   1.2000000000000000E-002   1.0017891894061666        0.0000000000000000        1.0017891894061666        1.0000000000000000        6.9400066739805622E-310
  0.28498908478157364        6.6797268210787148E-005   4.6385038184748595E-004   1.0000000000000000E-002   1.2000000000000000E-002   1.0017847599421417        0.0000000000000000        1.0017847599421417        1.0000000000000000        6.9400066739805622E-310
  0.29498925945985521        6.5727919620906040E-005   4.5643400920436505E-004   1.0000000000000000E-002   1.2000000000000000E-002   1.0017803922165118        0.0000000000000000        1.0017803922165118        1.0000000000000000        6.9400066739805622E-310
  0.30498947652935143        6.4399173733661251E-005   4.4721578904738379E-004   1.0000000000000000E-002   1.2000000000000000E-002   1.0017761034694712        0.0000000000000000        1.0017761034694712        1.0000000000000000        6.9400066739805622E-310
  0.31498973513399603        6.2816275043812043E-005   4.3623203970355462E-004   1.0000000000000000E-002   1.2000000000000000E-002   1.0017719106300964        0.0000000000000000        1.0017719106300964        1.0000000000000000        6.9400066739805622E-310
  0.32499003425374501        6.0985470308280167E-005   4.2352600554718123E-004   1.0000000000000000E-002   1.2000000000000000E-002   1.0017678302494342        0.0000000000000000        1.0017678302494342        1.0000000000000000        6.9400066739805622E-310
  0.33499037270859100        5.8913985202647833E-005   4.0914774012890121E-004   1.0000000000000000E-002   1.2000000000000000E-002   1.0017638784353733        0.0000000000000000        1.0017638784353733        1.0000000000000000        6.9400066739805622E-310
  0.34499074916321132        5.6609995190355843E-005   3.9315392802397042E-004   1.0000000000000000E-002   1.2000000000000000E-002   1.0017600707888830        0.0000000000000000        1.0017600707888830        1.0000000000000000        6.9400066739805622E-310
  0.35499116213223197        5.4082592693528054E-005   3.7560764846045203E-004   1.0000000000000000E-002   1.2000000000000000E-002   1.0017564223422741        0.0000000000000000        1.0017564223422741        1.0000000000000000        6.9400066739805622E-310
  0.36499160998608504        5.1341752859237580E-005   3.5657813685308071E-004   1.0000000000000000E-002   1.2000000000000000E-002   1.0017529474996918        0.0000000000000000        1.0017529474996918        1.0000000000000000        6.9400066739805622E-310
  0.37499209095743907        4.8398292153923605E-005   3.3614043521268400E-004   1.0000000000000000E-002   1.2000000000000000E-002   1.0017496599803535        0.0000000000000000        1.0017496599803535        1.0000000000000000        6.9400066739805622E-310
  0.38499260314816858        4.5263827061562035E-005   3.1437516997989690E-004   1.0000000000000000E-002   1.2000000000000000E-002   1.0017465727646044        0.0000000000000000        1.0017465727646044        1.0000000000000000        6.9400066739805622E-310
  0.39499314453683926        4.1950728173521999E-005   2.9136835622090018E-004   1.0000000000000000E-002   1.2000000000000000E-002   1.0017436980418619        0.0000000000000000        1.0017436980418619        1.0000000000000000        6.9400066739805622E-310
  0.40499371298670206        3.8472070552571720E-005   2.6721069149626686E-004   1.0000000000000000E-002   1.2000000000000000E-002   1.0017410471629062        0.0000000000000000        1.0017410471629062        1.0000000000000000        6.9400066739805622E-310
  0.41499430625411077        3.4841582824301211E-005   2.4199760239529411E-004   1.0000000000000000E-002   1.2000000000000000E-002   1.0017386305952574        0.0000000000000000        1.0017386305952574        1.0000000000000000        6.9400066739805622E-310
  0.42499492199738981        3.1073592566637067E-005   2.1582863172486810E-004   1.0000000000000000E-002   1.2000000000000000E-002   1.0017364578812422        0.0000000000000000        1.0017364578812422        1.0000000000000000        6.9400066739805622E-310
  0.43499555778607674        2.7182970654284937E-005   1.8880715140490167E-004   1.0000000000000000E-002   1.2000000000000000E-002   1.0017345376004023        0.0000000000000000        1.0017345376004023        1.0000000000000000        6.9400066739805622E-310
  0.44499621111052529        2.3185070917857537E-005   1.6103985255622177E-004   1.0000000000000000E-002   1.2000000000000000E-002   1.0017328773355503        0.0000000000000000        1.0017328773355503        1.0000000000000000        6.9400066739805622E-310
  0.45499687939181460        1.9095671555900417E-005   1.3263637913762949E-004   1.0000000000000000E-002   1.2000000000000000E-002   1.0017314836430993        0.0000000000000000        1.0017314836430993        1.0000000000000000        6.9400066739805622E-310
  0.46499755999193187        1.4930911191499448E-005   1.0370898134848261E-004   1.0000000000000000E-002   1.2000000000000000E-002   1.0017303620266884        0.0000000000000000        1.0017303620266884        1.0000000000000000        6.9400066739805622E-310
  0.47499825022420145        1.0707225927649572E-005   7.4371874296375040E-005   1.0000000000000000E-002   1.2000000000000000E-002   1.0017295169155602        0.0000000000000000        1.0017295169155602        1.0000000000000000        6.9400066739805622E-310
  0.48499894736389015        6.4412850159545054E-006   4.4740979356916455E-005   1.0000000000000000E-002   1.2000000000000000E-002   1.0017289516471433        0.0000000000000000        1.0017289516471433        1.0000000000000000        6.9400066739805622E-310
  0.49499964865897789        2.1499231321258204E-006   1.4933310017894996E-005   1.0000000000000000E-002   1.2000000000000000E-002   1.0017286684537827        0.0000000000000000        1.0017286684537827        1.0000000000000000        6.9400066739805622E-310
  0.50500035134102361       -2.1499232086853567E-006  -1.4933328649213706E-005   1.0000000000000000E-002   1.2000000000000000E-002   1.0017286684538744        0.0000000000000000        1.0017286684538744        1.0000000000000000        6.9400066739805622E-310
  0.51500105263610907       -6.4412847642358638E-006  -4.4740948086818833E-005   1.0000000000000000E-002   1.2000000000000000E-002   1.0017289516471677        0.0000000000000000        1.0017289516471677        1.0000000000000000        6.9400066739805622E-310
  0.52500174977579961       -1.0707226048515022E-005  -7.4371892842428622E-005   1.0000000000000000E-002   1.2000000000000000E-002   1.0017295169155267        0.0000000000000000        1.0017295169155267        1.0000000000000000        6.9400066739805622E-310
  0.53500244000806829       -1.4930911257796317E-005  -1.0370897981548666E-004   1.0000000000000000E-002   1.2000000000000000E-002   1.0017303620267450        0.0000000000000000        1.0017303620267450        1.0000000000000000        6.9400066739805622E-310
  0.54500312060818501       -1.9095671588714710E-005  -1.3263636750604491E-004   1.0000000000000000E-002   1.2000000000000000E-002   1.0017314836430797        0.0000000000000000        1.0017314836430797        1.0000000000000000        6.9400066739805622E-310
  0.55500378888947555       -2.3185070995252631E-005  -1.6103987634519257E-004   1.0000000000000000E-002   1.2000000000000000E-002   1.0017328773355938        0.0000000000000000        1.0017328773355938        1.0000000000000000        6.9400066739805622E-310
  0.56500444221392188       -2.7182970607304949E-005  -1.8880712439894864E-004   1.0000000000000000E-002   1.2000000000000000E-002   1.0017345376004325        0.0000000000000000        1.0017345376004325        1.0000000000000000        6.9400066739805622E-310
  0.57500507800261025       -3.1073592650492232E-005  -2.1582863604407976E-004   1.0000000000000000E-002   1.2000000000000000E-002   1.0017364578811638        0.0000000000000000        1.0017364578811638        1.0000000000000000        6.9400066739805622E-310
  0.58500569374588973       -3.4841582632871454E-005  -2.4199761651644280E-004   1.0000000000000000E-002   1.2000000000000000E-002   1.0017386305952636        0.0000000000000000        1.0017386305952636        1.0000000000000000        6.9400066739805622E-310
  0.59500628701329783       -3.8472070542450699E-005  -2.6721068865498410E-004   1.0000000000000000E-002   1.2000000000000000E-002   1.0017410471629700        0.0000000000000000        1.0017410471629700        1.0000000000000000        6.9400066739805622E-310
  0.60500685546315958       -4.1950728122589799E-005  -2.9136832449605521E-004   1.0000000000000000E-002   1.2000000000000000E-002   1.0017436980417618        0.0000000000000000        1.0017436980417618        1.0000000000000000        6.9400066739805622E-310
  0.61500739685183370       -4.5263827122444507E-005  -3.1437521619004372E-004   1.0000000000000000E-002   1.2000000000000000E-002   1.0017465727645722        0.0000000000000000        1.0017465727645722        1.0000000000000000        6.9400066739805622E-310
  0.62500790904256054       -4.8398292337709338E-005  -3.3614042087659612E-004   1.0000000000000000E-002   1.2000000000000000E-002   1.0017496599804718        0.0000000000000000        1.0017496599804718        1.0000000000000000        6.9400066739805622E-310
  0.63500839001391440       -5.1341752761658320E-005  -3.5657812686018531E-004   1.0000000000000000E-002   1.2000000000000000E-002   1.0017529474996878        0.0000000000000000        1.0017529474996878        1.0000000000000000        6.9400066739805622E-310
  0.64500883786776797       -5.4082592791970060E-005  -3.7560765583855016E-004   1.0000000000000000E-002   1.2000000000000000E-002   1.0017564223422721        0.0000000000000000        1.0017564223422721        1.0000000000000000        6.9400066739805622E-310
  0.65500925083678818       -5.6609995082935660E-005  -3.9315393025152190E-004   1.0000000000000000E-002   1.2000000000000000E-002   1.0017600707889125        0.0000000000000000        1.0017600707889125        1.0000000000000000        6.9400066739805622E-310
  0.66500962729140844       -5.8913985194840520E-005  -4.0914775045663987E-004   1.0000000000000000E-002   1.2000000000000000E-002   1.0017638784354639        0.0000000000000000        1.0017638784354639        1.0000000000000000        6.9400066739805622E-310
  0.67500996574625238       -6.0985470309509022E-005  -4.2352596592198921E-004   1.0000000000000000E-002   1.2000000000000000E-002   1.0017678302493964        0.0000000000000000        1.0017678302493964        1.0000000000000000        6.9400066739805622E-310
  0.68501026486600414       -6.2816275153019594E-005  -4.3623205375897811E-004   1.0000000000000000E-002   1.2000000000000000E-002   1.0017719106299341        0.0000000000000000        1.0017719106299341        1.0000000000000000        6.9400066739805622E-310
  0.69501052347064973       -6.4399173788510063E-005  -4.4721581774531671E-004   1.0000000000000000E-002   1.2000000000000000E-002   1.0017761034695143        0.0000000000000000        1.0017761034695143        1.0000000000000000        6.9400066739805622E-310
  0.70501074054014379       -6.5727919403613995E-005  -4.5643399312034205E-004   1.0000000000000000E-002   1.2000000000000000E-002   1.0017803922165964        0.0000000000000000        1.0017803922165964        1.0000000000000000        6.9400066739805622E-310
  0.71501091521842575       -6.6797268204680894E-005  -4.6385038518526045E-004   1.0000000000000000E-002   1.2000000000000000E-002   1.0017847599421783        0.0000000000000000        1.0017847599421783        1.0000000000000000        6.9400066739805622E-310
  0.72501104681677664       -6.7602999365301892E-005  -4.6943573409841122E-004   1.0000000000000000E-002   1.2000000000000000E-002   1.0017891894060924        0.0000000000000000        1.0017891894060924        1.0000000000000000        6.9400066739805622E-310
  0.73501113481654212       -6.8141932871061632E-005  -4.7316820312914842E-004   1.0000000000000000E-002   1.2000000000000000E-002   1.0017936631252353        0.0000000000000000        1.0017936631252353        1.0000000000000000        6.9400066739805622E-310
  0.74501117887115087       -6.8411941540787684E-005  -4.7503304814622282E-004   1.0000000000000000E-002   1.2000000000000000E-002   1.0017981634423725        0.0000000000000000        1.0017981634423725        1.0000000000000000        6.9400066739805622E-310
  0.75501117880749258       -6.8411959968480297E-005  -4.7502317358905088E-004   1.0000000000000000E-002   1.2000000000000000E-002   1.0018026725961260        0.0000000000000000        1.0018026725961260        1.0000000000000000        6.9400066739805622E-310
  0.76501113462656445       -6.8141987351365662E-005  -4.7313857412856208E-004   1.0000000000000000E-002   1.2000000000000000E-002   1.0018071727908993        0.0000000000000000        1.0018071727908993        1.0000000000000000        6.9400066739805622E-310
  0.77501104650348207       -6.7603089208229220E-005  -4.6938696644360789E-004   1.0000000000000000E-002   1.2000000000000000E-002   1.0018116462671598        0.0000000000000000        1.0018116462671598        1.0000000000000000        6.9400066739805622E-310
  0.78501091478675067       -6.6797391932910447E-005  -4.6378315048389851E-004   1.0000000000000000E-002   1.2000000000000000E-002   1.0018160753717715        0.0000000000000000        1.0018160753717715        1.0000000000000000        6.9400066739805622E-310
  0.79501073999689764       -6.5728075355101572E-005  -4.5634939795036189E-004   1.0000000000000000E-002   1.2000000000000000E-002   1.0018204426270259        0.0000000000000000        1.0018204426270259        1.0000000000000000        6.9400066739805622E-310
  0.80501052282439756       -6.4399359179899722E-005  -4.4711513795903102E-004   1.0000000000000000E-002   1.2000000000000000E-002   1.0018247308001678        0.0000000000000000        1.0018247308001678        1.0000000000000000        6.9400066739805622E-310
  0.81501026412694089       -6.2816487053293668E-005  -4.3611693866285606E-004   1.0000000000000000E-002   1.2000000000000000E-002   1.0018289229712036        0.0000000000000000        1.0018289229712036        1.0000000000000000        6.9400066739805622E-310
  0.82500996492603484       -6.0985705578589045E-005  -4.2339826086035259E-004   1.0000000000000000E-002   1.2000000000000000E-002   1.0018330025996036        0.0000000000000000        1.0018330025996036        1.0000000000000000        6.9400066739805622E-310
  0.83500962640296683       -5.8914240159601629E-005  -4.0900935739252020E-004   1.0000000000000000E-002   1.2000000000000000E-002   1.0018369535892548        0.0000000000000000        1.0018369535892548        1.0000000000000000        6.9400066739805622E-310
  0.84500924989413717       -5.6610265435814708E-005  -3.9300712026868467E-004   1.0000000000000000E-002   1.2000000000000000E-002   1.0018407603522916        0.0000000000000000        1.0018407603522916        1.0000000000000000        6.9400066739805622E-310
  0.85500883688577245       -5.4082874536629578E-005  -3.7545470928623814E-004   1.0000000000000000E-002   1.2000000000000000E-002   1.0018444078703745        0.0000000000000000        1.0018444078703745        1.0000000000000000        6.9400066739805622E-310
  0.86500838900806187       -5.1342041342083834E-005  -3.5642147295789073E-004   1.0000000000000000E-002   1.2000000000000000E-002   1.0018478817538863        0.0000000000000000        1.0018478817538863        1.0000000000000000        6.9400066739805622E-310
  0.87500790802871353       -4.8398582870323750E-005  -3.3598252528044270E-004   1.0000000000000000E-002   1.2000000000000000E-002   1.0018511682987308        0.0000000000000000        1.0018511682987308        1.0000000000000000        6.9400066739805622E-310
  0.88500739584598020       -4.5264115641206442E-005  -3.1421854699154039E-004   1.0000000000000000E-002   1.2000000000000000E-002   1.0018542545401810        0.0000000000000000        1.0018542545401810        1.0000000000000000        6.9400066739805622E-310
  0.89500685448116413       -4.1951009908188479E-005  -2.9121539286602882E-004   1.0000000000000000E-002   1.2000000000000000E-002   1.0018571283039230        0.0000000000000000        1.0018571283039230        1.0000000000000000        6.9400066739805622E-310
  0.90500628607064570       -3.8472341052565414E-005  -2.6706387097519269E-004   1.0000000000000000E-002   1.2000000000000000E-002   1.0018597782541818        0.0000000000000000        1.0018597782541818        1.0000000000000000        6.9400066739805622E-310
  0.91500569285744748       -3.4841837468426964E-005  -2.4185922421349204E-004   1.0000000000000000E-002   1.2000000000000000E-002   1.0018621939383499        0.0000000000000000        1.0018621939383499        1.0000000000000000        6.9400066739805622E-310
  0.92500507718239111       -3.1073828020116853E-005  -2.1570089217881616E-004   1.0000000000000000E-002   1.2000000000000000E-002   1.0018643658279935        0.0000000000000000        1.0018643658279935        1.0000000000000000        6.9400066739805622E-310
  0.93500444147486161       -2.7183182452674964E-005  -1.8869205908611519E-004   1.0000000000000000E-002   1.2000000000000000E-002   1.0018662853566358        0.0000000000000000        1.0018662853566358        1.0000000000000000        6.9400066739805622E-310
  0.94500378824322440       -2.3185256294288427E-005  -1.6093919796844602E-004   1.0000000000000000E-002   1.2000000000000000E-002   1.0018679449531682        0.0000000000000000        1.0018679449531682        1.0000000000000000        6.9400066739805622E-310
  0.95500312006493904       -1.9095827514816615E-005  -1.3255177420035125E-004   1.0000000000000000E-002   1.2000000000000000E-002   1.0018693380717376        0.0000000000000000        1.0018693380717376        1.0000000000000000        6.9400066739805622E-310
  0.96500243957639198       -1.4931034967896686E-005  -1.0364172818011497E-004   1.0000000000000000E-002   1.2000000000000000E-002   1.0018704592177052        0.0000000000000000        1.0018704592177052        1.0000000000000000        6.9400066739805622E-310
  0.97500174946250329       -1.0707315822683943E-005  -7.4323091832084742E-005   1.0000000000000000E-002   1.2000000000000000E-002   1.0018713039693721        0.0000000000000000        1.0018713039693721        1.0000000000000000        6.9400066739805622E-310
  0.98500105244613434       -6.4413394633323615E-006  -4.4711388432538968E-005   1.0000000000000000E-002   1.2000000000000000E-002   1.0018718689950254        0.0000000000000000        1.0018718689950254        1.0000000000000000        6.9400066739805622E-310
  0.99500035127736330       -2.1499412673610175E-006  -1.4923406901345970E-005   1.0000000000000000E-002   1.2000000000000000E-002   1.0018721520660452        0.0000000000000000        1.0018721520660452        1.0000000000000000        6.9400066739805622E-310
   1.0049996487226369        2.1499457543126252E-006   1.5140862211104889E-005   1.0000000000000000E-002   1.2000000000000000E-002   1.0018721520660114        0.0000000000000000        1.0018721520660114        1.0000000000000000        6.9400066739805622E-310
   1.0149989475538665        6.4413525654490220E-006   4.5362884455002472E-005   1.0000000000000000E-002   1.2000000000000000E-002   1.0018718689949415        0.0000000000000000        1.0018718689949415        1.0000000000000000        6.9400066739805622E-310
   1.0249982505374990        1.0707338026977810E-005   7.5406029306890332E-005   1.0000000000000000E-002   1.2000000000000000E-002   1.0018713039694531        0.0000000000000000        1.0018713039694531        1.0000000000000000        6.9400066739805622E-310
   1.0349975604236070        1.4931065898861039E-005   1.0515192382865024E-004   1.0000000000000000E-002   1.2000000000000000E-002   1.0018704592178305        0.0000000000000000        1.0018704592178305        1.0000000000000000        6.9400066739805622E-310
   1.0449968799350604        1.9095867008652097E-005   1.3448319409103959E-004   1.0000000000000000E-002   1.2000000000000000E-002   1.0018693380717001        0.0000000000000000        1.0018693380717001        1.0000000000000000        6.9400066739805622E-310
  -4.9996487226366959E-003  -2.1502021982304623E-006  -3.5767633061438002E+077   1.0000000000000000E-002   1.2000000000000000E-002   1.0018721520660452        0.0000000000000000        1.0018721520660452        1.0000000000000000        6.9400066739805622E-310
  -1.4998947553865660E-002  -6.4421212687985939E-006   0.0000000000000000        1.0000000000000000E-002   1.2000000000000000E-002   1.0018718689950254        0.0000000000000000        1.0018718689950254        1.0000000000000000        6.9400066739805622E-310
  -2.4998250537496713E-002  -1.0708615384755764E-005  -3.5767633061438002E+077   1.0000000000000000E-002   1.2000000000000000E-002   1.0018713039693721        0.0000000000000000        1.0018713039693721        1.0000000000000000        6.9400066739805622E-310
  -3.4997560423608021E-002  -1.4932847168867305E-005   6.9400068546417920E-310   1.0000000000000000E-002   1.2000000000000000E-002   1.0018704592177052        0.0000000000000000        1.0018704592177052        1.0000000000000000        6.9400066739805622E-310
  -4.4996879935060963E-002  -1.9098145213171985E-005   6.9400066883177543E-310   1.0000000000000000E-002   1.2000000000000000E-002   1.0018693380717376        0.0000000000000000        1.0018693380717376        1.0000000000000000        6.9400066739805622E-310
