 # x, v, a, m, h, rho, u, P, c, ke
   1.7015999999999809     
   4.9995203938921319E-003   3.0382795663584189E-007   2.0379702830197743E-005   1.0000000000000000E-002   1.2000000000000000E-002   1.0018983629147729        0.0000000000000000        1.0018983629147729        1.0000000000000000        6.9400066739805622E-310
   1.4998563074345181E-002   9.1028058992921684E-007   6.1058653844092703E-005   1.0000000000000000E-002   1.2000000000000000E-002   1.0018979763318083        0.0000000000000000        1.0018979763318083        1.0000000000000000        6.9400066739805622E-310
   2.4997611425328570E-002   1.5131284515852851E-006   1.0149668757808428E-004   1.0000000000000000E-002   1.2000000000000000E-002   1.0018972046921082        0.0000000000000000        1.0018972046921082        1.0000000000000000        6.9400066739805622E-310
   3.4996669202335497E-002   2.1099843727749655E-006   1.4153418704587750E-004   1.0000000000000000E-002   1.2000000000000000E-002   1.0018960510420347        0.0000000000000000        1.0018960510420347        1.0000000000000000        6.9400066739805622E-310
   4.4995740123663794E-002   2.6984848939592244E-006   1.8101322886199256E-004   1.0000000000000000E-002   1.2000000000000000E-002   1.0018945199359608        0.0000000000000000        1.0018945199359608        1.0000000000000000        6.9400066739805622E-310
   5.4994827855755685E-002   3.2763006229269224E-006   2.1977794602534573E-004   1.0000000000000000E-002   1.2000000000000000E-002   1.0018926174184195        0.0000000000000000        1.0018926174184195        1.0000000000000000        6.9400066739805622E-310
   6.4993935998719929E-002   3.8411443943790695E-006   2.5767540755872176E-004   1.0000000000000000E-002   1.2000000000000000E-002   1.0018903510003854        0.0000000000000000        1.0018903510003854        1.0000000000000000        6.9400066739805622E-310
   7.4993068072132685E-002   4.3907807808782145E-006   2.9455609320994114E-004   1.0000000000000000E-002   1.2000000000000000E-002   1.0018877296290536        0.0000000000000000        1.0018877296290536        1.0000000000000000        6.9400066739805622E-310
   8.4992227501152595E-002   4.9230353705532687E-006   3.3027441993915829E-004   1.0000000000000000E-002   1.2000000000000000E-002   1.0018847636528976        0.0000000000000000        1.0018847636528976        1.0000000000000000        6.9400066739805622E-310
   9.4991417603001047E-002   5.4358033866199916E-006   3.6468942357448242E-004   1.0000000000000000E-002   1.2000000000000000E-002   1.0018814647809537        0.0000000000000000        1.0018814647809537        1.0000000000000000        6.9400066739805622E-310
  0.10499064157387092        5.9270576453281812E-006   3.9766535289587068E-004   1.0000000000000000E-002   1.2000000000000000E-002   1.0018778460360676        0.0000000000000000        1.0018778460360676        1.0000000000000000        6.9400066739805622E-310
  0.11498990247632157        6.3948564517098476E-006   4.2907204391440246E-004   1.0000000000000000E-002   1.2000000000000000E-002   1.0018739217035306        0.0000000000000000        1.0018739217035306        1.0000000000000000        6.9400066739805622E-310
  0.12498920322718932        6.8373523615158162E-006   4.5878553609224326E-004   1.0000000000000000E-002   1.2000000000000000E-002   1.0018697072749967        0.0000000000000000        1.0018697072749967        1.0000000000000000        6.9400066739805622E-310
  0.13498854658607559        7.2527985742528024E-006   4.8668857469191806E-004   1.0000000000000000E-002   1.2000000000000000E-002   1.0018652193870754        0.0000000000000000        1.0018652193870754        1.0000000000000000        6.9400066739805622E-310
  0.14498793514445743        7.6395558047326986E-006   5.1267104564267640E-004   1.0000000000000000E-002   1.2000000000000000E-002   1.0018604757555323        0.0000000000000000        1.0018604757555323        1.0000000000000000        6.9400066739805622E-310
  0.15498737131546000        7.9960993965774532E-006   5.3663041257667743E-004   1.0000000000000000E-002   1.2000000000000000E-002   1.0018554951052863        0.0000000000000000        1.0018554951052863        1.0000000000000000        6.9400066739805622E-310
  0.16498685732433441        8.3210247241722898E-006   5.5847207529868825E-004   1.0000000000000000E-002   1.2000000000000000E-002   1.0018502970966707        0.0000000000000000        1.0018502970966707        1.0000000000000000        6.9400066739805622E-310
  0.17498639519966899        8.6130528738482139E-006   5.7810986623607619E-004   1.0000000000000000E-002   1.2000000000000000E-002   1.0018449022476159        0.0000000000000000        1.0018449022476159        1.0000000000000000        6.9400066739805622E-310
  0.18498598676538808        8.8710359854856419E-006   5.9546624808337612E-004   1.0000000000000000E-002   1.2000000000000000E-002   1.0018393318525785        0.0000000000000000        1.0018393318525785        1.0000000000000000        6.9400066739805622E-310
  0.19498563363354685        9.0939610793739511E-006   6.1047273904080157E-004   1.0000000000000000E-002   1.2000000000000000E-002   1.0018336078984871        0.0000000000000000        1.0018336078984871        1.0000000000000000        6.9400066739805622E-310
  0.20498533719797229        9.2809544415096343E-006   6.2307005266060145E-004   1.0000000000000000E-002   1.2000000000000000E-002   1.0018277529780186        0.0000000000000000        1.0018277529780186        1.0000000000000000        6.9400066739805622E-310
  0.21498509862875267        9.4312845330471733E-006   6.3320849267611834E-004   1.0000000000000000E-002   1.2000000000000000E-002   1.0018217902003748        0.0000000000000000        1.0018217902003748        1.0000000000000000        6.9400066739805622E-310
  0.22498491886762198        9.5443657238380890E-006   6.4084803026620563E-004   1.0000000000000000E-002   1.2000000000000000E-002   1.0018157430998016        0.0000000000000000        1.0018157430998016        1.0000000000000000        6.9400066739805622E-310
  0.23498479862423913        9.6197591063930524E-006   6.4595848377013709E-004   1.0000000000000000E-002   1.2000000000000000E-002   1.0018096355429156        0.0000000000000000        1.0018096355429156        1.0000000000000000        6.9400066739805622E-310
  0.24498473837338328        9.6571752379613751E-006   6.4851964469436751E-004   1.0000000000000000E-002   1.2000000000000000E-002   1.0018034916345762        0.0000000000000000        1.0018034916345762        1.0000000000000000        6.9400066739805622E-310
  0.25498473835307356        9.6564747559434124E-006   6.4852142283733372E-004   1.0000000000000000E-002   1.2000000000000000E-002   1.0017973356225152        0.0000000000000000        1.0017973356225152        1.0000000000000000        6.9400066739805622E-310
  0.26498479856363077        9.6176688378012743E-006   6.4596377481418443E-004   1.0000000000000000E-002   1.2000000000000000E-002   1.0017911918015998        0.0000000000000000        1.0017911918015998        1.0000000000000000        6.9400066739805622E-310
  0.27498491876767039        9.5409185019242193E-006   6.4085675615910276E-004   1.0000000000000000E-002   1.2000000000000000E-002   1.0017850844182381        0.0000000000000000        1.0017850844182381        1.0000000000000000        6.9400066739805622E-310
  0.28498509849103315        9.4265348788235862E-006   6.3322053716063920E-004   1.0000000000000000E-002   1.2000000000000000E-002   1.0017790375744222        0.0000000000000000        1.0017790375744222        1.0000000000000000        6.9400066739805622E-310
  0.29498533702465812        9.2749769178219008E-006   6.2308519013942743E-004   1.0000000000000000E-002   1.2000000000000000E-002   1.0017730751327840        0.0000000000000000        1.0017730751327840        1.0000000000000000        6.9400066739805622E-310
  0.30498563342737056        9.0868503747344410E-006   6.1049074334551534E-004   1.0000000000000000E-002   1.2000000000000000E-002   1.0017672206223835        0.0000000000000000        1.0017672206223835        1.0000000000000000        6.9400066739805622E-310
  0.31498598652959997        8.8629039948623407E-006   5.9548686172394838E-004   1.0000000000000000E-002   1.2000000000000000E-002   1.0017614971457669        0.0000000000000000        1.0017614971457669        1.0000000000000000        6.9400066739805622E-310
  0.32498639493798887        8.6040279851248758E-006   5.7813274117357594E-004   1.0000000000000000E-002   1.2000000000000000E-002   1.0017559272880787        0.0000000000000000        1.0017559272880787        1.0000000000000000        6.9400066739805622E-310
  0.33498685704088971        8.3112492050955451E-006   5.5849684739950334E-004   1.0000000000000000E-002   1.2000000000000000E-002   1.0017505330278815        0.0000000000000000        1.0017505330278815        1.0000000000000000        6.9400066739805622E-310
  0.34498737101472171        7.9857273014651611E-006   5.3665667195890165E-004   1.0000000000000000E-002   1.2000000000000000E-002   1.0017453356504515        0.0000000000000000        1.0017453356504515        1.0000000000000000        6.9400066739805622E-310
  0.35498793483116603        7.6287508999207845E-006   5.1269842771617391E-004   1.0000000000000000E-002   1.2000000000000000E-002   1.0017403556636306        0.0000000000000000        1.0017403556636306        1.0000000000000000        6.9400066739805622E-310
  0.36498854626517296        7.2417309962189223E-006   4.8671661524135601E-004   1.0000000000000000E-002   1.2000000000000000E-002   1.0017356127172006        0.0000000000000000        1.0017356127172006        1.0000000000000000        6.9400066739805622E-310
  0.37498920290373633        6.8261969428813447E-006   4.5881379028056557E-004   1.0000000000000000E-002   1.2000000000000000E-002   1.0017311255254568        0.0000000000000000        1.0017311255254568        1.0000000000000000        6.9400066739805622E-310
  0.38498990215541801        6.3837891384616778E-006   4.2910009525964909E-004   1.0000000000000000E-002   1.2000000000000000E-002   1.0017269117930367        0.0000000000000000        1.0017269117930367        1.0000000000000000        6.9400066739805622E-310
  0.39499064126057937        5.9162526383227712E-006   3.9769271773604231E-004   1.0000000000000000E-002   1.2000000000000000E-002   1.0017229881456502        0.0000000000000000        1.0017229881456502        1.0000000000000000        6.9400066739805622E-310
  0.40499141730226051        5.4254313677856516E-006   3.6471571705654071E-004   1.0000000000000000E-002   1.2000000000000000E-002   1.0017193700641132        0.0000000000000000        1.0017193700641132        1.0000000000000000        6.9400066739805622E-310
  0.41499222721770807        4.9132598544679818E-006   3.3029917972893230E-004   1.0000000000000000E-002   1.2000000000000000E-002   1.0017160718232510        0.0000000000000000        1.0017160718232510        1.0000000000000000        6.9400066739805622E-310
  0.42499306781045315        4.3817559212217903E-006   2.9457895472795315E-004   1.0000000000000000E-002   1.2000000000000000E-002   1.0017131064360749        0.0000000000000000        1.0017131064360749        1.0000000000000000        6.9400066739805622E-310
  0.43499393576293188        3.8330122660599934E-006   2.5769602041769701E-004   1.0000000000000000E-002   1.2000000000000000E-002   1.0017104856021497        0.0000000000000000        1.0017104856021497        1.0000000000000000        6.9400066739805622E-310
  0.44499482764957876        3.2691899736671078E-006   2.1979596050325512E-004   1.0000000000000000E-002   1.2000000000000000E-002   1.0017082196615523        0.0000000000000000        1.0017082196615523        1.0000000000000000        6.9400066739805622E-310
  0.45499573995034931        2.6925076621690912E-006   1.8102836799194222E-004   1.0000000000000000E-002   1.2000000000000000E-002   1.0017063175540240        0.0000000000000000        1.0017063175540240        1.0000000000000000        6.9400066739805622E-310
  0.46499666906461623        2.1052345615010650E-006   1.4154622204731737E-004   1.0000000000000000E-002   1.2000000000000000E-002   1.0017047867839934        0.0000000000000000        1.0017047867839934        1.0000000000000000        6.9400066739805622E-310
  0.47499761132537660        1.5096812661106004E-006   1.0150542232789661E-004   1.0000000000000000E-002   1.2000000000000000E-002   1.0017036333906804        0.0000000000000000        1.0017036333906804        1.0000000000000000        6.9400066739805622E-310
  0.48499856301373695        9.0819009066859645E-007   6.1063943200601045E-005   1.0000000000000000E-002   1.2000000000000000E-002   1.0017028619244681        0.0000000000000000        1.0017028619244681        1.0000000000000000        6.9400066739805622E-310
  0.49499952037358286        3.0312753769698106E-007   2.0381473126107608E-005   1.0000000000000000E-002   1.2000000000000000E-002   1.0017024754289756        0.0000000000000000        1.0017024754289756        1.0000000000000000        6.9400066739805622E-310
  0.50500047962641592       -3.0312740480059537E-007  -2.0381455731133258E-005   1.0000000000000000E-002   1.2000000000000000E-002   1.0017024754288881        0.0000000000000000        1.0017024754288881        1.0000000000000000        6.9400066739805622E-310
  0.51500143698626399       -9.0819027583461611E-007  -6.1063970394847900E-005   1.0000000000000000E-002   1.2000000000000000E-002   1.0017028619244366        0.0000000000000000        1.0017028619244366        1.0000000000000000        6.9400066739805622E-310
  0.52500238867462268       -1.5096812120514434E-006  -1.0150539516029511E-004   1.0000000000000000E-002   1.2000000000000000E-002   1.0017036333906515        0.0000000000000000        1.0017036333906515        1.0000000000000000        6.9400066739805622E-310
  0.53500333093538510       -2.1052345685791709E-006  -1.4154623623863216E-004   1.0000000000000000E-002   1.2000000000000000E-002   1.0017047867838913        0.0000000000000000        1.0017047867838913        1.0000000000000000        6.9400066739805622E-310
  0.54500426004965252       -2.6925076352125205E-006  -1.8102839809763793E-004   1.0000000000000000E-002   1.2000000000000000E-002   1.0017063175541374        0.0000000000000000        1.0017063175541374        1.0000000000000000        6.9400066739805622E-310
  0.55500517235041991       -3.2691899564083033E-006  -2.1979592704290951E-004   1.0000000000000000E-002   1.2000000000000000E-002   1.0017082196616431        0.0000000000000000        1.0017082196616431        1.0000000000000000        6.9400066739805622E-310
  0.56500606423706801       -3.8330123989659909E-006  -2.5769602759595500E-004   1.0000000000000000E-002   1.2000000000000000E-002   1.0017104856021186        0.0000000000000000        1.0017104856021186        1.0000000000000000        6.9400066739805622E-310
  0.57500693218954646       -4.3817557711254277E-006  -2.9457895727169614E-004   1.0000000000000000E-002   1.2000000000000000E-002   1.0017131064360951        0.0000000000000000        1.0017131064360951        1.0000000000000000        6.9400066739805622E-310
  0.58500777278229121       -4.9132599963236227E-006  -3.3029916318927377E-004   1.0000000000000000E-002   1.2000000000000000E-002   1.0017160718232094        0.0000000000000000        1.0017160718232094        1.0000000000000000        6.9400066739805622E-310
  0.59500858269773982       -5.4254312913156281E-006  -3.6471571435026107E-004   1.0000000000000000E-002   1.2000000000000000E-002   1.0017193700639744        0.0000000000000000        1.0017193700639744        1.0000000000000000        6.9400066739805622E-310
  0.60500935873942319       -5.9162527000396686E-006  -3.9769276380940966E-004   1.0000000000000000E-002   1.2000000000000000E-002   1.0017229881457161        0.0000000000000000        1.0017229881457161        1.0000000000000000        6.9400066739805622E-310
  0.61501009784458072       -6.3837889715690025E-006  -4.2910005716745303E-004   1.0000000000000000E-002   1.2000000000000000E-002   1.0017269117931362        0.0000000000000000        1.0017269117931362        1.0000000000000000        6.9400066739805622E-310
  0.62501079709626395       -6.8261968305305921E-006  -4.5881379492129781E-004   1.0000000000000000E-002   1.2000000000000000E-002   1.0017311255253989        0.0000000000000000        1.0017311255253989        1.0000000000000000        6.9400066739805622E-310
  0.63501145373482726       -7.2417312963758815E-006  -4.8671661357779783E-004   1.0000000000000000E-002   1.2000000000000000E-002   1.0017356127171722        0.0000000000000000        1.0017356127171722        1.0000000000000000        6.9400066739805622E-310
  0.64501206516883469       -7.6287509166148510E-006  -5.1269843193768594E-004   1.0000000000000000E-002   1.2000000000000000E-002   1.0017403556635998        0.0000000000000000        1.0017403556635998        1.0000000000000000        6.9400066739805622E-310
  0.65501262898527934       -7.9857272687862743E-006  -5.3665669175106956E-004   1.0000000000000000E-002   1.2000000000000000E-002   1.0017453356505353        0.0000000000000000        1.0017453356505353        1.0000000000000000        6.9400066739805622E-310
  0.66501314295910918       -8.3112491299735432E-006  -5.5849682973541093E-004   1.0000000000000000E-002   1.2000000000000000E-002   1.0017505330279719        0.0000000000000000        1.0017505330279719        1.0000000000000000        6.9400066739805622E-310
  0.67501360506201025       -8.6040281063846709E-006  -5.7813273785090047E-004   1.0000000000000000E-002   1.2000000000000000E-002   1.0017559272880721        0.0000000000000000        1.0017559272880721        1.0000000000000000        6.9400066739805622E-310
  0.68501401347039914       -8.8629039191383491E-006  -5.9548685085353270E-004   1.0000000000000000E-002   1.2000000000000000E-002   1.0017614971457052        0.0000000000000000        1.0017614971457052        1.0000000000000000        6.9400066739805622E-310
  0.69501436657262972       -9.0868502323926888E-006  -6.1049074399299741E-004   1.0000000000000000E-002   1.2000000000000000E-002   1.0017672206222641        0.0000000000000000        1.0017672206222641        1.0000000000000000        6.9400066739805622E-310
  0.70501466297534365       -9.2749770604840500E-006  -6.2308521312903764E-004   1.0000000000000000E-002   1.2000000000000000E-002   1.0017730751327809        0.0000000000000000        1.0017730751327809        1.0000000000000000        6.9400066739805622E-310
  0.71501490150896696       -9.4265349164828557E-006  -6.3322051681158342E-004   1.0000000000000000E-002   1.2000000000000000E-002   1.0017790375744235        0.0000000000000000        1.0017790375744235        1.0000000000000000        6.9400066739805622E-310
  0.72501508123233138       -9.5409185624168493E-006  -6.4085677825342913E-004   1.0000000000000000E-002   1.2000000000000000E-002   1.0017850844182514        0.0000000000000000        1.0017850844182514        1.0000000000000000        6.9400066739805622E-310
  0.73501520143636911       -9.6176687557408477E-006  -6.4596376049230742E-004   1.0000000000000000E-002   1.2000000000000000E-002   1.0017911918016480        0.0000000000000000        1.0017911918016480        1.0000000000000000        6.9400066739805622E-310
  0.74501526164692722       -9.6564748603397522E-006  -6.4852143826765740E-004   1.0000000000000000E-002   1.2000000000000000E-002   1.0017973356225689        0.0000000000000000        1.0017973356225689        1.0000000000000000        6.9400066739805622E-310
  0.75501526162661547       -9.6571751368423210E-006  -6.4851961902423483E-004   1.0000000000000000E-002   1.2000000000000000E-002   1.0018034916345846        0.0000000000000000        1.0018034916345846        1.0000000000000000        6.9400066739805622E-310
  0.76501520137576151       -9.6197592069225919E-006  -6.4595850425686052E-004   1.0000000000000000E-002   1.2000000000000000E-002   1.0018096355428967        0.0000000000000000        1.0018096355428967        1.0000000000000000        6.9400066739805622E-310
  0.77501508113237727       -9.5443656777040008E-006  -6.4084801765318389E-004   1.0000000000000000E-002   1.2000000000000000E-002   1.0018157430998260        0.0000000000000000        1.0018157430998260        1.0000000000000000        6.9400066739805622E-310
  0.78501490137124730       -9.4312845618433238E-006  -6.3320849740655660E-004   1.0000000000000000E-002   1.2000000000000000E-002   1.0018217902003526        0.0000000000000000        1.0018217902003526        1.0000000000000000        6.9400066739805622E-310
  0.79501466280202759       -9.2809543013901424E-006  -6.2307005701178753E-004   1.0000000000000000E-002   1.2000000000000000E-002   1.0018277529780464        0.0000000000000000        1.0018277529780464        1.0000000000000000        6.9400066739805622E-310
  0.80501436636645241       -9.0939611250918633E-006  -6.1047272738434799E-004   1.0000000000000000E-002   1.2000000000000000E-002   1.0018336078984753        0.0000000000000000        1.0018336078984753        1.0000000000000000        6.9400066739805622E-310
  0.81501401323461209       -8.8710360155870465E-006  -5.9546625390716201E-004   1.0000000000000000E-002   1.2000000000000000E-002   1.0018393318525454        0.0000000000000000        1.0018393318525454        1.0000000000000000        6.9400066739805622E-310
  0.82501360480033092       -8.6130529776297349E-006  -5.7810986088302485E-004   1.0000000000000000E-002   1.2000000000000000E-002   1.0018449022475828        0.0000000000000000        1.0018449022475828        1.0000000000000000        6.9400066739805622E-310
  0.83501314267566651       -8.3210245798602220E-006  -5.5847209333759196E-004   1.0000000000000000E-002   1.2000000000000000E-002   1.0018502970966943        0.0000000000000000        1.0018502970966943        1.0000000000000000        6.9400066739805622E-310
  0.84501262868453941       -7.9960993812914274E-006  -5.3663040116980198E-004   1.0000000000000000E-002   1.2000000000000000E-002   1.0018554951053420        0.0000000000000000        1.0018554951053420        1.0000000000000000        6.9400066739805622E-310
  0.85501206485554226       -7.6395557655780297E-006  -5.1267104784358253E-004   1.0000000000000000E-002   1.2000000000000000E-002   1.0018604757555425        0.0000000000000000        1.0018604757555425        1.0000000000000000        6.9400066739805622E-310
  0.86501145341392371       -7.2527984983391076E-006  -4.8668857019418255E-004   1.0000000000000000E-002   1.2000000000000000E-002   1.0018652193870787        0.0000000000000000        1.0018652193870787        1.0000000000000000        6.9400066739805622E-310
  0.87501079677281024       -6.8373524813315065E-006  -4.5878553114775400E-004   1.0000000000000000E-002   1.2000000000000000E-002   1.0018697072749561        0.0000000000000000        1.0018697072749561        1.0000000000000000        6.9400066739805622E-310
  0.88501009752367854       -6.3948564322182540E-006  -4.2907204057485160E-004   1.0000000000000000E-002   1.2000000000000000E-002   1.0018739217034534        0.0000000000000000        1.0018739217034534        1.0000000000000000        6.9400066739805622E-310
  0.89500935842613027       -5.9270575680992348E-006  -3.9766536561192112E-004   1.0000000000000000E-002   1.2000000000000000E-002   1.0018778460360296        0.0000000000000000        1.0018778460360296        1.0000000000000000        6.9400066739805622E-310
  0.90500858239699988       -5.4358033706924476E-006  -3.6468942799405824E-004   1.0000000000000000E-002   1.2000000000000000E-002   1.0018814647809957        0.0000000000000000        1.0018814647809957        1.0000000000000000        6.9400066739805622E-310
  0.91500777249884757       -4.9230355893436679E-006  -3.3027440791322249E-004   1.0000000000000000E-002   1.2000000000000000E-002   1.0018847636529056        0.0000000000000000        1.0018847636529056        1.0000000000000000        6.9400066739805622E-310
  0.92500693192786809       -4.3907806929305396E-006  -2.9455609722806031E-004   1.0000000000000000E-002   1.2000000000000000E-002   1.0018877296290276        0.0000000000000000        1.0018877296290276        1.0000000000000000        6.9400066739805622E-310
  0.93500606400128095       -3.8411443437869427E-006  -2.5767542189036874E-004   1.0000000000000000E-002   1.2000000000000000E-002   1.0018903510004389        0.0000000000000000        1.0018903510004389        1.0000000000000000        6.9400066739805622E-310
  0.94500517214424407       -3.2763006709832841E-006  -2.1977794887906299E-004   1.0000000000000000E-002   1.2000000000000000E-002   1.0018926174185541        0.0000000000000000        1.0018926174185541        1.0000000000000000        6.9400066739805622E-310
  0.95500425987633408       -2.6984847975871754E-006  -1.8101320014274336E-004   1.0000000000000000E-002   1.2000000000000000E-002   1.0018945199359741        0.0000000000000000        1.0018945199359741        1.0000000000000000        6.9400066739805622E-310
  0.96500333079766409       -2.1099844055104794E-006  -1.4153419786477883E-004   1.0000000000000000E-002   1.2000000000000000E-002   1.0018960510419723        0.0000000000000000        1.0018960510419723        1.0000000000000000        6.9400066739805622E-310
  0.97500238857467070       -1.5131285045924852E-006  -1.0149668337788853E-004   1.0000000000000000E-002   1.2000000000000000E-002   1.0018972046920747        0.0000000000000000        1.0018972046920747        1.0000000000000000        6.9400066739805622E-310
  0.98500143692565512       -9.1028042713470019E-007  -6.1058674085678888E-005   1.0000000000000000E-002   1.2000000000000000E-002   1.0018979763318399        0.0000000000000000        1.0018979763318399        1.0000000000000000        6.9400066739805622E-310
  0.99500047960610649       -3.0382807158602788E-007  -2.0379688134397611E-005   1.0000000000000000E-002   1.2000000000000000E-002   1.0018983629148392        0.0000000000000000        1.0018983629148392        1.0000000000000000        6.9400066739805622E-310
   1.0049995203938922        3.0383395152362807E-007   2.0408305453578635E-005   1.0000000000000000E-002   1.2000000000000000E-002   1.0018983629147729        0.0000000000000000        1.0018983629147729        1.0000000000000000        6.9400066739805622E-310
   1.0149985630743452        9.1029854759017509E-007   6.1144343298735748E-005   1.0000000000000000E-002   1.2000000000000000E-002   1.0018979763318083        0.0000000000000000        1.0018979763318083        1.0000000000000000        6.9400066739805622E-310
   1.0249976114253285        1.5131583044691833E-006   1.0163912057414848E-004   1.0000000000000000E-002   1.2000000000000000E-002   1.0018972046921082        0.0000000000000000        1.0018972046921082        1.0000000000000000        6.9400066739805622E-310
   1.0349966692023356        2.1100259993843248E-006   1.4173279933071825E-004   1.0000000000000000E-002   1.2000000000000000E-002   1.0018960510420347        0.0000000000000000        1.0018960510420347        1.0000000000000000        6.9400066739805622E-310
   1.0449957401236638        2.6985381348887558E-006   1.8126721036271221E-004   1.0000000000000000E-002   1.2000000000000000E-002   1.0018945199359608        0.0000000000000000        1.0018945199359608        1.0000000000000000        6.9400066739805622E-310
  -4.9995203938935084E-003  -3.0386240384999296E-007  -3.5767633061438002E+077   1.0000000000000000E-002   1.2000000000000000E-002   1.0018983629148392        0.0000000000000000        1.0018983629148392        1.0000000000000000        6.9400066739805622E-310
  -1.4998563074344884E-002  -9.1038324130680950E-007   0.0000000000000000        1.0000000000000000E-002   1.2000000000000000E-002   1.0018979763318399        0.0000000000000000        1.0018979763318399        1.0000000000000000        6.9400066739805622E-310
  -2.4997611425329302E-002  -1.5132994286322070E-006  -3.5767633061438002E+077   1.0000000000000000E-002   1.2000000000000000E-002   1.0018972046920747        0.0000000000000000        1.0018972046920747        1.0000000000000000        6.9400066739805622E-310
  -3.4996669202335906E-002  -2.1102227421036072E-006   6.9400068546417920E-310   1.0000000000000000E-002   1.2000000000000000E-002   1.0018960510419723        0.0000000000000000        1.0018960510419723        1.0000000000000000        6.9400066739805622E-310
  -4.4995740123665917E-002  -2.6987895725508418E-006   6.9400066883177543E-310   1.0000000000000000E-002   1.2000000000000000E-002   1.0018945199359741        0.0000000000000000        1.0018945199359741        1.0000000000000000        6.9400066739805622E-310
