 # x, v, a, m, h, rho, u, P, c, ke
   1.1519999999999906     
   5.0004535737300264E-003   1.0605991057624195E-006  -1.9272235857847875E-005   1.0000000000000000E-002   1.2000000000000000E-002   1.0017077946784085        0.0000000000000000        1.0017077946784085        1.0000000000000000        6.9400066739805622E-310
   1.5001358931230642E-002   3.1776093668738891E-006  -5.7740674016315552E-005   1.0000000000000000E-002   1.2000000000000000E-002   1.0017081601428266        0.0000000000000000        1.0017081601428266        1.0000000000000000        6.9400066739805622E-310
   2.5002258925914879E-002   5.2820720179848471E-006  -9.5981290652247253E-005   1.0000000000000000E-002   1.2000000000000000E-002   1.0017088896303441        0.0000000000000000        1.0017088896303441        1.0000000000000000        6.9400066739805622E-310
   3.5003150006088349E-002   7.3656771027440420E-006  -1.3384324831378080E-004   1.0000000000000000E-002   1.2000000000000000E-002   1.0017099802641893        0.0000000000000000        1.0017099802641893        1.0000000000000000        6.9400066739805622E-310
   4.5004028655228998E-002   9.4201974201486437E-006  -1.7117714291714492E-004   1.0000000000000000E-002   1.2000000000000000E-002   1.0017114277433783        0.0000000000000000        1.0017114277433783        1.0000000000000000        6.9400066739805622E-310
   5.5004891405866146E-002   1.1437520628464750E-005  -2.0783568713778067E-004   1.0000000000000000E-002   1.2000000000000000E-002   1.0017132263595401        0.0000000000000000        1.0017132263595401        1.0000000000000000        6.9400066739805622E-310
   6.5005734853260805E-002   1.3409681241477922E-005  -2.4367424508220381E-004   1.0000000000000000E-002   1.2000000000000000E-002   1.0017153690195142        0.0000000000000000        1.0017153690195142        1.0000000000000000        6.9400066739805622E-310
   7.5006555668840347E-002   1.5328892830763853E-005  -2.7855140173471682E-004   1.0000000000000000E-002   1.2000000000000000E-002   1.0017178472731281        0.0000000000000000        1.0017178472731281        1.0000000000000000        6.9400066739805622E-310
   8.5007350613334740E-002   1.7187578047680384E-005  -3.1232956649596133E-004   1.0000000000000000E-002   1.2000000000000000E-002   1.0017206513465882        0.0000000000000000        1.0017206513465882        1.0000000000000000        6.9400066739805622E-310
   9.5008116549555002E-002   1.8978398991367303E-005  -3.4487542571071117E-004   1.0000000000000000E-002   1.2000000000000000E-002   1.0017237701808361        0.0000000000000000        1.0017237701808361        1.0000000000000000        6.9400066739805622E-310
  0.10500885045477758        2.0694286216846256E-005  -3.7606058240946538E-004   1.0000000000000000E-002   1.2000000000000000E-002   1.0017271914750925        0.0000000000000000        1.0017271914750925        1.0000000000000000        6.9400066739805622E-310
  0.11500954943266846        2.2328466463129520E-005  -4.0576197393349389E-004   1.0000000000000000E-002   1.2000000000000000E-002   1.0017309017354186        0.0000000000000000        1.0017309017354186        1.0000000000000000        6.9400066739805622E-310
  0.12501021072471416        2.3874489407885707E-005  -4.3386239442622099E-004   1.0000000000000000E-002   1.2000000000000000E-002   1.0017348863277094        0.0000000000000000        1.0017348863277094        1.0000000000000000        6.9400066739805622E-310
  0.13501083172110720        2.5326253280964295E-005  -4.6025093343970980E-004   1.0000000000000000E-002   1.2000000000000000E-002   1.0017391295353113        0.0000000000000000        1.0017391295353113        1.0000000000000000        6.9400066739805622E-310
  0.14501140997104617        2.6678028993626365E-005  -4.8482341168831766E-004   1.0000000000000000E-002   1.2000000000000000E-002   1.0017436146207033        0.0000000000000000        1.0017436146207033        1.0000000000000000        6.9400066739805622E-310
  0.15501194319241340        2.7924482600959252E-005  -5.0748292788060922E-004   1.0000000000000000E-002   1.2000000000000000E-002   1.0017483238918845        0.0000000000000000        1.0017483238918845        1.0000000000000000        6.9400066739805622E-310
  0.16501242928077109        2.9060696370844801E-005  -5.2814000187684229E-004   1.0000000000000000E-002   1.2000000000000000E-002   1.0017532387720323        0.0000000000000000        1.0017532387720323        1.0000000000000000        6.9400066739805622E-310
  0.17501286631767343        3.0082188140622016E-005  -5.4671307165055083E-004   1.0000000000000000E-002   1.2000000000000000E-002   1.0017583398722130        0.0000000000000000        1.0017583398722130        1.0000000000000000        6.9400066739805622E-310
  0.18501325257823933        3.0984929141758399E-005  -5.6312880282849420E-004   1.0000000000000000E-002   1.2000000000000000E-002   1.0017636070679325        0.0000000000000000        1.0017636070679325        1.0000000000000000        6.9400066739805622E-310
  0.19501358653796311        3.1765359543808468E-005  -5.7732241241215121E-004   1.0000000000000000E-002   1.2000000000000000E-002   1.0017690195786537        0.0000000000000000        1.0017690195786537        1.0000000000000000        6.9400066739805622E-310
  0.20501386687872852        3.2420402826037105E-005  -5.8923783769948557E-004   1.0000000000000000E-002   1.2000000000000000E-002   1.0017745560496893        0.0000000000000000        1.0017745560496893        1.0000000000000000        6.9400066739805622E-310
  0.21501409249401512        3.2947477619252425E-005  -5.9882801581689904E-004   1.0000000000000000E-002   1.2000000000000000E-002   1.0017801946362472        0.0000000000000000        1.0017801946362472        1.0000000000000000        6.9400066739805622E-310
  0.22501426249326631        3.3344507893755764E-005  -6.0605504484634309E-004   1.0000000000000000E-002   1.2000000000000000E-002   1.0017859130895543        0.0000000000000000        1.0017859130895543        1.0000000000000000        6.9400066739805622E-310
  0.23501437620540891        3.3609931142041838E-005  -6.1089039068029649E-004   1.0000000000000000E-002   1.2000000000000000E-002   1.0017916888447471        0.0000000000000000        1.0017916888447471        1.0000000000000000        6.9400066739805622E-310
  0.24501443318149926        3.3742704406523294E-005  -6.1331488408544743E-004   1.0000000000000000E-002   1.2000000000000000E-002   1.0017974991097411        0.0000000000000000        1.0017974991097411        1.0000000000000000        6.9400066739805622E-310
  0.25501443319650352        3.3742308264916330E-005  -6.1331893110239122E-004   1.0000000000000000E-002   1.2000000000000000E-002   1.0018033209550954        0.0000000000000000        1.0018033209550954        1.0000000000000000        6.9400066739805622E-310
  0.26501437625018487        3.3608749000182379E-005  -6.1090246216366495E-004   1.0000000000000000E-002   1.2000000000000000E-002   1.0018091314046642        0.0000000000000000        1.0018091314046642        1.0000000000000000        6.9400066739805622E-310
  0.27501426256710854        3.3342558451259269E-005  -6.0607496687303808E-004   1.0000000000000000E-002   1.2000000000000000E-002   1.0018149075261371        0.0000000000000000        1.0018149075261371        1.0000000000000000        6.9400066739805622E-310
  0.28501409259575861        3.2944791484841360E-005  -5.9885546606164297E-004   1.0000000000000000E-002   1.2000000000000000E-002   1.0018206265217005        0.0000000000000000        1.0018206265217005        1.0000000000000000        6.9400066739805622E-310
  0.29501386700676779        3.2417022451458415E-005  -5.8927236439565434E-004   1.0000000000000000E-002   1.2000000000000000E-002   1.0018262658178090        0.0000000000000000        1.0018262658178090        1.0000000000000000        6.9400066739805622E-310
  0.30501358669028006        3.1761338253828995E-005  -5.7736350123693825E-004   1.0000000000000000E-002   1.2000000000000000E-002   1.0018318031545512        0.0000000000000000        1.0018318031545512        1.0000000000000000        6.9400066739805622E-310
  0.31501325275243125        3.0980330370142096E-005  -5.6317579294073994E-004   1.0000000000000000E-002   1.2000000000000000E-002   1.0018372166735678        0.0000000000000000        1.0018372166735678        1.0000000000000000        6.9400066739805622E-310
  0.32501286651099248        3.0077084275855493E-005  -5.4676520128715822E-004   1.0000000000000000E-002   1.2000000000000000E-002   1.0018424850041097        0.0000000000000000        1.0018424850041097        1.0000000000000000        6.9400066739805622E-310
  0.33501242949017002        2.9055168058549487E-005  -5.2819647221191701E-004   1.0000000000000000E-002   1.2000000000000000E-002   1.0018475873477668        0.0000000000000000        1.0018475873477668        1.0000000000000000        6.9400066739805622E-310
  0.34501194341459057        2.7918616921886300E-005  -5.0754285907750329E-004   1.0000000000000000E-002   1.2000000000000000E-002   1.0018525035605716        0.0000000000000000        1.0018525035605716        1.0000000000000000        6.9400066739805622E-310
  0.35501141020249782        2.6671918516074214E-005  -4.8488587452499843E-004   1.0000000000000000E-002   1.2000000000000000E-002   1.0018572142327047        0.0000000000000000        1.0018572142327047        1.0000000000000000        6.9400066739805622E-310
  0.36501083195817924        2.5319994332447362E-005  -4.6031486502773333E-004   1.0000000000000000E-002   1.2000000000000000E-002   1.0018617007649717        0.0000000000000000        1.0018617007649717        1.0000000000000000        6.9400066739805622E-310
  0.37501021096366949        2.3868180772403014E-005  -4.3392682510390301E-004   1.0000000000000000E-002   1.2000000000000000E-002   1.0018659454423660        0.0000000000000000        1.0018659454423660        1.0000000000000000        6.9400066739805622E-310
  0.38500954966974077        2.2322207509664163E-005  -4.0582592285076657E-004   1.0000000000000000E-002   1.2000000000000000E-002   1.0018699315045410        0.0000000000000000        1.0018699315045410        1.0000000000000000        6.9400066739805622E-310
  0.39500885068622732        2.0688175771187396E-005  -3.7612301559875050E-004   1.0000000000000000E-002   1.2000000000000000E-002   1.0018736432116804        0.0000000000000000        1.0018736432116804        1.0000000000000000        6.9400066739805622E-310
  0.40500811677173199        1.8972533392778040E-005  -3.4493536446333906E-004   1.0000000000000000E-002   1.2000000000000000E-002   1.0018770659067882        0.0000000000000000        1.0018770659067882        1.0000000000000000        6.9400066739805622E-310
  0.41500735082273355        1.7182049693550570E-005  -3.1238603654415442E-004   1.0000000000000000E-002   1.2000000000000000E-002   1.0018801860737290        0.0000000000000000        1.0018801860737290        1.0000000000000000        6.9400066739805622E-310
  0.42500655586216007        1.5323788863786769E-005  -2.7860354445063962E-004   1.0000000000000000E-002   1.2000000000000000E-002   1.0018829913907172        0.0000000000000000        1.0018829913907172        1.0000000000000000        6.9400066739805622E-310
  0.43500573502745238        1.3405082504403506E-005  -2.4372122290028386E-004   1.0000000000000000E-002   1.2000000000000000E-002   1.0018854707791638        0.0000000000000000        1.0018854707791638        1.0000000000000000        6.9400066739805622E-310
  0.44500489155818324        1.1433499340959032E-005  -2.0787677353162337E-004   1.0000000000000000E-002   1.2000000000000000E-002   1.0018876144473601        0.0000000000000000        1.0018876144473601        1.0000000000000000        6.9400066739805622E-310
  0.45500402878326929        9.4168171236174071E-006  -1.7121168806610854E-004   1.0000000000000000E-002   1.2000000000000000E-002   1.0018894139293100        0.0000000000000000        1.0018894139293100        1.0000000000000000        6.9400066739805622E-310
  0.46500315010783133        7.3629910234085094E-006  -1.3387068749182163E-004   1.0000000000000000E-002   1.2000000000000000E-002   1.0018908621180753        0.0000000000000000        1.0018908621180753        1.0000000000000000        6.9400066739805622E-310
  0.47500225899975707        5.2801225065152634E-006  -9.6001223252706325E-005   1.0000000000000000E-002   1.2000000000000000E-002   1.0018919532941746        0.0000000000000000        1.0018919532941746        1.0000000000000000        6.9400066739805622E-310
  0.48500135897600505        3.1764272008885255E-006  -5.7752721027704013E-005   1.0000000000000000E-002   1.2000000000000000E-002   1.0018926831479198        0.0000000000000000        1.0018926831479198        1.0000000000000000        6.9400066739805622E-310
  0.49500045358873412        1.0602029298863014E-006  -1.9276285665448256E-005   1.0000000000000000E-002   1.2000000000000000E-002   1.0018930487967981        0.0000000000000000        1.0018930487967981        1.0000000000000000        6.9400066739805622E-310
  0.50499954641126643       -1.0602029312451900E-006   1.9276266457701752E-005   1.0000000000000000E-002   1.2000000000000000E-002   1.0018930487968940        0.0000000000000000        1.0018930487968940        1.0000000000000000        6.9400066739805622E-310
  0.51499864102399306       -3.1764273318866681E-006   5.7752759929030617E-005   1.0000000000000000E-002   1.2000000000000000E-002   1.0018926831479142        0.0000000000000000        1.0018926831479142        1.0000000000000000        6.9400066739805622E-310
  0.52499774100024366       -5.2801224282930244E-006   9.6001201967510497E-005   1.0000000000000000E-002   1.2000000000000000E-002   1.0018919532940904        0.0000000000000000        1.0018919532940904        1.0000000000000000        6.9400066739805622E-310
  0.53499684989216878       -7.3629909790579125E-006   1.3387068605563712E-004   1.0000000000000000E-002   1.2000000000000000E-002   1.0018908621181037        0.0000000000000000        1.0018908621181037        1.0000000000000000        6.9400066739805622E-310
  0.54499597121673060       -9.4168172092545116E-006   1.7121169154865612E-004   1.0000000000000000E-002   1.2000000000000000E-002   1.0018894139293164        0.0000000000000000        1.0018894139293164        1.0000000000000000        6.9400066739805622E-310
  0.55499510844181688       -1.1433499245383179E-005   2.0787676465161553E-004   1.0000000000000000E-002   1.2000000000000000E-002   1.0018876144473985        0.0000000000000000        1.0018876144473985        1.0000000000000000        6.9400066739805622E-310
  0.56499426497254668       -1.3405082406775002E-005   2.4372123196769735E-004   1.0000000000000000E-002   1.2000000000000000E-002   1.0018854707791971        0.0000000000000000        1.0018854707791971        1.0000000000000000        6.9400066739805622E-310
  0.57499344413783937       -1.5323789053320589E-005   2.7860354128339537E-004   1.0000000000000000E-002   1.2000000000000000E-002   1.0018829913907279        0.0000000000000000        1.0018829913907279        1.0000000000000000        6.9400066739805622E-310
  0.58499264917726523       -1.7182049536446423E-005   3.1238605112893225E-004   1.0000000000000000E-002   1.2000000000000000E-002   1.0018801860736857        0.0000000000000000        1.0018801860736857        1.0000000000000000        6.9400066739805622E-310
  0.59499188322826846       -1.8972533458519587E-005   3.4493534289214978E-004   1.0000000000000000E-002   1.2000000000000000E-002   1.0018770659067757        0.0000000000000000        1.0018770659067757        1.0000000000000000        6.9400066739805622E-310
  0.60499114931377174       -2.0688175731307855E-005   3.7612302754919114E-004   1.0000000000000000E-002   1.2000000000000000E-002   1.0018736432117155        0.0000000000000000        1.0018736432117155        1.0000000000000000        6.9400066739805622E-310
  0.61499045033025879       -2.2322207495533570E-005   4.0582592136839679E-004   1.0000000000000000E-002   1.2000000000000000E-002   1.0018699315045199        0.0000000000000000        1.0018699315045199        1.0000000000000000        6.9400066739805622E-310
  0.62498978903633018       -2.3868180797384614E-005   4.3392682027310059E-004   1.0000000000000000E-002   1.2000000000000000E-002   1.0018659454423831        0.0000000000000000        1.0018659454423831        1.0000000000000000        6.9400066739805622E-310
  0.63498916804181982       -2.5319994214356455E-005   4.6031487996156528E-004   1.0000000000000000E-002   1.2000000000000000E-002   1.0018617007649402        0.0000000000000000        1.0018617007649402        1.0000000000000000        6.9400066739805622E-310
  0.64498858979750251       -2.6671918510232617E-005   4.8488586313411020E-004   1.0000000000000000E-002   1.2000000000000000E-002   1.0018572142326536        0.0000000000000000        1.0018572142326536        1.0000000000000000        6.9400066739805622E-310
  0.65498805658540971       -2.7918617045529177E-005   5.0754284810761163E-004   1.0000000000000000E-002   1.2000000000000000E-002   1.0018525035606254        0.0000000000000000        1.0018525035606254        1.0000000000000000        6.9400066739805622E-310
  0.66498757050982904       -2.9055168052566931E-005   5.2819648694679699E-004   1.0000000000000000E-002   1.2000000000000000E-002   1.0018475873478025        0.0000000000000000        1.0018475873478025        1.0000000000000000        6.9400066739805622E-310
  0.67498713348900696       -3.0077084257497894E-005   5.4676520682850338E-004   1.0000000000000000E-002   1.2000000000000000E-002   1.0018424850040542        0.0000000000000000        1.0018424850040542        1.0000000000000000        6.9400066739805622E-310
  0.68498674724756914       -3.0980330376354649E-005   5.6317577662312601E-004   1.0000000000000000E-002   1.2000000000000000E-002   1.0018372166735574        0.0000000000000000        1.0018372166735574        1.0000000000000000        6.9400066739805622E-310
  0.69498641330971966       -3.1761338285713782E-005   5.7736350230541689E-004   1.0000000000000000E-002   1.2000000000000000E-002   1.0018318031546172        0.0000000000000000        1.0018318031546172        1.0000000000000000        6.9400066739805622E-310
  0.70498613299323087       -3.2417022338675910E-005   5.8927239619865901E-004   1.0000000000000000E-002   1.2000000000000000E-002   1.0018262658177193        0.0000000000000000        1.0018262658177193        1.0000000000000000        6.9400066739805622E-310
  0.71498590740424317       -3.2944791626671186E-005   5.9885543260307372E-004   1.0000000000000000E-002   1.2000000000000000E-002   1.0018206265216201        0.0000000000000000        1.0018206265216201        1.0000000000000000        6.9400066739805622E-310
  0.72498573743289196       -3.3342558429524187E-005   6.0607496641829073E-004   1.0000000000000000E-002   1.2000000000000000E-002   1.0018149075262142        0.0000000000000000        1.0018149075262142        1.0000000000000000        6.9400066739805622E-310
  0.73498562374981502       -3.3608749042018556E-005   6.1090247066619696E-004   1.0000000000000000E-002   1.2000000000000000E-002   1.0018091314046966        0.0000000000000000        1.0018091314046966        1.0000000000000000        6.9400066739805622E-310
  0.74498556680349637       -3.3742308107443269E-005   6.1331893528926429E-004   1.0000000000000000E-002   1.2000000000000000E-002   1.0018033209550770        0.0000000000000000        1.0018033209550770        1.0000000000000000        6.9400066739805622E-310
  0.75498556681850104       -3.3742704409318930E-005   6.1331488328253414E-004   1.0000000000000000E-002   1.2000000000000000E-002   1.0017974991097078        0.0000000000000000        1.0017974991097078        1.0000000000000000        6.9400066739805622E-310
  0.76498562379459167       -3.3609931147981572E-005   6.1089038741446444E-004   1.0000000000000000E-002   1.2000000000000000E-002   1.0017916888447307        0.0000000000000000        1.0017916888447307        1.0000000000000000        6.9400066739805622E-310
  0.77498573750673438       -3.3344508010466428E-005   6.0605503454702614E-004   1.0000000000000000E-002   1.2000000000000000E-002   1.0017859130895952        0.0000000000000000        1.0017859130895952        1.0000000000000000        6.9400066739805622E-310
  0.78498590750598463       -3.2947477582646012E-005   5.9882802087063425E-004   1.0000000000000000E-002   1.2000000000000000E-002   1.0017801946363165        0.0000000000000000        1.0017801946363165        1.0000000000000000        6.9400066739805622E-310
  0.79498613312127053       -3.2420402934701031E-005   5.8923785966413789E-004   1.0000000000000000E-002   1.2000000000000000E-002   1.0017745560496323        0.0000000000000000        1.0017745560496323        1.0000000000000000        6.9400066739805622E-310
  0.80498641346203792       -3.1765359410595454E-005   5.7732239929020324E-004   1.0000000000000000E-002   1.2000000000000000E-002   1.0017690195785607        0.0000000000000000        1.0017690195785607        1.0000000000000000        6.9400066739805622E-310
  0.81498674742176169       -3.0984929154250502E-005   5.6312880320952274E-004   1.0000000000000000E-002   1.2000000000000000E-002   1.0017636070678977        0.0000000000000000        1.0017636070678977        1.0000000000000000        6.9400066739805622E-310
  0.82498713368232823       -3.0082188121679449E-005   5.4671306137343834E-004   1.0000000000000000E-002   1.2000000000000000E-002   1.0017583398722210        0.0000000000000000        1.0017583398722210        1.0000000000000000        6.9400066739805622E-310
  0.83498757071922980       -2.9060696363800953E-005   5.2814000112544335E-004   1.0000000000000000E-002   1.2000000000000000E-002   1.0017532387720884        0.0000000000000000        1.0017532387720884        1.0000000000000000        6.9400066739805622E-310
  0.84498805680758715       -2.7924482652414514E-005   5.0748292209235046E-004   1.0000000000000000E-002   1.2000000000000000E-002   1.0017483238919729        0.0000000000000000        1.0017483238919729        1.0000000000000000        6.9400066739805622E-310
  0.85498859002895278       -2.6678028952672661E-005   4.8482343749878254E-004   1.0000000000000000E-002   1.2000000000000000E-002   1.0017436146207024        0.0000000000000000        1.0017436146207024        1.0000000000000000        6.9400066739805622E-310
  0.86498916827889338       -2.5326253332760668E-005   4.6025092389356814E-004   1.0000000000000000E-002   1.2000000000000000E-002   1.0017391295352343        0.0000000000000000        1.0017391295352343        1.0000000000000000        6.9400066739805622E-310
  0.87498978927528659       -2.3874489306336062E-005   4.3386238660403365E-004   1.0000000000000000E-002   1.2000000000000000E-002   1.0017348863277173        0.0000000000000000        1.0017348863277173        1.0000000000000000        6.9400066739805622E-310
  0.88499045056733183       -2.2328466511343675E-005   4.0576197506414502E-004   1.0000000000000000E-002   1.2000000000000000E-002   1.0017309017354477        0.0000000000000000        1.0017309017354477        1.0000000000000000        6.9400066739805622E-310
  0.89499114954522263       -2.0694286276652275E-005   3.7606057682637584E-004   1.0000000000000000E-002   1.2000000000000000E-002   1.0017271914751462        0.0000000000000000        1.0017271914751462        1.0000000000000000        6.9400066739805622E-310
  0.90499188345044412       -1.8978399019748941E-005   3.4487543921368768E-004   1.0000000000000000E-002   1.2000000000000000E-002   1.0017237701808532        0.0000000000000000        1.0017237701808532        1.0000000000000000        6.9400066739805622E-310
  0.91499264938666514       -1.7187577995692154E-005   3.1232956168736337E-004   1.0000000000000000E-002   1.2000000000000000E-002   1.0017206513465675        0.0000000000000000        1.0017206513465675        1.0000000000000000        6.9400066739805622E-310
  0.92499344433115926       -1.5328892861245116E-005   2.7855140343646667E-004   1.0000000000000000E-002   1.2000000000000000E-002   1.0017178472731176        0.0000000000000000        1.0017178472731176        1.0000000000000000        6.9400066739805622E-310
  0.93499426514673933       -1.3409681118136486E-005   2.4367423579274572E-004   1.0000000000000000E-002   1.2000000000000000E-002   1.0017153690195419        0.0000000000000000        1.0017153690195419        1.0000000000000000        6.9400066739805622E-310
  0.94499510859413272       -1.1437520598022850E-005   2.0783571149340929E-004   1.0000000000000000E-002   1.2000000000000000E-002   1.0017132263594974        0.0000000000000000        1.0017132263594974        1.0000000000000000        6.9400066739805622E-310
  0.95499597134477210       -9.4201975259146476E-006   1.7117711807212999E-004   1.0000000000000000E-002   1.2000000000000000E-002   1.0017114277433339        0.0000000000000000        1.0017114277433339        1.0000000000000000        6.9400066739805622E-310
  0.96499684999391155       -7.3656771559154163E-006   1.3384325624432591E-004   1.0000000000000000E-002   1.2000000000000000E-002   1.0017099802642331        0.0000000000000000        1.0017099802642331        1.0000000000000000        6.9400066739805622E-310
  0.97499774107408499       -5.2820719641196859E-006   9.5981301615921666E-005   1.0000000000000000E-002   1.2000000000000000E-002   1.0017088896302893        0.0000000000000000        1.0017088896302893        1.0000000000000000        6.9400066739805622E-310
  0.98499864106877066       -3.1776094054532219E-006   5.7740647606330242E-005   1.0000000000000000E-002   1.2000000000000000E-002   1.0017081601428466        0.0000000000000000        1.0017081601428466        1.0000000000000000        6.9400066739805622E-310
  0.99499954642626942       -1.0605990983006581E-006   1.9272250977309113E-005   1.0000000000000000E-002   1.2000000000000000E-002   1.0017077946784843        0.0000000000000000        1.0017077946784843        1.0000000000000000        6.9400066739805622E-310
   1.0050004535737300        1.0605934787691482E-006  -1.9161662981659333E-005   1.0000000000000000E-002   1.2000000000000000E-002   1.0017077946784085        0.0000000000000000        1.0017077946784085        1.0000000000000000        6.9400066739805622E-310
   1.0150013589312306        3.1775925104280498E-006  -5.7409386624129866E-005   1.0000000000000000E-002   1.2000000000000000E-002   1.0017081601428266        0.0000000000000000        1.0017081601428266        1.0000000000000000        6.9400066739805622E-310
   1.0250022589259149        5.2820440008080025E-006  -9.5430600893564588E-005   1.0000000000000000E-002   1.2000000000000000E-002   1.0017088896303441        0.0000000000000000        1.0017088896303441        1.0000000000000000        6.9400066739805622E-310
   1.0350031500060883        7.3656380311777929E-006  -1.3307533831863338E-004   1.0000000000000000E-002   1.2000000000000000E-002   1.0017099802641893        0.0000000000000000        1.0017099802641893        1.0000000000000000        6.9400066739805622E-310
   1.0450040286552289        9.4201474498828526E-006  -1.7019504540805031E-004   1.0000000000000000E-002   1.2000000000000000E-002   1.0017114277433783        0.0000000000000000        1.0017114277433783        1.0000000000000000        6.9400066739805622E-310
  -5.0004535737305789E-003  -1.0607317857243731E-006  -3.5767633061438002E+077   1.0000000000000000E-002   1.2000000000000000E-002   1.0017077946784843        0.0000000000000000        1.0017077946784843        1.0000000000000000        6.9400066739805622E-310
  -1.5001358931229336E-002  -3.1780069498058591E-006   0.0000000000000000        1.0000000000000000E-002   1.2000000000000000E-002   1.0017081601428466        0.0000000000000000        1.0017081601428466        1.0000000000000000        6.9400066739805622E-310
  -2.5002258925915011E-002  -5.2827327892433743E-006  -3.5767633061438002E+077   1.0000000000000000E-002   1.2000000000000000E-002   1.0017088896302893        0.0000000000000000        1.0017088896302893        1.0000000000000000        6.9400066739805622E-310
  -3.5003150006088446E-002  -7.3665986510985093E-006   6.9400068546417920E-310   1.0000000000000000E-002   1.2000000000000000E-002   1.0017099802642331        0.0000000000000000        1.0017099802642331        1.0000000000000000        6.9400066739805622E-310
  -4.5004028655227901E-002  -9.4213760439231631E-006   6.9400066883177543E-310   1.0000000000000000E-002   1.2000000000000000E-002   1.0017114277433339        0.0000000000000000        1.0017114277433339        1.0000000000000000        6.9400066739805622E-310
