 # x, v, a, m, h, rho, u, P, c, ke
   2.7504000000000319     
   4.9996165734937561E-003   1.9022509630077115E-006   1.6287801309466943E-005   1.0000000000000000E-002   1.2000000000000000E-002   1.0018787183390909        0.0000000000000000        1.0018787183390909        1.0000000000000000        6.9400066739805622E-310
   1.4998851233144112E-002   5.6992436220951426E-006   4.8799213699268762E-005   1.0000000000000000E-002   1.2000000000000000E-002   1.0018784093845037        0.0000000000000000        1.0018784093845037        1.0000000000000000        6.9400066739805622E-310
   2.4998090424825672E-002   9.4737389898014765E-006   8.1118328586704536E-005   1.0000000000000000E-002   1.2000000000000000E-002   1.0018777926932600        0.0000000000000000        1.0018777926932600        1.0000000000000000        6.9400066739805622E-310
   3.4997337150049844E-002   1.3210837611443713E-005   1.1311768017829849E-004   1.0000000000000000E-002   1.2000000000000000E-002   1.0018768706969412        0.0000000000000000        1.0018768706969412        1.0000000000000000        6.9400066739805622E-310
   4.4996594380631562E-002   1.6895787690689164E-005   1.4467123723171937E-004   1.0000000000000000E-002   1.2000000000000000E-002   1.0018756470308268        0.0000000000000000        1.0018756470308268        1.0000000000000000        6.9400066739805622E-310
   5.4995865046991062E-002   2.0514043443218746E-005   1.7565454100587630E-004   1.0000000000000000E-002   1.2000000000000000E-002   1.0018741265196143        0.0000000000000000        1.0018741265196143        1.0000000000000000        6.9400066739805622E-310
   6.4995152026591799E-002   2.4051322281374362E-005   2.0594549083163827E-004   1.0000000000000000E-002   1.2000000000000000E-002   1.0018723151587778        0.0000000000000000        1.0018723151587778        1.0000000000000000        6.9400066739805622E-310
   7.4994458132603359E-002   2.7493662647341549E-005   2.3542471182746993E-004   1.0000000000000000E-002   1.2000000000000000E-002   1.0018702200903185        0.0000000000000000        1.0018702200903185        1.0000000000000000        6.9400066739805622E-310
   8.4993786102817520E-002   3.0827475850587878E-005   2.6397588284599038E-004   1.0000000000000000E-002   1.2000000000000000E-002   1.0018678495753444        0.0000000000000000        1.0018678495753444        1.0000000000000000        6.9400066739805622E-310
   9.4993138588842105E-002   3.4039603632830316E-005   2.9148648136612110E-004   1.0000000000000000E-002   1.2000000000000000E-002   1.0018652129614394        0.0000000000000000        1.0018652129614394        1.0000000000000000        6.9400066739805622E-310
  0.10499251814565561        3.7117368009997032E-005   3.1784798219636201E-004   1.0000000000000000E-002   1.2000000000000000E-002   1.0018623206456241        0.0000000000000000        1.0018623206456241        1.0000000000000000        6.9400066739805622E-310
  0.11499192722152515        4.0048620982398261E-005   3.4295643413528865E-004   1.0000000000000000E-002   1.2000000000000000E-002   1.0018591840336155        0.0000000000000000        1.0018591840336155        1.0000000000000000        6.9400066739805622E-310
  0.12499136814835562        4.2821793634877186E-005   3.6671272871213745E-004   1.0000000000000000E-002   1.2000000000000000E-002   1.0018558154950223        0.0000000000000000        1.0018558154950223        1.0000000000000000        6.9400066739805622E-310
  0.13499084313248286        4.5425941414396375E-005   3.8902315020283851E-004   1.0000000000000000E-002   1.2000000000000000E-002   1.0018522283147278        0.0000000000000000        1.0018522283147278        1.0000000000000000        6.9400066739805622E-310
  0.14499035424597134        4.7850787368380013E-005   4.0979965292997633E-004   1.0000000000000000E-002   1.2000000000000000E-002   1.0018484366402718        0.0000000000000000        1.0018484366402718        1.0000000000000000        6.9400066739805622E-310
  0.15498990341843730        5.0086762099796581E-005   4.2896018175575534E-004   1.0000000000000000E-002   1.2000000000000000E-002   1.0018444554264800        0.0000000000000000        1.0018444554264800        1.0000000000000000        6.9400066739805622E-310
  0.16498949242942562        5.2125042213718950E-005   4.4642911004544317E-004   1.0000000000000000E-002   1.2000000000000000E-002   1.0018403003764023        0.0000000000000000        1.0018403003764023        1.0000000000000000        6.9400066739805622E-310
  0.17498912290138868        5.3957585260586338E-005   4.6213734582334354E-004   1.0000000000000000E-002   1.2000000000000000E-002   1.0018359878797014        0.0000000000000000        1.0018359878797014        1.0000000000000000        6.9400066739805622E-310
  0.18498879629326620        5.5577160749607209E-005   4.7602282810110808E-004   1.0000000000000000E-002   1.2000000000000000E-002   1.0018315349482432        0.0000000000000000        1.0018315349482432        1.0000000000000000        6.9400066739805622E-310
  0.19498851389472099        5.6977378852530815E-005   4.8803073092607008E-004   1.0000000000000000E-002   1.2000000000000000E-002   1.0018269591483011        0.0000000000000000        1.0018269591483011        1.0000000000000000        6.9400066739805622E-310
  0.20498827682104792        5.8152716252239066E-005   4.9811347488404323E-004   1.0000000000000000E-002   1.2000000000000000E-002   1.0018222785317834        0.0000000000000000        1.0018222785317834        1.0000000000000000        6.9400066739805622E-310
  0.21498808600875169        5.9098537082574238E-005   5.0623109751768425E-004   1.0000000000000000E-002   1.2000000000000000E-002   1.0018175115655901        0.0000000000000000        1.0018175115655901        1.0000000000000000        6.9400066739805622E-310
  0.22498794221183535        5.9811111626163893E-005   5.1235142688899060E-004   1.0000000000000000E-002   1.2000000000000000E-002   1.0018126770584628        0.0000000000000000        1.0018126770584628        1.0000000000000000        6.9400066739805622E-310
  0.23498784599880973        6.0287630709191905E-005   5.1645021424917559E-004   1.0000000000000000E-002   1.2000000000000000E-002   1.0018077940863934        0.0000000000000000        1.0018077940863934        1.0000000000000000        6.9400066739805622E-310
  0.24498779775044216        6.0526216891246739E-005   5.1851104401023917E-004   1.0000000000000000E-002   1.2000000000000000E-002   1.0018028819177753        0.0000000000000000        1.0018028819177753        1.0000000000000000        6.9400066739805622E-310
  0.25498779765822849        6.0525932431336170E-005   5.1852560869836140E-004   1.0000000000000000E-002   1.2000000000000000E-002   1.0017979599377576        0.0000000000000000        1.0017979599377576        1.0000000000000000        6.9400066739805622E-310
  0.26498784572361928        6.0286781128135717E-005   5.1649376755058540E-004   1.0000000000000000E-002   1.2000000000000000E-002   1.0017930475709562        0.0000000000000000        1.0017930475709562        1.0000000000000000        6.9400066739805622E-310
  0.27498794175800872        5.9809710718196985E-005   5.1242326684874939E-004   1.0000000000000000E-002   1.2000000000000000E-002   1.0017881642052853        0.0000000000000000        1.0017881642052853        1.0000000000000000        6.9400066739805622E-310
  0.28498808538344839        5.9096606773235130E-005   5.0633003942035515E-004   1.0000000000000000E-002   1.2000000000000000E-002   1.0017833291156844        0.0000000000000000        1.0017833291156844        1.0000000000000000        6.9400066739805622E-310
  0.29498827603412747        5.8150286995631020E-005   4.9823799870640784E-004   1.0000000000000000E-002   1.2000000000000000E-002   1.0017785613873476        0.0000000000000000        1.0017785613873476        1.0000000000000000        6.9400066739805622E-310
  0.30498851295859364        5.6974489052788596E-005   4.8817886320851045E-004   1.0000000000000000E-002   1.2000000000000000E-002   1.0017738798409253        0.0000000000000000        1.0017738798409253        1.0000000000000000        6.9400066739805622E-310
  0.31498879522269302        5.5573855866058476E-005   4.7619229227180426E-004   1.0000000000000000E-002   1.2000000000000000E-002   1.0017693029577450        0.0000000000000000        1.0017693029577450        1.0000000000000000        6.9400066739805622E-310
  0.32498912171325872        5.3953917418138463E-005   4.6232535495338567E-004   1.0000000000000000E-002   1.2000000000000000E-002   1.0017648488070385        0.0000000000000000        1.0017648488070385        1.0000000000000000        6.9400066739805622E-310
  0.33498949114247423        5.2121069300740146E-005   4.4663275569423178E-004   1.0000000000000000E-002   1.2000000000000000E-002   1.0017605349745946        0.0000000000000000        1.0017605349745946        1.0000000000000000        6.9400066739805622E-310
  0.34498990205295887        5.0082546803102843E-005   4.2917628051419854E-004   1.0000000000000000E-002   1.2000000000000000E-002   1.0017563784929213        0.0000000000000000        1.0017563784929213        1.0000000000000000        6.9400066739805622E-310
  0.35499035282350178        4.7846396403818369E-005   4.1002475053097953E-004   1.0000000000000000E-002   1.2000000000000000E-002   1.0017523957743750        0.0000000000000000        1.0017523957743750        1.0000000000000000        6.9400066739805622E-310
  0.36499084167545381        4.5421443554856694E-005   3.8925373591958135E-004   1.0000000000000000E-002   1.2000000000000000E-002   1.0017486025457643        0.0000000000000000        1.0017486025457643        1.0000000000000000        6.9400066739805622E-310
  0.37499136667974625        4.2817260000145877E-005   3.6694514824553437E-004   1.0000000000000000E-002   1.2000000000000000E-002   1.0017450137863051        0.0000000000000000        1.0017450137863051        1.0000000000000000        6.9400066739805622E-310
  0.38499192576449759        4.0044123083008742E-005   3.4318698740953835E-004   1.0000000000000000E-002   1.2000000000000000E-002   1.0017416436687001        0.0000000000000000        1.0017416436687001        1.0000000000000000        6.9400066739805622E-310
  0.39499251672318531        3.7112976635708828E-005   3.1807309300280195E-004   1.0000000000000000E-002   1.2000000000000000E-002   1.0017385055026164        0.0000000000000000        1.0017385055026164        1.0000000000000000        6.9400066739805622E-310
  0.40499313722336266        3.4035388542485121E-005   2.9170259560906686E-004   1.0000000000000000E-002   1.2000000000000000E-002   1.0017356116819172        0.0000000000000000        1.0017356116819172        1.0000000000000000        6.9400066739805622E-310
  0.41499378481586580        3.0823503071946127E-005   2.6417954415514089E-004   1.0000000000000000E-002   1.2000000000000000E-002   1.0017329736362832        0.0000000000000000        1.0017329736362832        1.0000000000000000        6.9400066739805622E-310
  0.42499445694447557        2.7489994634931442E-005   2.3561270651573096E-004   1.0000000000000000E-002   1.2000000000000000E-002   1.0017306017855576        0.0000000000000000        1.0017306017855576        1.0000000000000000        6.9400066739805622E-310
  0.43499515095602176        2.4048017579268618E-005   2.0611493311228912E-004   1.0000000000000000E-002   1.2000000000000000E-002   1.0017285054980158        0.0000000000000000        1.0017285054980158        1.0000000000000000        6.9400066739805622E-310
  0.44499586411086572        2.0511153685422458E-005   1.7580266763950192E-004   1.0000000000000000E-002   1.2000000000000000E-002   1.0017266930540585        0.0000000000000000        1.0017266930540585        1.0000000000000000        6.9400066739805622E-310
  0.45499659359371175        1.6893358469804929E-005   1.4479576912940217E-004   1.0000000000000000E-002   1.2000000000000000E-002   1.0017251716129416        0.0000000000000000        1.0017251716129416        1.0000000000000000        6.9400066739805622E-310
  0.46499733652474590        1.3208907137452923E-005   1.1321665093877442E-004   1.0000000000000000E-002   1.2000000000000000E-002   1.0017239471845134        0.0000000000000000        1.0017239471845134        1.0000000000000000        6.9400066739805622E-310
  0.47499808997100107        9.4723382733455600E-006   8.1190128040198317E-005   1.0000000000000000E-002   1.2000000000000000E-002   1.0017230246057718        0.0000000000000000        1.0017230246057718        1.0000000000000000        6.9400066739805622E-310
  0.48499885095795320        5.6983939973448666E-006   4.8842776913637920E-005   1.0000000000000000E-002   1.2000000000000000E-002   1.0017224075210753        0.0000000000000000        1.0017224075210753        1.0000000000000000        6.9400066739805622E-310
  0.49499961648127860        1.9019660938980693E-006   1.6302389260758332E-005   1.0000000000000000E-002   1.2000000000000000E-002   1.0017220983681401        0.0000000000000000        1.0017220983681401        1.0000000000000000        6.9400066739805622E-310
  0.50500038351872112       -1.9019661588551501E-006  -1.6302381429689206E-005   1.0000000000000000E-002   1.2000000000000000E-002   1.0017220983681014        0.0000000000000000        1.0017220983681014        1.0000000000000000        6.9400066739805622E-310
  0.51500114904204752       -5.6983941952527146E-006  -4.8842794621251073E-005   1.0000000000000000E-002   1.2000000000000000E-002   1.0017224075210855        0.0000000000000000        1.0017224075210855        1.0000000000000000        6.9400066739805622E-310
  0.52500191002899843       -9.4723379662290993E-006  -8.1190120495122642E-005   1.0000000000000000E-002   1.2000000000000000E-002   1.0017230246058244        0.0000000000000000        1.0017230246058244        1.0000000000000000        6.9400066739805622E-310
  0.53500266347525360       -1.3208907235517412E-005  -1.1321664152230682E-004   1.0000000000000000E-002   1.2000000000000000E-002   1.0017239471844934        0.0000000000000000        1.0017239471844934        1.0000000000000000        6.9400066739805622E-310
  0.54500340640628808       -1.6893358479709519E-005  -1.4479575756976004E-004   1.0000000000000000E-002   1.2000000000000000E-002   1.0017251716128228        0.0000000000000000        1.0017251716128228        1.0000000000000000        6.9400066739805622E-310
  0.55500413588913644       -2.0511153457130328E-005  -1.7580269858985531E-004   1.0000000000000000E-002   1.2000000000000000E-002   1.0017266930540314        0.0000000000000000        1.0017266930540314        1.0000000000000000        6.9400066739805622E-310
  0.56500484904397852       -2.4048017712682043E-005  -2.0611491364519452E-004   1.0000000000000000E-002   1.2000000000000000E-002   1.0017285054980443        0.0000000000000000        1.0017285054980443        1.0000000000000000        6.9400066739805622E-310
  0.57500554305552587       -2.7489994896649633E-005  -2.3561272410965728E-004   1.0000000000000000E-002   1.2000000000000000E-002   1.0017306017855629        0.0000000000000000        1.0017306017855629        1.0000000000000000        6.9400066739805622E-310
  0.58500621518413476       -3.0823502883875844E-005  -2.6417955888557998E-004   1.0000000000000000E-002   1.2000000000000000E-002   1.0017329736364513        0.0000000000000000        1.0017329736364513        1.0000000000000000        6.9400066739805622E-310
  0.59500686277663495       -3.4035388476010192E-005  -2.9170255433452752E-004   1.0000000000000000E-002   1.2000000000000000E-002   1.0017356116819551        0.0000000000000000        1.0017356116819551        1.0000000000000000        6.9400066739805622E-310
  0.60500748327681453       -3.7112976589603693E-005  -3.1807310655640464E-004   1.0000000000000000E-002   1.2000000000000000E-002   1.0017385055025281        0.0000000000000000        1.0017385055025281        1.0000000000000000        6.9400066739805622E-310
  0.61500807423550208       -4.0044123085612623E-005  -3.4318698311253115E-004   1.0000000000000000E-002   1.2000000000000000E-002   1.0017416436686644        0.0000000000000000        1.0017416436686644        1.0000000000000000        6.9400066739805622E-310
  0.62500863332025403       -4.2817260212395204E-005  -3.6694514083013274E-004   1.0000000000000000E-002   1.2000000000000000E-002   1.0017450137862043        0.0000000000000000        1.0017450137862043        1.0000000000000000        6.9400066739805622E-310
  0.63500915832454807       -4.5421443509446783E-005  -3.8925375568421572E-004   1.0000000000000000E-002   1.2000000000000000E-002   1.0017486025457285        0.0000000000000000        1.0017486025457285        1.0000000000000000        6.9400066739805622E-310
  0.64500964717649922       -4.7846396149953440E-005  -4.1002475148577133E-004   1.0000000000000000E-002   1.2000000000000000E-002   1.0017523957744254        0.0000000000000000        1.0017523957744254        1.0000000000000000        6.9400066739805622E-310
  0.65501009794704201       -5.0082546850166894E-005  -4.2917629102579014E-004   1.0000000000000000E-002   1.2000000000000000E-002   1.0017563784930310        0.0000000000000000        1.0017563784930310        1.0000000000000000        6.9400066739805622E-310
  0.66501050885752433       -5.2121069551778573E-005  -4.4663272412481803E-004   1.0000000000000000E-002   1.2000000000000000E-002   1.0017605349746026        0.0000000000000000        1.0017605349746026        1.0000000000000000        6.9400066739805622E-310
  0.67501087828674222       -5.3953917472766694E-005  -4.6232538509283216E-004   1.0000000000000000E-002   1.2000000000000000E-002   1.0017648488070472        0.0000000000000000        1.0017648488070472        1.0000000000000000        6.9400066739805622E-310
  0.68501120477730537       -5.5573855831545306E-005  -4.7619226494699518E-004   1.0000000000000000E-002   1.2000000000000000E-002   1.0017693029577639        0.0000000000000000        1.0017693029577639        1.0000000000000000        6.9400066739805622E-310
  0.69501148704140692       -5.6974488944935626E-005  -4.8817889137797721E-004   1.0000000000000000E-002   1.2000000000000000E-002   1.0017738798409426        0.0000000000000000        1.0017738798409426        1.0000000000000000        6.9400066739805622E-310
  0.70501172396587064       -5.8150287055451617E-005  -4.9823797336845388E-004   1.0000000000000000E-002   1.2000000000000000E-002   1.0017785613873846        0.0000000000000000        1.0017785613873846        1.0000000000000000        6.9400066739805622E-310
  0.71501191461655123       -5.9096606820065738E-005  -5.0633004679756510E-004   1.0000000000000000E-002   1.2000000000000000E-002   1.0017833291156297        0.0000000000000000        1.0017833291156297        1.0000000000000000        6.9400066739805622E-310
  0.72501205824199066       -5.9809710457652550E-005  -5.1242325793232624E-004   1.0000000000000000E-002   1.2000000000000000E-002   1.0017881642052380        0.0000000000000000        1.0017881642052380        1.0000000000000000        6.9400066739805622E-310
  0.73501215427638111       -6.0286781263642035E-005  -5.1649376902762612E-004   1.0000000000000000E-002   1.2000000000000000E-002   1.0017930475708614        0.0000000000000000        1.0017930475708614        1.0000000000000000        6.9400066739805622E-310
  0.74501220234177312       -6.0525932313386771E-005  -5.1852563629317672E-004   1.0000000000000000E-002   1.2000000000000000E-002   1.0017979599378024        0.0000000000000000        1.0017979599378024        1.0000000000000000        6.9400066739805622E-310
  0.75501220224955712       -6.0526217173601323E-005  -5.1851102045930020E-004   1.0000000000000000E-002   1.2000000000000000E-002   1.0018028819178366        0.0000000000000000        1.0018028819178366        1.0000000000000000        6.9400066739805622E-310
  0.76501215400119049       -6.0287630547953207E-005  -5.1645021899737742E-004   1.0000000000000000E-002   1.2000000000000000E-002   1.0018077940863654        0.0000000000000000        1.0018077940863654        1.0000000000000000        6.9400066739805622E-310
  0.77501205778816473       -5.9811111602089997E-005  -5.1235142951711055E-004   1.0000000000000000E-002   1.2000000000000000E-002   1.0018126770584754        0.0000000000000000        1.0018126770584754        1.0000000000000000        6.9400066739805622E-310
  0.78501191399124814       -5.9098537015908795E-005  -5.0623109036695979E-004   1.0000000000000000E-002   1.2000000000000000E-002   1.0018175115655761        0.0000000000000000        1.0018175115655761        1.0000000000000000        6.9400066739805622E-310
  0.79501172317895241       -5.8152716421290966E-005  -4.9811346999817374E-004   1.0000000000000000E-002   1.2000000000000000E-002   1.0018222785317219        0.0000000000000000        1.0018222785317219        1.0000000000000000        6.9400066739805622E-310
  0.80501148610528006       -5.6977378720843193E-005  -4.8803073143854903E-004   1.0000000000000000E-002   1.2000000000000000E-002   1.0018269591482163        0.0000000000000000        1.0018269591482163        1.0000000000000000        6.9400066739805622E-310
  0.81501120370673608       -5.5577160755844170E-005  -4.7602285932946131E-004   1.0000000000000000E-002   1.2000000000000000E-002   1.0018315349483000        0.0000000000000000        1.0018315349483000        1.0000000000000000        6.9400066739805622E-310
  0.82501087709861121       -5.3957585210592210E-005  -4.6213733752153985E-004   1.0000000000000000E-002   1.2000000000000000E-002   1.0018359878798635        0.0000000000000000        1.0018359878798635        1.0000000000000000        6.9400066739805622E-310
  0.83501050757057305       -5.2125042351624757E-005  -4.4642908617920085E-004   1.0000000000000000E-002   1.2000000000000000E-002   1.0018403003764176        0.0000000000000000        1.0018403003764176        1.0000000000000000        6.9400066739805622E-310
  0.84501009658156234       -5.0086762073247248E-005  -4.2896017637072958E-004   1.0000000000000000E-002   1.2000000000000000E-002   1.0018444554263681        0.0000000000000000        1.0018444554263681        1.0000000000000000        6.9400066739805622E-310
  0.85500964575402982       -4.7850787207682881E-005  -4.0979967126109074E-004   1.0000000000000000E-002   1.2000000000000000E-002   1.0018484366402152        0.0000000000000000        1.0018484366402152        1.0000000000000000        6.9400066739805622E-310
  0.86500915686751800       -4.5425941655128790E-005  -3.8902315860767089E-004   1.0000000000000000E-002   1.2000000000000000E-002   1.0018522283147919        0.0000000000000000        1.0018522283147919        1.0000000000000000        6.9400066739805622E-310
  0.87500863185164401       -4.2821793671454000E-005  -3.6671271389021598E-004   1.0000000000000000E-002   1.2000000000000000E-002   1.0018558154950550        0.0000000000000000        1.0018558154950550        1.0000000000000000        6.9400066739805622E-310
  0.88500807277847504       -4.0048620976332773E-005  -3.4295643564608014E-004   1.0000000000000000E-002   1.2000000000000000E-002   1.0018591840335911        0.0000000000000000        1.0018591840335911        1.0000000000000000        6.9400066739805622E-310
  0.89500748185434464       -3.7117367954980786E-005  -3.1784798402600956E-004   1.0000000000000000E-002   1.2000000000000000E-002   1.0018623206456159        0.0000000000000000        1.0018623206456159        1.0000000000000000        6.9400066739805622E-310
  0.90500686141115827       -3.4039603660290941E-005  -2.9148648811538891E-004   1.0000000000000000E-002   1.2000000000000000E-002   1.0018652129614658        0.0000000000000000        1.0018652129614658        1.0000000000000000        6.9400066739805622E-310
  0.91500621389718217       -3.0827475860863424E-005  -2.6397587746096463E-004   1.0000000000000000E-002   1.2000000000000000E-002   1.0018678495753817        0.0000000000000000        1.0018678495753817        1.0000000000000000        6.9400066739805622E-310
  0.92500554186739614       -2.7493662315074173E-005  -2.3542470538373550E-004   1.0000000000000000E-002   1.2000000000000000E-002   1.0018702200902951        0.0000000000000000        1.0018702200902951        1.0000000000000000        6.9400066739805622E-310
  0.93500484797340855       -2.4051322428420427E-005  -2.0594550295172098E-004   1.0000000000000000E-002   1.2000000000000000E-002   1.0018723151587887        0.0000000000000000        1.0018723151587887        1.0000000000000000        6.9400066739805622E-310
  0.94500413495300806       -2.0514043664581747E-005  -1.7565451832712853E-004   1.0000000000000000E-002   1.2000000000000000E-002   1.0018741265195723        0.0000000000000000        1.0018741265195723        1.0000000000000000        6.9400066739805622E-310
  0.95500340561936969       -1.6895787583482081E-005  -1.4467126095230043E-004   1.0000000000000000E-002   1.2000000000000000E-002   1.0018756470307832        0.0000000000000000        1.0018756470307832        1.0000000000000000        6.9400066739805622E-310
  0.96500266284995029       -1.3210837595288213E-005  -1.1311766997756934E-004   1.0000000000000000E-002   1.2000000000000000E-002   1.0018768706969730        0.0000000000000000        1.0018768706969730        1.0000000000000000        6.9400066739805622E-310
  0.97500190957517452       -9.4737390469738626E-006  -8.1118309052996551E-005   1.0000000000000000E-002   1.2000000000000000E-002   1.0018777926931433        0.0000000000000000        1.0018777926931433        1.0000000000000000        6.9400066739805622E-310
  0.98500114876685874       -5.6992436240648322E-006  -4.8799249789510668E-005   1.0000000000000000E-002   1.2000000000000000E-002   1.0018784093844668        0.0000000000000000        1.0018784093844668        1.0000000000000000        6.9400066739805622E-310
  0.99500038342650721       -1.9022508426762401E-006  -1.6287787037327917E-005   1.0000000000000000E-002   1.2000000000000000E-002   1.0018787183391613        0.0000000000000000        1.0018787183391613        1.0000000000000000        6.9400066739805622E-310
   1.0049996165734938        1.9022557961218869E-006   1.6479869620056320E-005   1.0000000000000000E-002   1.2000000000000000E-002   1.0018787183390909        0.0000000000000000        1.0018787183390909        1.0000000000000000        6.9400066739805622E-310
   1.0149988512331440        5.6992581037771298E-006   4.9374651345246434E-005   1.0000000000000000E-002   1.2000000000000000E-002   1.0018784093845037        0.0000000000000000        1.0018784093845037        1.0000000000000000        6.9400066739805622E-310
   1.0249980904248257        9.4737630680608620E-006   8.2074862273628924E-005   1.0000000000000000E-002   1.2000000000000000E-002   1.0018777926932600        0.0000000000000000        1.0018777926932600        1.0000000000000000        6.9400066739805622E-310
   1.0349973371500498        1.3210871183410253E-005   1.1445153570210920E-004   1.0000000000000000E-002   1.2000000000000000E-002   1.0018768706969412        0.0000000000000000        1.0018768706969412        1.0000000000000000        6.9400066739805622E-310
   1.0449965943806316        1.6895830633133429E-005   1.4637714261045431E-004   1.0000000000000000E-002   1.2000000000000000E-002   1.0018756470308268        0.0000000000000000        1.0018756470308268        1.0000000000000000        6.9400066739805622E-310
  -4.9996165734927933E-003  -1.9024813220174525E-006  -3.5767633061438002E+077   1.0000000000000000E-002   1.2000000000000000E-002   1.0018787183391613        0.0000000000000000        1.0018787183391613        1.0000000000000000        6.9400066739805622E-310
  -1.4998851233141264E-002  -5.6999341499572984E-006   0.0000000000000000        1.0000000000000000E-002   1.2000000000000000E-002   1.0018784093844668        0.0000000000000000        1.0018784093844668        1.0000000000000000        6.9400066739805622E-310
  -2.4998090424825481E-002  -9.4748868920749641E-006  -3.5767633061438002E+077   1.0000000000000000E-002   1.2000000000000000E-002   1.0018777926931433        0.0000000000000000        1.0018777926931433        1.0000000000000000        6.9400066739805622E-310
  -3.4997337150049712E-002  -1.3212438223158460E-005   6.9400068546417920E-310   1.0000000000000000E-002   1.2000000000000000E-002   1.0018768706969730        0.0000000000000000        1.0018768706969730        1.0000000000000000        6.9400066739805622E-310
  -4.4996594380630306E-002  -1.6897834657179835E-005   6.9400066883177543E-310   1.0000000000000000E-002   1.2000000000000000E-002   1.0018756470307832        0.0000000000000000        1.0018756470307832        1.0000000000000000        6.9400066739805622E-310
