 # x, v, a, m, h, rho, u, P, c, ke
   1.4519999999999853     
   4.9999804983859751E-003  -3.1388077892397363E-006   8.2894359110241567E-007   1.0000000000000000E-002   1.2000000000000000E-002   1.0018043940148103        0.0000000000000000        1.0018043940148103        1.0000000000000000        6.9400066739805622E-310
   1.4999941572145929E-002  -9.4040323709777280E-006   2.4835155976177248E-006   1.0000000000000000E-002   1.2000000000000000E-002   1.0018043782931312        0.0000000000000000        1.0018043782931312        1.0000000000000000        6.9400066739805622E-310
   2.4999902876559354E-002  -1.5632132916968195E-005   4.1282706408907188E-006   1.0000000000000000E-002   1.2000000000000000E-002   1.0018043469121130        0.0000000000000000        1.0018043469121130        1.0000000000000000        6.9400066739805622E-310
   3.4999864564381027E-002  -2.1798522576877892E-005   5.7567442217631992E-006   1.0000000000000000E-002   1.2000000000000000E-002   1.0018042999956109        0.0000000000000000        1.0018042999956109        1.0000000000000000        6.9400066739805622E-310
   4.4999826786853783E-002  -2.7878859139600374E-005   7.3624687946249878E-006   1.0000000000000000E-002   1.2000000000000000E-002   1.0018042377288898        0.0000000000000000        1.0018042377288898        1.0000000000000000        6.9400066739805622E-310
   5.4999789693107502E-002  -3.3849139863130653E-005   8.9390886985896145E-006   1.0000000000000000E-002   1.2000000000000000E-002   1.0018041603580621        0.0000000000000000        1.0018041603580621        1.0000000000000000        6.9400066739805622E-310
   6.4999753429568749E-002  -3.9685796828203772E-005   1.0480398335843688E-005   1.0000000000000000E-002   1.2000000000000000E-002   1.0018040681888511        0.0000000000000000        1.0018040681888511        1.0000000000000000        6.9400066739805622E-310
   7.4999718139385163E-002  -4.5365790235119302E-005   1.1980302134340093E-005   1.0000000000000000E-002   1.2000000000000000E-002   1.0018039615853798        0.0000000000000000        1.0018039615853798        1.0000000000000000        6.9400066739805622E-310
   8.4999683961858433E-002  -5.0866699142756679E-005   1.3432881052821699E-005   1.0000000000000000E-002   1.2000000000000000E-002   1.0018038409687895        0.0000000000000000        1.0018038409687895        1.0000000000000000        6.9400066739805622E-310
   9.4999651031895616E-002  -5.6166810124227403E-005   1.4832380674789647E-005   1.0000000000000000E-002   1.2000000000000000E-002   1.0018037068156291        0.0000000000000000        1.0018037068156291        1.0000000000000000        6.9400066739805622E-310
  0.10499961947947321       -6.1245203095386578E-005   1.6173308337030790E-005   1.0000000000000000E-002   1.2000000000000000E-002   1.0018035596558297        0.0000000000000000        1.0018035596558297        1.0000000000000000        6.9400066739805622E-310
  0.11499958942912898       -6.6081833543209979E-005   1.7450332818746972E-005   1.0000000000000000E-002   1.2000000000000000E-002   1.0018034000706872        0.0000000000000000        1.0018034000706872        1.0000000000000000        6.9400066739805622E-310
  0.12499956099946506       -7.0657612172320524E-005   1.8658429560503009E-005   1.0000000000000000E-002   1.2000000000000000E-002   1.0018032286906633        0.0000000000000000        1.0018032286906633        1.0000000000000000        6.9400066739805622E-310
  0.13499953430268199       -7.4954480180536772E-005   1.9792848140021135E-005   1.0000000000000000E-002   1.2000000000000000E-002   1.0018030461925966        0.0000000000000000        1.0018030461925966        1.0000000000000000        6.9400066739805622E-310
  0.14499950944413836       -7.8955480121246436E-005   2.0849072445372485E-005   1.0000000000000000E-002   1.2000000000000000E-002   1.0018028532973220        0.0000000000000000        1.0018028532973220        1.0000000000000000        6.9400066739805622E-310
  0.15499948652192941       -8.2644823240215272E-005   2.1822972427365528E-005   1.0000000000000000E-002   1.2000000000000000E-002   1.0018026507667028        0.0000000000000000        1.0018026507667028        1.0000000000000000        6.9400066739805622E-310
  0.16499946562650566       -8.6007951588156666E-005   2.2710683080795491E-005   1.0000000000000000E-002   1.2000000000000000E-002   1.0018024394005431        0.0000000000000000        1.0018024394005431        1.0000000000000000        6.9400066739805622E-310
  0.17499944684031229       -8.9031595729089264E-005   2.3508715305098349E-005   1.0000000000000000E-002   1.2000000000000000E-002   1.0018022200335617        0.0000000000000000        1.0018022200335617        1.0000000000000000        6.9400066739805622E-310
  0.18499943023746593       -9.1703826287052451E-005   2.4213929567196146E-005   1.0000000000000000E-002   1.2000000000000000E-002   1.0018019935319318        0.0000000000000000        1.0018019935319318        1.0000000000000000        6.9400066739805622E-310
  0.19499941588346281       -9.4014101832344841E-005   2.4823539752638624E-005   1.0000000000000000E-002   1.2000000000000000E-002   1.0018017607899532        0.0000000000000000        1.0018017607899532        1.0000000000000000        6.9400066739805622E-310
  0.20499940383492021       -9.5953310038165979E-005   2.5335131065062910E-005   1.0000000000000000E-002   1.2000000000000000E-002   1.0018015227266006        0.0000000000000000        1.0018015227266006        1.0000000000000000        6.9400066739805622E-310
  0.21499939413935182       -9.7513803789927344E-005   2.5746708879559321E-005   1.0000000000000000E-002   1.2000000000000000E-002   1.0018012802817828        0.0000000000000000        1.0018012802817828        1.0000000000000000        6.9400066739805622E-310
  0.22499938683498258       -9.8689430605595224E-005   2.6056669032215041E-005   1.0000000000000000E-002   1.2000000000000000E-002   1.0018010344124877        0.0000000000000000        1.0018010344124877        1.0000000000000000        6.9400066739805622E-310
  0.23499938195060036       -9.9475557622141528E-005   2.6263760959821525E-005   1.0000000000000000E-002   1.2000000000000000E-002   1.0018007860892499        0.0000000000000000        1.0018007860892499        1.0000000000000000        6.9400066739805622E-310
  0.24499937950543865       -9.9869089214106333E-005   2.6367193710186143E-005   1.0000000000000000E-002   1.2000000000000000E-002   1.0018005362922919        0.0000000000000000        1.0018005362922919        1.0000000000000000        6.9400066739805622E-310
  0.25499937950910390       -9.9868479638606894E-005   2.6366580482495294E-005   1.0000000000000000E-002   1.2000000000000000E-002   1.0018002860074287        0.0000000000000000        1.0018002860074287        1.0000000000000000        6.9400066739805622E-310
  0.26499938196153949       -9.9473738308059737E-005   2.6261903178337320E-005   1.0000000000000000E-002   1.2000000000000000E-002   1.0018000362223842        0.0000000000000000        1.0018000362223842        1.0000000000000000        6.9400066739805622E-310
  0.27499938685302427       -9.8686430419814289E-005   2.6053572253381674E-005   1.0000000000000000E-002   1.2000000000000000E-002   1.0017997879230311        0.0000000000000000        1.0017997879230311        1.0000000000000000        6.9400066739805622E-310
  0.28499939416420905       -9.7509669998993871E-005   2.5742483773072422E-005   1.0000000000000000E-002   1.2000000000000000E-002   1.0017995420890304        0.0000000000000000        1.0017995420890304        1.0000000000000000        6.9400066739805622E-310
  0.29499940386620316       -9.5948107919811756E-005   2.5329794109296699E-005   1.0000000000000000E-002   1.2000000000000000E-002   1.0017992996903091        0.0000000000000000        1.0017992996903091        1.0000000000000000        6.9400066739805622E-310
  0.30499941592067786       -9.4007913158187205E-005   2.4817178793767880E-005   1.0000000000000000E-002   1.2000000000000000E-002   1.0017990616833461        0.0000000000000000        1.0017990616833461        1.0000000000000000        6.9400066739805622E-310
  0.31499943028002525       -9.1696748795906761E-005   2.4206659779757445E-005   1.0000000000000000E-002   1.2000000000000000E-002   1.0017988290070652        0.0000000000000000        1.0017988290070652        1.0000000000000000        6.9400066739805622E-310
  0.32499944688754373       -8.9023741066109524E-005   2.3500671956888652E-005   1.0000000000000000E-002   1.2000000000000000E-002   1.0017986025792593        0.0000000000000000        1.0017986025792593        1.0000000000000000        6.9400066739805622E-310
  0.33499946567766586       -8.5999443797267654E-005   2.2701965375127031E-005   1.0000000000000000E-002   1.2000000000000000E-002   1.0017983832930797        0.0000000000000000        1.0017983832930797        1.0000000000000000        6.9400066739805622E-310
  0.34499948657621293       -8.2635796268520247E-005   2.1813690975314159E-005   1.0000000000000000E-002   1.2000000000000000E-002   1.0017981720136875        0.0000000000000000        1.0017981720136875        1.0000000000000000        6.9400066739805622E-310
  0.35499950950068665       -7.8946076358958042E-005   2.0839428414021199E-005   1.0000000000000000E-002   1.2000000000000000E-002   1.0017979695742931        0.0000000000000000        1.0017979695742931        1.0000000000000000        6.9400066739805622E-310
  0.36499953436060423       -7.4944847927651439E-005   1.9782960634984192E-005   1.0000000000000000E-002   1.2000000000000000E-002   1.0017977767731641        0.0000000000000000        1.0017977767731641        1.0000000000000000        6.9400066739805622E-310
  0.37499956105784710       -7.0647903364408034E-005   1.8648469676918467E-005   1.0000000000000000E-002   1.2000000000000000E-002   1.0017975943707809        0.0000000000000000        1.0017975943707809        1.0000000000000000        6.9400066739805622E-310
  0.38499958948704999       -6.6072201346144334E-005   1.7440466673512844E-005   1.0000000000000000E-002   1.2000000000000000E-002   1.0017974230863271        0.0000000000000000        1.0017974230863271        1.0000000000000000        6.9400066739805622E-310
  0.39499961953602192       -6.1235799299517746E-005   1.6163647138078829E-005   1.0000000000000000E-002   1.2000000000000000E-002   1.0017972635953227        0.0000000000000000        1.0017972635953227        1.0000000000000000        6.9400066739805622E-310
  0.40499965108617814       -5.6157783173253020E-005   1.4823128910990135E-005   1.0000000000000000E-002   1.2000000000000000E-002   1.0017971165266923        0.0000000000000000        1.0017971165266923        1.0000000000000000        6.9400066739805622E-310
  0.41499968401302051       -5.0858191277238623E-005   1.3424137857320773E-005   1.0000000000000000E-002   1.2000000000000000E-002   1.0017969824602733        0.0000000000000000        1.0017969824602733        1.0000000000000000        6.9400066739805622E-310
  0.42499971818661791       -4.5357935530652722E-005   1.1972246642955042E-005   1.0000000000000000E-002   1.2000000000000000E-002   1.0017968619246611        0.0000000000000000        1.0017968619246611        1.0000000000000000        6.9400066739805622E-310
  0.43499975347212816       -3.9678719453801034E-005   1.0473133629673725E-005   1.0000000000000000E-002   1.2000000000000000E-002   1.0017967553950382        0.0000000000000000        1.0017967553950382        1.0000000000000000        6.9400066739805622E-310
  0.44499978973032167       -3.3842951163276253E-005   8.9327490435664458E-006   1.0000000000000000E-002   1.2000000000000000E-002   1.0017966632914161        0.0000000000000000        1.0017966632914161        1.0000000000000000        6.9400066739805622E-310
  0.45499982681813694       -2.7873656961714097E-005   7.3571310856834771E-006   1.0000000000000000E-002   1.2000000000000000E-002   1.0017965859768738        0.0000000000000000        1.0017965859768738        1.0000000000000000        6.9400066739805622E-310
  0.46499986458924003       -2.1794388856430388E-005   5.7524889953697311E-006   1.0000000000000000E-002   1.2000000000000000E-002   1.0017965237563984        0.0000000000000000        1.0017965237563984        1.0000000000000000        6.9400066739805622E-310
  0.47499990289460015       -1.5629132704080488E-005   4.1252153488713361E-006   1.0000000000000000E-002   1.2000000000000000E-002   1.0017964768751393        0.0000000000000000        1.0017964768751393        1.0000000000000000        6.9400066739805622E-310
  0.48499994158308701       -9.4022130970472788E-006   2.4816344792455425E-006   1.0000000000000000E-002   1.2000000000000000E-002   1.0017964455179109        0.0000000000000000        1.0017964455179109        1.0000000000000000        6.9400066739805622E-310
  0.49499998050205307       -3.1381981916151037E-006   8.2830660108612619E-007   1.0000000000000000E-002   1.2000000000000000E-002   1.0017964298083759        0.0000000000000000        1.0017964298083759        1.0000000000000000        6.9400066739805622E-310
  0.50500001949794771        3.1381980584864203E-006  -8.2830110592624351E-007   1.0000000000000000E-002   1.2000000000000000E-002   1.0017964298083433        0.0000000000000000        1.0017964298083433        1.0000000000000000        6.9400066739805622E-310
  0.51500005841691465        9.4022133770270501E-006  -2.4816495702850716E-006   1.0000000000000000E-002   1.2000000000000000E-002   1.0017964455179336        0.0000000000000000        1.0017964455179336        1.0000000000000000        6.9400066739805622E-310
  0.52500009710539997        1.5629132630742888E-005  -4.1251872220371411E-006   1.0000000000000000E-002   1.2000000000000000E-002   1.0017964768751024        0.0000000000000000        1.0017964768751024        1.0000000000000000        6.9400066739805622E-310
  0.53500013541076241        2.1794388784190516E-005  -5.7525148324799602E-006   1.0000000000000000E-002   1.2000000000000000E-002   1.0017965237563431        0.0000000000000000        1.0017965237563431        1.0000000000000000        6.9400066739805622E-310
  0.54500017318186467        2.7873656989020247E-005  -7.3571471652655873E-006   1.0000000000000000E-002   1.2000000000000000E-002   1.0017965859770175        0.0000000000000000        1.0017965859770175        1.0000000000000000        6.9400066739805622E-310
  0.55500021026967750        3.3842951064549942E-005  -8.9327224674917716E-006   1.0000000000000000E-002   1.2000000000000000E-002   1.0017966632915032        0.0000000000000000        1.0017966632915032        1.0000000000000000        6.9400066739805622E-310
  0.56500024652787162        3.9678719487020284E-005  -1.0473126201837601E-005   1.0000000000000000E-002   1.2000000000000000E-002   1.0017967553949796        0.0000000000000000        1.0017967553949796        1.0000000000000000        6.9400066739805622E-310
  0.57500028181338259        4.5357935691139722E-005  -1.1972249141400937E-005   1.0000000000000000E-002   1.2000000000000000E-002   1.0017968619245763        0.0000000000000000        1.0017968619245763        1.0000000000000000        6.9400066739805622E-310
  0.58500031598698121        5.0858191134688067E-005  -1.3424164101216718E-005   1.0000000000000000E-002   1.2000000000000000E-002   1.0017969824603221        0.0000000000000000        1.0017969824603221        1.0000000000000000        6.9400066739805622E-310
  0.59500034891382114        5.6157783225306325E-005  -1.4823101743388634E-005   1.0000000000000000E-002   1.2000000000000000E-002   1.0017971165267332        0.0000000000000000        1.0017971165267332        1.0000000000000000        6.9400066739805622E-310
  0.60500038046397897        6.1235799344081627E-005  -1.6163668688840005E-005   1.0000000000000000E-002   1.2000000000000000E-002   1.0017972635953336        0.0000000000000000        1.0017972635953336        1.0000000000000000        6.9400066739805622E-310
  0.61500041051294929        6.6072201185552877E-005  -1.7440458266015924E-005   1.0000000000000000E-002   1.2000000000000000E-002   1.0017974230864071        0.0000000000000000        1.0017974230864071        1.0000000000000000        6.9400066739805622E-310
  0.62500043894215185        7.0647903418902095E-005  -1.8648451411529265E-005   1.0000000000000000E-002   1.2000000000000000E-002   1.0017975943707311        0.0000000000000000        1.0017975943707311        1.0000000000000000        6.9400066739805622E-310
  0.63500046563939616        7.4944847952500621E-005  -1.9782963949666055E-005   1.0000000000000000E-002   1.2000000000000000E-002   1.0017977767730541        0.0000000000000000        1.0017977767730541        1.0000000000000000        6.9400066739805622E-310
  0.64500049049931463        7.8946076366939789E-005  -2.0839437996578170E-005   1.0000000000000000E-002   1.2000000000000000E-002   1.0017979695742378        0.0000000000000000        1.0017979695742378        1.0000000000000000        6.9400066739805622E-310
  0.65500051342378862        8.2635796234124231E-005  -2.1813704048412319E-005   1.0000000000000000E-002   1.2000000000000000E-002   1.0017981720137357        0.0000000000000000        1.0017981720137357        1.0000000000000000        6.9400066739805622E-310
  0.66500053432233430        8.5999443857485259E-005  -2.2701955527004714E-005   1.0000000000000000E-002   1.2000000000000000E-002   1.0017983832931383        0.0000000000000000        1.0017983832931383        1.0000000000000000        6.9400066739805622E-310
  0.67500055311245666        8.9023741006470747E-005  -2.3500678466348290E-005   1.0000000000000000E-002   1.2000000000000000E-002   1.0017986025793062        0.0000000000000000        1.0017986025793062        1.0000000000000000        6.9400066739805622E-310
  0.68500056971997392        9.1696748802723844E-005  -2.4206638956414395E-005   1.0000000000000000E-002   1.2000000000000000E-002   1.0017988290070532        0.0000000000000000        1.0017988290070532        1.0000000000000000        6.9400066739805622E-310
  0.69500058407932275        9.4007913238274766E-005  -2.4817190683812385E-005   1.0000000000000000E-002   1.2000000000000000E-002   1.0017990616832828        0.0000000000000000        1.0017990616832828        1.0000000000000000        6.9400066739805622E-310
  0.70500059613379762        9.5948108003572174E-005  -2.5329811035312844E-005   1.0000000000000000E-002   1.2000000000000000E-002   1.0017992996903882        0.0000000000000000        1.0017992996903882        1.0000000000000000        6.9400066739805622E-310
  0.71500060583578962        9.7509669935491838E-005  -2.5742454653254754E-005   1.0000000000000000E-002   1.2000000000000000E-002   1.0017995420890446        0.0000000000000000        1.0017995420890446        1.0000000000000000        6.9400066739805622E-310
  0.72500061314697628        9.8686430385632430E-005  -2.6053590777230795E-005   1.0000000000000000E-002   1.2000000000000000E-002   1.0017997879230005        0.0000000000000000        1.0017997879230005        1.0000000000000000        6.9400066739805622E-310
  0.73500061803845995        9.9473738281961296E-005  -2.6261895956558590E-005   1.0000000000000000E-002   1.2000000000000000E-002   1.0018000362224062        0.0000000000000000        1.0018000362224062        1.0000000000000000        6.9400066739805622E-310
  0.74500062049089610        9.9868479583539643E-005  -2.6366585779591389E-005   1.0000000000000000E-002   1.2000000000000000E-002   1.0018002860074402        0.0000000000000000        1.0018002860074402        1.0000000000000000        6.9400066739805622E-310
  0.75500062049456051        9.9869089262088174E-005  -2.6367179778219452E-005   1.0000000000000000E-002   1.2000000000000000E-002   1.0018005362922631        0.0000000000000000        1.0018005362922631        1.0000000000000000        6.9400066739805622E-310
  0.76500061804940034        9.9475557680774219E-005  -2.6263780972257678E-005   1.0000000000000000E-002   1.2000000000000000E-002   1.0018007860892488        0.0000000000000000        1.0018007860892488        1.0000000000000000        6.9400066739805622E-310
  0.77500061316501656        9.8689430592876083E-005  -2.6056648975369967E-005   1.0000000000000000E-002   1.2000000000000000E-002   1.0018010344124910        0.0000000000000000        1.0018010344124910        1.0000000000000000        6.9400066739805622E-310
  0.78500060586064868        9.7513803738889733E-005  -2.5746718594454876E-005   1.0000000000000000E-002   1.2000000000000000E-002   1.0018012802817311        0.0000000000000000        1.0018012802817311        1.0000000000000000        6.9400066739805622E-310
  0.79500059616508023        9.5953310168881811E-005  -2.5335140502846798E-005   1.0000000000000000E-002   1.2000000000000000E-002   1.0018015227266432        0.0000000000000000        1.0018015227266432        1.0000000000000000        6.9400066739805622E-310
  0.80500058411653663        9.4014101685939425E-005  -2.4823526943329455E-005   1.0000000000000000E-002   1.2000000000000000E-002   1.0018017607899765        0.0000000000000000        1.0018017607899765        1.0000000000000000        6.9400066739805622E-310
  0.81500056976253399        9.1703826245993417E-005  -2.4213927956040493E-005   1.0000000000000000E-002   1.2000000000000000E-002   1.0018019935318905        0.0000000000000000        1.0018019935318905        1.0000000000000000        6.9400066739805622E-310
  0.82500055315968812        8.9031595653450482E-005  -2.3508721412213163E-005   1.0000000000000000E-002   1.2000000000000000E-002   1.0018022200335419        0.0000000000000000        1.0018022200335419        1.0000000000000000        6.9400066739805622E-310
  0.83500053437349464        8.6007951722235897E-005  -2.2710682028304063E-005   1.0000000000000000E-002   1.2000000000000000E-002   1.0018024394005478        0.0000000000000000        1.0018024394005478        1.0000000000000000        6.9400066739805622E-310
  0.84500051347807081        8.2644823230368318E-005  -2.1822969871188036E-005   1.0000000000000000E-002   1.2000000000000000E-002   1.0018026507666844        0.0000000000000000        1.0018026507666844        1.0000000000000000        6.9400066739805622E-310
  0.85500049055586247        7.8955480121101315E-005  -2.0849085845320303E-005   1.0000000000000000E-002   1.2000000000000000E-002   1.0018028532973611        0.0000000000000000        1.0018028532973611        1.0000000000000000        6.9400066739805622E-310
  0.86500046569731726        7.4954480242090725E-005  -1.9792824923925423E-005   1.0000000000000000E-002   1.2000000000000000E-002   1.0018030461925871        0.0000000000000000        1.0018030461925871        1.0000000000000000        6.9400066739805622E-310
  0.87500043900053603        7.0657612173975626E-005  -1.8658451026887235E-005   1.0000000000000000E-002   1.2000000000000000E-002   1.0018032286906455        0.0000000000000000        1.0018032286906455        1.0000000000000000        6.9400066739805622E-310
  0.88500041057087075        6.6081833598994702E-005  -1.7450324777179560E-005   1.0000000000000000E-002   1.2000000000000000E-002   1.0018034000707345        0.0000000000000000        1.0018034000707345        1.0000000000000000        6.9400066739805622E-310
  0.89500038052052677        6.1245203035197989E-005  -1.6173310421585541E-005   1.0000000000000000E-002   1.2000000000000000E-002   1.0018035596558450        0.0000000000000000        1.0018035596558450        1.0000000000000000        6.9400066739805622E-310
  0.90500034896810388        5.6166810051399219E-005  -1.4832376936446678E-005   1.0000000000000000E-002   1.2000000000000000E-002   1.0018037068156407        0.0000000000000000        1.0018037068156407        1.0000000000000000        6.9400066739805622E-310
  0.91500031603814136        5.0866699113933815E-005  -1.3432889290676542E-005   1.0000000000000000E-002   1.2000000000000000E-002   1.0018038409688172        0.0000000000000000        1.0018038409688172        1.0000000000000000        6.9400066739805622E-310
  0.92500028186061378        4.5365790324379010E-005  -1.1980293614044513E-005   1.0000000000000000E-002   1.2000000000000000E-002   1.0018039615854124        0.0000000000000000        1.0018039615854124        1.0000000000000000        6.9400066739805622E-310
  0.93500024657043024        3.9685796867297934E-005  -1.0480391122058563E-005   1.0000000000000000E-002   1.2000000000000000E-002   1.0018040681888036        0.0000000000000000        1.0018040681888036        1.0000000000000000        6.9400066739805622E-310
  0.94500021030689263        3.3849139846269582E-005  -8.9391052346954325E-006   1.0000000000000000E-002   1.2000000000000000E-002   1.0018041603580643        0.0000000000000000        1.0018041603580643        1.0000000000000000        6.9400066739805622E-310
  0.95500017321314501        2.7878859060244191E-005  -7.3624475849243254E-006   1.0000000000000000E-002   1.2000000000000000E-002   1.0018042377288705        0.0000000000000000        1.0018042377288705        1.0000000000000000        6.9400066739805622E-310
  0.96500013543561947        2.1798522701018523E-005  -5.7567616140730138E-006   1.0000000000000000E-002   1.2000000000000000E-002   1.0018042999955665        0.0000000000000000        1.0018042999955665        1.0000000000000000        6.9400066739805622E-310
  0.97500009712344060        1.5632132859902376E-005  -4.1282780953721954E-006   1.0000000000000000E-002   1.2000000000000000E-002   1.0018043469121913        0.0000000000000000        1.0018043469121913        1.0000000000000000        6.9400066739805622E-310
  0.98500005842785265        9.4040324090943716E-006  -2.4834923335603776E-006   1.0000000000000000E-002   1.2000000000000000E-002   1.0018043782931330        0.0000000000000000        1.0018043782931330        1.0000000000000000        6.9400066739805622E-310
  0.99500001950161399        3.1388077039575517E-006  -8.2895427766516150E-007   1.0000000000000000E-002   1.2000000000000000E-002   1.0018043940147539        0.0000000000000000        1.0018043940147539        1.0000000000000000        6.9400066739805622E-310
   1.0049999804983860       -3.1388076382010880E-006   5.0864011136297904E-007   1.0000000000000000E-002   1.2000000000000000E-002   1.0018043940148103        0.0000000000000000        1.0018043940148103        1.0000000000000000        6.9400066739805622E-310
   1.0149999415721460       -9.4040319235308491E-006   1.5238682511409252E-006   1.0000000000000000E-002   1.2000000000000000E-002   1.0018043782931312        0.0000000000000000        1.0018043782931312        1.0000000000000000        6.9400066739805622E-310
   1.0249999028765593       -1.5632132176967070E-005   2.5330638333542765E-006   1.0000000000000000E-002   1.2000000000000000E-002   1.0018043469121130        0.0000000000000000        1.0018043469121130        1.0000000000000000        6.9400066739805622E-310
   1.0349998645643810       -2.1798521541048335E-005   3.5322937668169629E-006   1.0000000000000000E-002   1.2000000000000000E-002   1.0018042999956109        0.0000000000000000        1.0018042999956109        1.0000000000000000        6.9400066739805622E-310
   1.0449998267868539       -2.7878857814615452E-005   4.5175554221899006E-006   1.0000000000000000E-002   1.2000000000000000E-002   1.0018042377288898        0.0000000000000000        1.0018042377288898        1.0000000000000000        6.9400066739805622E-310
  -4.9999804983860141E-003   3.1391920660325195E-006  -3.5767633061438002E+077   1.0000000000000000E-002   1.2000000000000000E-002   1.0018043940147539        0.0000000000000000        1.0018043940147539        1.0000000000000000        6.9400066739805622E-310
  -1.4999941572147346E-002   9.4051839874704961E-006   0.0000000000000000        1.0000000000000000E-002   1.2000000000000000E-002   1.0018043782931330        0.0000000000000000        1.0018043782931330        1.0000000000000000        6.9400066739805622E-310
  -2.4999902876559399E-002   1.5634047103674937E-005  -3.5767633061438002E+077   1.0000000000000000E-002   1.2000000000000000E-002   1.0018043469121913        0.0000000000000000        1.0018043469121913        1.0000000000000000        6.9400066739805622E-310
  -3.4999864564380534E-002   2.1801192050167710E-005   6.9400068546417920E-310   1.0000000000000000E-002   1.2000000000000000E-002   1.0018042999955665        0.0000000000000000        1.0018042999955665        1.0000000000000000        6.9400066739805622E-310
  -4.4999826786854991E-002   2.7882272950210643E-005   6.9400066883177543E-310   1.0000000000000000E-002   1.2000000000000000E-002   1.0018042377288705        0.0000000000000000        1.0018042377288705        1.0000000000000000        6.9400066739805622E-310
