 # x, v, a, m, h, rho, u, P, c, ke
   2.8512000000000395     
   4.9998746382778807E-003   3.0323483988966112E-006   5.3240737640791735E-006   1.0000000000000000E-002   1.2000000000000000E-002   1.0018260126640204        0.0000000000000000        1.0018260126640204        1.0000000000000000        6.9400066739805622E-310
   1.4999624409293652E-002   9.0850839198672324E-006   1.5951296537863868E-005   1.0000000000000000E-002   1.2000000000000000E-002   1.0018259116826922        0.0000000000000000        1.0018259116826922        1.0000000000000000        6.9400066739805622E-310
   2.4999375661755193E-002   1.5101983251016568E-005   2.6515675748406409E-005   1.0000000000000000E-002   1.2000000000000000E-002   1.0018257101177206        0.0000000000000000        1.0018257101177206        1.0000000000000000        6.9400066739805622E-310
   3.4999129376808047E-002   2.1059312766110512E-005   3.6975663559424277E-005   1.0000000000000000E-002   1.2000000000000000E-002   1.0018254087629328        0.0000000000000000        1.0018254087629328        1.0000000000000000        6.9400066739805622E-310
   4.4998886525904759E-002   2.6933572944913289E-005   4.7290009653089271E-005   1.0000000000000000E-002   1.2000000000000000E-002   1.0018250088052321        0.0000000000000000        1.0018250088052321        1.0000000000000000        6.9400066739805622E-310
   5.4998648066969934E-002   3.2701591747128502E-005   5.7418172043632865E-005   1.0000000000000000E-002   1.2000000000000000E-002   1.0018245118198033        0.0000000000000000        1.0018245118198033        1.0000000000000000        6.9400066739805622E-310
   6.4998414940638724E-002   3.8340616001826536E-005   6.7320208279042504E-005   1.0000000000000000E-002   1.2000000000000000E-002   1.0018239197638461        0.0000000000000000        1.0018239197638461        1.0000000000000000        6.9400066739805622E-310
   7.4998188066546095E-002   4.3828399161543894E-005   7.6957056349691300E-005   1.0000000000000000E-002   1.2000000000000000E-002   1.0018232349696099        0.0000000000000000        1.0018232349696099        1.0000000000000000        6.9400066739805622E-310
   8.4997968339696889E-002   4.9143292347376396E-005   8.6290849833581262E-005   1.0000000000000000E-002   1.2000000000000000E-002   1.0018224601344805        0.0000000000000000        1.0018224601344805        1.0000000000000000        6.9400066739805622E-310
   9.4997756626953714E-002   5.4264326249146243E-005   9.5284731361999775E-005   1.0000000000000000E-002   1.2000000000000000E-002   1.0018215983105601        0.0000000000000000        1.0018215983105601        1.0000000000000000        6.9400066739805622E-310
  0.10499755376360916        5.9171295780064415E-005   1.0390327584364201E-004   1.0000000000000000E-002   1.2000000000000000E-002   1.0018206528930458        0.0000000000000000        1.0018206528930458        1.0000000000000000        6.9400066739805622E-310
  0.11499736055009961        6.3844839686164561E-005   1.1211247248699152E-004   1.0000000000000000E-002   1.2000000000000000E-002   1.0018196276067044        0.0000000000000000        1.0018196276067044        1.0000000000000000        6.9400066739805622E-310
  0.12499717774884334        6.8266515698156636E-005   1.1987999234719382E-004   1.0000000000000000E-002   1.2000000000000000E-002   1.0018185264912012        0.0000000000000000        1.0018185264912012        1.0000000000000000        6.9400066739805622E-310
  0.13499700608124113        7.2418874149978921E-005   1.2717512185300706E-004   1.0000000000000000E-002   1.2000000000000000E-002   1.0018173538853916        0.0000000000000000        1.0018173538853916        1.0000000000000000        6.9400066739805622E-310
  0.14499684622482165        7.6285526772912324E-005   1.3396907315854634E-004   1.0000000000000000E-002   1.2000000000000000E-002   1.0018161144105640        0.0000000000000000        1.0018161144105640        1.0000000000000000        6.9400066739805622E-310
  0.15499669881056749        7.9851211725409589E-005   1.4023509250105093E-004   1.0000000000000000E-002   1.2000000000000000E-002   1.0018148129515918        0.0000000000000000        1.0018148129515918        1.0000000000000000        6.9400066739805622E-310
  0.16499656442043337        8.3101852951193334E-005   1.4594833397296725E-004   1.0000000000000000E-002   1.2000000000000000E-002   1.0018134546382502        0.0000000000000000        1.0018134546382502        1.0000000000000000        6.9400066739805622E-310
  0.17499644358503463        8.6024615986118302E-005   1.5108624427018214E-004   1.0000000000000000E-002   1.2000000000000000E-002   1.0018120448252539        0.0000000000000000        1.0018120448252539        1.0000000000000000        6.9400066739805622E-310
  0.18499633678155539        8.8607959584885456E-005   1.5562849535744050E-004   1.0000000000000000E-002   1.2000000000000000E-002   1.0018105890707838        0.0000000000000000        1.0018105890707838        1.0000000000000000        6.9400066739805622E-310
  0.19499624443185953        9.0841680797066406E-005   1.5955708957982040E-004   1.0000000000000000E-002   1.2000000000000000E-002   1.0018090931149135        0.0000000000000000        1.0018090931149135        1.0000000000000000        6.9400066739805622E-310
  0.20499616690081851        9.2716954614686695E-005   1.6285648270120134E-004   1.0000000000000000E-002   1.2000000000000000E-002   1.0018075628568526        0.0000000000000000        1.0018075628568526        1.0000000000000000        6.9400066739805622E-310
  0.21499610449486911        9.4226370169393268E-005   1.6551354485372372E-004   1.0000000000000000E-002   1.2000000000000000E-002   1.0018060043318622        0.0000000000000000        1.0018060043318622        1.0000000000000000        6.9400066739805622E-310
  0.22499605746079190        9.5363959776630677E-005   1.6751772466605530E-004   1.0000000000000000E-002   1.2000000000000000E-002   1.0018044236875283        0.0000000000000000        1.0018044236875283        1.0000000000000000        6.9400066739805622E-310
  0.23499602598473346        9.6125222348171212E-005   1.6886099373447649E-004   1.0000000000000000E-002   1.2000000000000000E-002   1.0018028271595589        0.0000000000000000        1.0018028271595589        1.0000000000000000        6.9400066739805622E-310
  0.24499601019145789        9.6507141374236797E-005   1.6953802849872801E-004   1.0000000000000000E-002   1.2000000000000000E-002   1.0018012210470015        0.0000000000000000        1.0018012210470015        1.0000000000000000        6.9400066739805622E-310
  0.25499601014385448        9.6508196788688092E-005   1.6954602838303856E-004   1.0000000000000000E-002   1.2000000000000000E-002   1.0017996116873615        0.0000000000000000        1.0017996116873615        1.0000000000000000        6.9400066739805622E-310
  0.26499602584267762        9.6128372678647625E-005   1.6888478038801225E-004   1.0000000000000000E-002   1.2000000000000000E-002   1.0017980054323898        0.0000000000000000        1.0017980054323898        1.0000000000000000        6.9400066739805622E-310
  0.27499605722652343        9.5369155023931532E-005   1.6755693587633402E-004   1.0000000000000000E-002   1.2000000000000000E-002   1.0017964086221995        0.0000000000000000        1.0017964086221995        1.0000000000000000        6.9400066739805622E-310
  0.28499610417208032        9.4233528374750180E-005   1.6556760584673924E-004   1.0000000000000000E-002   1.2000000000000000E-002   1.0017948275599884        0.0000000000000000        1.0017948275599884        1.0000000000000000        6.9400066739805622E-310
  0.29499616649460147        9.2725962900456409E-005   1.6292449751631466E-004   1.0000000000000000E-002   1.2000000000000000E-002   1.0017932684880959        0.0000000000000000        1.0017932684880959        1.0000000000000000        6.9400066739805622E-310
  0.30499624394861846        9.0852397183576613E-005   1.5963803824625700E-004   1.0000000000000000E-002   1.2000000000000000E-002   1.0017917375626659        0.0000000000000000        1.0017917375626659        1.0000000000000000        6.9400066739805622E-310
  0.31499633622891493        8.8620215176856044E-005   1.5572102334626692E-004   1.0000000000000000E-002   1.2000000000000000E-002   1.0017902408296069        0.0000000000000000        1.0017902408296069        1.0000000000000000        6.9400066739805622E-310
  0.32499644297170738        8.6038217260152853E-005   1.5118896803834048E-004   1.0000000000000000E-002   1.2000000000000000E-002   1.0017887842004043        0.0000000000000000        1.0017887842004043        1.0000000000000000        6.9400066739805622E-310
  0.33499656375609421        8.3116585398069736E-005   1.4605957489965959E-004   1.0000000000000000E-002   1.2000000000000000E-002   1.0017873734288167        0.0000000000000000        1.0017873734288167        1.0000000000000000        6.9400066739805622E-310
  0.34499669810569250        7.9866843204794410E-005   1.4035310864990436E-004   1.0000000000000000E-002   1.2000000000000000E-002   1.0017860140883987        0.0000000000000000        1.0017860140883987        1.0000000000000000        6.9400066739805622E-310
  0.35499684549052440        7.6301810645928070E-005   1.3409206550196728E-004   1.0000000000000000E-002   1.2000000000000000E-002   1.0017847115496910        0.0000000000000000        1.0017847115496910        1.0000000000000000        6.9400066739805622E-310
  0.36499700532910523        7.2435553755949563E-005   1.2730107382896705E-004   1.0000000000000000E-002   1.2000000000000000E-002   1.0017834709595694        0.0000000000000000        1.0017834709595694        1.0000000000000000        6.9400066739805622E-310
  0.37499717699073015        6.8283327663008729E-005   1.2000692589619888E-004   1.0000000000000000E-002   1.2000000000000000E-002   1.0017822972208250        0.0000000000000000        1.0017822972208250        1.0000000000000000        6.9400066739805622E-310
  0.38499735979796273        6.3861519056298123E-005   1.1223843590979499E-004   1.0000000000000000E-002   1.2000000000000000E-002   1.0017811949723225        0.0000000000000000        1.0017811949723225        1.0000000000000000        6.9400066739805622E-310
  0.39499755302931178        5.9187579865377673E-005   1.0402623824656843E-004   1.0000000000000000E-002   1.2000000000000000E-002   1.0017801685707719        0.0000000000000000        1.0017801685707719        1.0000000000000000        6.9400066739805622E-310
  0.40499775592207565        5.4279957623915569E-005   9.5402763036211979E-005   1.0000000000000000E-002   1.2000000000000000E-002   1.0017792220735868        0.0000000000000000        1.0017792220735868        1.0000000000000000        6.9400066739805622E-310
  0.41499796767535380        4.9158024705232508E-005   8.6402118665951377E-005   1.0000000000000000E-002   1.2000000000000000E-002   1.0017783592223914        0.0000000000000000        1.0017783592223914        1.0000000000000000        6.9400066739805622E-310
  0.42499818745321633        4.3842000473741961E-005   7.7059795513534368E-005   1.0000000000000000E-002   1.2000000000000000E-002   1.0017775834284814        0.0000000000000000        1.0017775834284814        1.0000000000000000        6.9400066739805622E-310
  0.43499841438799897        3.8352871371603482E-005   6.7412707508651692E-005   1.0000000000000000E-002   1.2000000000000000E-002   1.0017768977595658        0.0000000000000000        1.0017768977595658        1.0000000000000000        6.9400066739805622E-310
  0.44499864758372987        3.2712308297099114E-005   5.7499100853064533E-005   1.0000000000000000E-002   1.2000000000000000E-002   1.0017763049266457        0.0000000000000000        1.0017763049266457        1.0000000000000000        6.9400066739805622E-310
  0.45499888611968675        2.6942581361359099E-005   4.7358045334178200E-005   1.0000000000000000E-002   1.2000000000000000E-002   1.0017758072738328        0.0000000000000000        1.0017758072738328        1.0000000000000000        6.9400066739805622E-310
  0.46499912905401941        2.1066471095815526E-005   3.7029705807434254E-005   1.0000000000000000E-002   1.2000000000000000E-002   1.0017754067692297        0.0000000000000000        1.0017754067692297        1.0000000000000000        6.9400066739805622E-310
  0.47499937542748483        1.5107178186691774E-005   2.6554907871734201E-005   1.0000000000000000E-002   1.2000000000000000E-002   1.0017751049965593        0.0000000000000000        1.0017751049965593        1.0000000000000000        6.9400066739805622E-310
  0.48499962426723708        9.0882341632699172E-006   1.5975065982054559E-005   1.0000000000000000E-002   1.2000000000000000E-002   1.0017749031493330        0.0000000000000000        1.0017749031493330        1.0000000000000000        6.9400066739805622E-310
  0.49499987459067268        3.0334040687681238E-006   5.3320775643683760E-006   1.0000000000000000E-002   1.2000000000000000E-002   1.0017748020256685        0.0000000000000000        1.0017748020256685        1.0000000000000000        6.9400066739805622E-310
  0.50500012540932582       -3.0334039904446164E-006  -5.3320624209263201E-006   1.0000000000000000E-002   1.2000000000000000E-002   1.0017748020256001        0.0000000000000000        1.0017748020256001        1.0000000000000000        6.9400066739805622E-310
  0.51500037573276292       -9.0882340498992922E-006  -1.5975071437246413E-005   1.0000000000000000E-002   1.2000000000000000E-002   1.0017749031492202        0.0000000000000000        1.0017749031492202        1.0000000000000000        6.9400066739805622E-310
  0.52500062457251606       -1.5107178543575364E-005  -2.6554915677934332E-005   1.0000000000000000E-002   1.2000000000000000E-002   1.0017751049965089        0.0000000000000000        1.0017751049965089        1.0000000000000000        6.9400066739805622E-310
  0.53500087094598148       -2.1066470984773671E-005  -3.7029704178515033E-005   1.0000000000000000E-002   1.2000000000000000E-002   1.0017754067692000        0.0000000000000000        1.0017754067692000        1.0000000000000000        6.9400066739805622E-310
  0.54500111388031480       -2.6942581234310838E-005  -4.7358056733948217E-005   1.0000000000000000E-002   1.2000000000000000E-002   1.0017758072738590        0.0000000000000000        1.0017758072738590        1.0000000000000000        6.9400066739805622E-310
  0.55500135241627035       -3.2712308417811033E-005  -5.7499087379397906E-005   1.0000000000000000E-002   1.2000000000000000E-002   1.0017763049266566        0.0000000000000000        1.0017763049266566        1.0000000000000000        6.9400066739805622E-310
  0.56500158561200264       -3.8352871345953732E-005  -6.7412751683981753E-005   1.0000000000000000E-002   1.2000000000000000E-002   1.0017768977597092        0.0000000000000000        1.0017768977597092        1.0000000000000000        6.9400066739805622E-310
  0.57500181254678107       -4.3842000426451861E-005  -7.7059768083032054E-005   1.0000000000000000E-002   1.2000000000000000E-002   1.0017775834287159        0.0000000000000000        1.0017775834287159        1.0000000000000000        6.9400066739805622E-310
  0.58500203232464243       -4.9158024919285344E-005  -8.6402075249125687E-005   1.0000000000000000E-002   1.2000000000000000E-002   1.0017783592222886        0.0000000000000000        1.0017783592222886        1.0000000000000000        6.9400066739805622E-310
  0.59500224407792435       -5.4279957496965280E-005  -9.5402800075028438E-005   1.0000000000000000E-002   1.2000000000000000E-002   1.0017792220734654        0.0000000000000000        1.0017792220734654        1.0000000000000000        6.9400066739805622E-310
  0.60500244697068706       -5.9187579856442797E-005  -1.0402622864624789E-004   1.0000000000000000E-002   1.2000000000000000E-002   1.0017801685707766        0.0000000000000000        1.0017801685707766        1.0000000000000000        6.9400066739805622E-310
  0.61500264020203677       -6.3861519168929192E-005  -1.1223843088359331E-004   1.0000000000000000E-002   1.2000000000000000E-002   1.0017811949722459        0.0000000000000000        1.0017811949722459        1.0000000000000000        6.9400066739805622E-310
  0.62500282300927046       -6.8283327594506599E-005  -1.2000693965941167E-004   1.0000000000000000E-002   1.2000000000000000E-002   1.0017822972208024        0.0000000000000000        1.0017822972208024        1.0000000000000000        6.9400066739805622E-310
  0.63500299467089460       -7.2435553585334142E-005  -1.2730106325520296E-004   1.0000000000000000E-002   1.2000000000000000E-002   1.0017834709595546        0.0000000000000000        1.0017834709595546        1.0000000000000000        6.9400066739805622E-310
  0.64500315450947654       -7.6301810638679745E-005  -1.3409208116854643E-004   1.0000000000000000E-002   1.2000000000000000E-002   1.0017847115497018        0.0000000000000000        1.0017847115497018        1.0000000000000000        6.9400066739805622E-310
  0.65500330189430711       -7.9866843367145364E-005  -1.4035309812587826E-004   1.0000000000000000E-002   1.2000000000000000E-002   1.0017860140884285        0.0000000000000000        1.0017860140884285        1.0000000000000000        6.9400066739805622E-310
  0.66500343624390612       -8.3116585481599422E-005  -1.4605958105029515E-004   1.0000000000000000E-002   1.2000000000000000E-002   1.0017873734288372        0.0000000000000000        1.0017873734288372        1.0000000000000000        6.9400066739805622E-310
  0.67500355702829162       -8.6038217270332319E-005  -1.5118894010512918E-004   1.0000000000000000E-002   1.2000000000000000E-002   1.0017887842003164        0.0000000000000000        1.0017887842003164        1.0000000000000000        6.9400066739805622E-310
  0.68500366377108757       -8.8620214938096566E-005  -1.5572107843908611E-004   1.0000000000000000E-002   1.2000000000000000E-002   1.0017902408296464        0.0000000000000000        1.0017902408296464        1.0000000000000000        6.9400066739805622E-310
  0.69500375605137965       -9.0852397122820986E-005  -1.5963799710316806E-004   1.0000000000000000E-002   1.2000000000000000E-002   1.0017917375627683        0.0000000000000000        1.0017917375627683        1.0000000000000000        6.9400066739805622E-310
  0.70500383350539864       -9.2725962934965994E-005  -1.6292450663790703E-004   1.0000000000000000E-002   1.2000000000000000E-002   1.0017932684880462        0.0000000000000000        1.0017932684880462        1.0000000000000000        6.9400066739805622E-310
  0.71500389582791901       -9.4233528435672963E-005  -1.6556758649688419E-004   1.0000000000000000E-002   1.2000000000000000E-002   1.0017948275599089        0.0000000000000000        1.0017948275599089        1.0000000000000000        6.9400066739805622E-310
  0.72500394277347824       -9.5369155223343484E-005  -1.6755696031633960E-004   1.0000000000000000E-002   1.2000000000000000E-002   1.0017964086221252        0.0000000000000000        1.0017964086221252        1.0000000000000000        6.9400066739805622E-310
  0.73500397415732355       -9.6128372479701636E-005  -1.6888479750942764E-004   1.0000000000000000E-002   1.2000000000000000E-002   1.0017980054325146        0.0000000000000000        1.0017980054325146        1.0000000000000000        6.9400066739805622E-310
  0.74500398985614424       -9.6508196928337398E-005  -1.6954599731722197E-004   1.0000000000000000E-002   1.2000000000000000E-002   1.0017996116874166        0.0000000000000000        1.0017996116874166        1.0000000000000000        6.9400066739805622E-310
  0.75500398980854211       -9.6507141171313357E-005  -1.6953803051134031E-004   1.0000000000000000E-002   1.2000000000000000E-002   1.0018012210469289        0.0000000000000000        1.0018012210469289        1.0000000000000000        6.9400066739805622E-310
  0.76500397401526699       -9.6125222454922923E-005  -1.6886100072976973E-004   1.0000000000000000E-002   1.2000000000000000E-002   1.0018028271595312        0.0000000000000000        1.0018028271595312        1.0000000000000000        6.9400066739805622E-310
  0.77500394253920868       -9.5363959839279809E-005  -1.6751773700018902E-004   1.0000000000000000E-002   1.2000000000000000E-002   1.0018044236875792        0.0000000000000000        1.0018044236875792        1.0000000000000000        6.9400066739805622E-310
  0.78500389550513028       -9.4226370368087885E-005  -1.6551353772253918E-004   1.0000000000000000E-002   1.2000000000000000E-002   1.0018060043319423        0.0000000000000000        1.0018060043319423        1.0000000000000000        6.9400066739805622E-310
  0.79500383309918021       -9.2716954380461146E-005  -1.6285646266034348E-004   1.0000000000000000E-002   1.2000000000000000E-002   1.0018075628568068        0.0000000000000000        1.0018075628568068        1.0000000000000000        6.9400066739805622E-310
  0.80500375556814097       -9.0841680790223017E-005  -1.5955710758319697E-004   1.0000000000000000E-002   1.2000000000000000E-002   1.0018090931148607        0.0000000000000000        1.0018090931148607        1.0000000000000000        6.9400066739805622E-310
  0.81500366321844453       -8.8607959518512768E-005  -1.5562849631489684E-004   1.0000000000000000E-002   1.2000000000000000E-002   1.0018105890708162        0.0000000000000000        1.0018105890708162        1.0000000000000000        6.9400066739805622E-310
  0.82500355641496503       -8.6024616067559341E-005  -1.5108623964810164E-004   1.0000000000000000E-002   1.2000000000000000E-002   1.0018120448252665        0.0000000000000000        1.0018120448252665        1.0000000000000000        6.9400066739805622E-310
  0.83500343557956624       -8.3101852852529988E-005  -1.4594832472525354E-004   1.0000000000000000E-002   1.2000000000000000E-002   1.0018134546382058        0.0000000000000000        1.0018134546382058        1.0000000000000000        6.9400066739805622E-310
  0.84500330118943312       -7.9851211757335074E-005  -1.4023510074245849E-004   1.0000000000000000E-002   1.2000000000000000E-002   1.0018148129515387        0.0000000000000000        1.0018148129515387        1.0000000000000000        6.9400066739805622E-310
  0.85500315377517921       -7.6285526985499528E-005  -1.3396908833840371E-004   1.0000000000000000E-002   1.2000000000000000E-002   1.0018161144106184        0.0000000000000000        1.0018161144106184        1.0000000000000000        6.9400066739805622E-310
  0.86500299391875823       -7.2418873975096053E-005  -1.2717510808268884E-004   1.0000000000000000E-002   1.2000000000000000E-002   1.0018173538854493        0.0000000000000000        1.0018173538854493        1.0000000000000000        6.9400066739805622E-310
  0.87500282225115622       -6.8266515613893555E-005  -1.1987998206031136E-004   1.0000000000000000E-002   1.2000000000000000E-002   1.0018185264911530        0.0000000000000000        1.0018185264911530        1.0000000000000000        6.9400066739805622E-310
  0.88500263944990076       -6.3844839679212277E-005  -1.1211246930642460E-004   1.0000000000000000E-002   1.2000000000000000E-002   1.0018196276065940        0.0000000000000000        1.0018196276065940        1.0000000000000000        6.9400066739805622E-310
  0.89500244623639280       -5.9171295891400384E-005  -1.0390329587028901E-004   1.0000000000000000E-002   1.2000000000000000E-002   1.0018206528930120        0.0000000000000000        1.0018206528930120        1.0000000000000000        6.9400066739805622E-310
  0.90500224337304724       -5.4264326196206081E-005  -9.5284719578536681E-005   1.0000000000000000E-002   1.2000000000000000E-002   1.0018215983105661        0.0000000000000000        1.0018215983105661        1.0000000000000000        6.9400066739805622E-310
  0.91500203166030480       -4.9143292170063357E-005  -8.6290855811022027E-005   1.0000000000000000E-002   1.2000000000000000E-002   1.0018224601344532        0.0000000000000000        1.0018224601344532        1.0000000000000000        6.9400066739805622E-310
  0.92500181193345565       -4.3828399299591446E-005  -7.6957069480521056E-005   1.0000000000000000E-002   1.2000000000000000E-002   1.0018232349696798        0.0000000000000000        1.0018232349696798        1.0000000000000000        6.9400066739805622E-310
  0.93500158505936137       -3.8340615982454276E-005  -6.7320193391395833E-005   1.0000000000000000E-002   1.2000000000000000E-002   1.0018239197638990        0.0000000000000000        1.0018239197638990        1.0000000000000000        6.9400066739805622E-310
  0.94500135193303081       -3.2701591763537604E-005  -5.7418181897084253E-005   1.0000000000000000E-002   1.2000000000000000E-002   1.0018245118198394        0.0000000000000000        1.0018245118198394        1.0000000000000000        6.9400066739805622E-310
  0.95500111347409455       -2.6933573108519969E-005  -4.7289986375709248E-005   1.0000000000000000E-002   1.2000000000000000E-002   1.0018250088052101        0.0000000000000000        1.0018250088052101        1.0000000000000000        6.9400066739805622E-310
  0.96500087062319317       -2.1059312718037076E-005  -3.6975686350082526E-005   1.0000000000000000E-002   1.2000000000000000E-002   1.0018254087628935        0.0000000000000000        1.0018254087628935        1.0000000000000000        6.9400066739805622E-310
  0.97500062433824519       -1.5101983288430886E-005  -2.6515677500782431E-005   1.0000000000000000E-002   1.2000000000000000E-002   1.0018257101178083        0.0000000000000000        1.0018257101178083        1.0000000000000000        6.9400066739805622E-310
  0.98500037559070519       -9.0850838810705925E-006  -1.5951246596479507E-005   1.0000000000000000E-002   1.2000000000000000E-002   1.0018259116825570        0.0000000000000000        1.0018259116825570        1.0000000000000000        6.9400066739805622E-310
  0.99500012536172544       -3.0323483421430833E-006  -5.3241149942095944E-006   1.0000000000000000E-002   1.2000000000000000E-002   1.0018260126638361        0.0000000000000000        1.0018260126638361        1.0000000000000000        6.9400066739805622E-310
   1.0049998746382778        3.0323500489633611E-006   5.6325253972033806E-006   1.0000000000000000E-002   1.2000000000000000E-002   1.0018260126640204        0.0000000000000000        1.0018260126640204        1.0000000000000000        6.9400066739805622E-310
   1.0149996244092936        9.0850888661282337E-006   1.6875426941176386E-005   1.0000000000000000E-002   1.2000000000000000E-002   1.0018259116826922        0.0000000000000000        1.0018259116826922        1.0000000000000000        6.9400066739805622E-310
   1.0249993756617553        1.5101991469038031E-005   2.8051843437459922E-005   1.0000000000000000E-002   1.2000000000000000E-002   1.0018257101177206        0.0000000000000000        1.0018257101177206        1.0000000000000000        6.9400066739805622E-310
   1.0349991293768079        2.1059324229790653E-005   3.9117825831880282E-005   1.0000000000000000E-002   1.2000000000000000E-002   1.0018254087629328        0.0000000000000000        1.0018254087629328        1.0000000000000000        6.9400066739805622E-310
   1.0449988865259048        2.6933587601782072E-005   5.0029723836608753E-005   1.0000000000000000E-002   1.2000000000000000E-002   1.0018250088052321        0.0000000000000000        1.0018250088052321        1.0000000000000000        6.9400066739805622E-310
  -4.9998746382745596E-003  -3.0327184789837272E-006  -3.5767633061438002E+077   1.0000000000000000E-002   1.2000000000000000E-002   1.0018260126638361        0.0000000000000000        1.0018260126638361        1.0000000000000000        6.9400066739805622E-310
  -1.4999624409294809E-002  -9.0861928410877409E-006   0.0000000000000000        1.0000000000000000E-002   1.2000000000000000E-002   1.0018259116825570        0.0000000000000000        1.0018259116825570        1.0000000000000000        6.9400066739805622E-310
  -2.4999375661754808E-002  -1.5103826693619380E-005  -3.5767633061438002E+077   1.0000000000000000E-002   1.2000000000000000E-002   1.0018257101178083        0.0000000000000000        1.0018257101178083        1.0000000000000000        6.9400066739805622E-310
  -3.4999129376806826E-002  -2.1061883303224987E-005   6.9400068546417920E-310   1.0000000000000000E-002   1.2000000000000000E-002   1.0018254087628935        0.0000000000000000        1.0018254087628935        1.0000000000000000        6.9400066739805622E-310
  -4.4998886525905446E-002  -2.6936860774391778E-005   6.9400066883177543E-310   1.0000000000000000E-002   1.2000000000000000E-002   1.0018250088052101        0.0000000000000000        1.0018250088052101        1.0000000000000000        6.9400066739805622E-310
