 # x, v, a, m, h, rho, u, P, c, ke
   4.3512000000000866     
   4.9999566092113782E-003  -3.1292263260957825E-006   1.8453842089982686E-006   1.0000000000000000E-002   1.2000000000000000E-002   1.0018092725435153        0.0000000000000000        1.0018092725435153        1.0000000000000000        6.9400066739805622E-310
   1.4999869999023309E-002  -9.3753188504799435E-006   5.5288191145308474E-006   1.0000000000000000E-002   1.2000000000000000E-002   1.0018092375436587        0.0000000000000000        1.0018092375436587        1.0000000000000000        6.9400066739805622E-310
   2.4999783902316317E-002  -1.5584379349703382E-005   9.1903901671130939E-006   1.0000000000000000E-002   1.2000000000000000E-002   1.0018091676825054        0.0000000000000000        1.0018091676825054        1.0000000000000000        6.9400066739805622E-310
   3.4999698659155053E-002  -2.1731882936337222E-005   1.2815525587406285E-005   1.0000000000000000E-002   1.2000000000000000E-002   1.0018090632367878        0.0000000000000000        1.0018090632367878        1.0000000000000000        6.9400066739805622E-310
   4.4999614606217549E-002  -2.7793548090754314E-005   1.6389969185404141E-005   1.0000000000000000E-002   1.2000000000000000E-002   1.0018089246200463        0.0000000000000000        1.0018089246200463        1.0000000000000000        6.9400066739805622E-310
   5.4999532075476969E-002  -3.3745433088146423E-005   1.9899485379504256E-005   1.0000000000000000E-002   1.2000000000000000E-002   1.0018087523810537        0.0000000000000000        1.0018087523810537        1.0000000000000000        6.9400066739805622E-310
   6.4999451392874039E-002  -3.9564032547314124E-005   2.3330243200447853E-005   1.0000000000000000E-002   1.2000000000000000E-002   1.0018085472018299        0.0000000000000000        1.0018085472018299        1.0000000000000000        6.9400066739805622E-310
   7.4999372877036133E-002  -4.5226366344258948E-005   2.6668642177263280E-005   1.0000000000000000E-002   1.2000000000000000E-002   1.0018083098945405        0.0000000000000000        1.0018083098945405        1.0000000000000000        6.9400066739805622E-310
   8.4999296838013771E-002  -5.0710074569311548E-005   2.9901417383015882E-005   1.0000000000000000E-002   1.2000000000000000E-002   1.0018080413989061        0.0000000000000000        1.0018080413989061        1.0000000000000000        6.9400066739805622E-310
   9.4999223576045483E-002  -5.5993504278637224E-005   3.3015902611843728E-005   1.0000000000000000E-002   1.2000000000000000E-002   1.0018077427777017        0.0000000000000000        1.0018077427777017        1.0000000000000000        6.9400066739805622E-310
  0.10499915338038686       -6.1055794889517141E-005   3.5999703817957140E-005   1.0000000000000000E-002   1.2000000000000000E-002   1.0018074152126630        0.0000000000000000        1.0018074152126630        1.0000000000000000        6.9400066739805622E-310
  0.11499908652815410       -6.5876961500194314E-005   3.8841064862182861E-005   1.0000000000000000E-002   1.2000000000000000E-002   1.0018070600001510        0.0000000000000000        1.0018070600001510        1.0000000000000000        6.9400066739805622E-310
  0.12499902328323631       -7.0437972536902590E-005   4.1528742192653567E-005   1.0000000000000000E-002   1.2000000000000000E-002   1.0018066785456794        0.0000000000000000        1.0018066785456794        1.0000000000000000        6.9400066739805622E-310
  0.13499896389524788       -7.4720826942440742E-005   4.4052168433950101E-005   1.0000000000000000E-002   1.2000000000000000E-002   1.0018062723582981        0.0000000000000000        1.0018062723582981        1.0000000000000000        6.9400066739805622E-310
  0.14499890859855052       -7.8708623792823527E-005   4.6401303879228806E-005   1.0000000000000000E-002   1.2000000000000000E-002   1.0018058430448236        0.0000000000000000        1.0018058430448236        1.0000000000000000        6.9400066739805622E-310
  0.15499885761131804       -8.2385628515418277E-005   4.8566925814341744E-005   1.0000000000000000E-002   1.2000000000000000E-002   1.0018053923035322        0.0000000000000000        1.0018053923035322        1.0000000000000000        6.9400066739805622E-310
  0.16499881113467982       -8.5737336946617671E-005   5.0540600201820496E-005   1.0000000000000000E-002   1.2000000000000000E-002   1.0018049219164948        0.0000000000000000        1.0018049219164948        1.0000000000000000        6.9400066739805622E-310
  0.17499876935194084       -8.8750529829312370E-005   5.2314420180721299E-005   1.0000000000000000E-002   1.2000000000000000E-002   1.0018044337433252        0.0000000000000000        1.0018044337433252        1.0000000000000000        6.9400066739805622E-310
  0.18499873242784348       -9.1413327100555464E-005   5.3881429502133926E-005   1.0000000000000000E-002   1.2000000000000000E-002   1.0018039297141921        0.0000000000000000        1.0018039297141921        1.0000000000000000        6.9400066739805622E-310
  0.19499870050792184       -9.3715234152538524E-005   5.5235595544544935E-005   1.0000000000000000E-002   1.2000000000000000E-002   1.0018034118208841        0.0000000000000000        1.0018034118208841        1.0000000000000000        6.9400066739805622E-310
  0.20499867371794536       -9.5647181364366573E-005   5.6371480911643346E-005   1.0000000000000000E-002   1.2000000000000000E-002   1.0018028821096507        0.0000000000000000        1.0018028821096507        1.0000000000000000        6.9400066739805622E-310
  0.21499865216340858       -9.7201561868786286E-005   5.7284675227364801E-005   1.0000000000000000E-002   1.2000000000000000E-002   1.0018023426734601        0.0000000000000000        1.0018023426734601        1.0000000000000000        6.9400066739805622E-310
  0.22499863592912497       -9.8372259413165224E-005   5.7971653677491020E-005   1.0000000000000000E-002   1.2000000000000000E-002   1.0018017956429377        0.0000000000000000        1.0018017956429377        1.0000000000000000        6.9400066739805622E-310
  0.23499862507889777       -9.9154674351721483E-005   5.8429755548594642E-005   1.0000000000000000E-002   1.2000000000000000E-002   1.0018012431780650        0.0000000000000000        1.0018012431780650        1.0000000000000000        6.9400066739805622E-310
  0.24499861965527539       -9.9545739292941288E-005   5.8657125829419954E-005   1.0000000000000000E-002   1.2000000000000000E-002   1.0018006874602468        0.0000000000000000        1.0018006874602468        1.0000000000000000        6.9400066739805622E-310
  0.25499861967937448       -9.9543931839135590E-005   5.8653035925004815E-005   1.0000000000000000E-002   1.2000000000000000E-002   1.0018001306831501        0.0000000000000000        1.0018001306831501        1.0000000000000000        6.9400066739805622E-310
  0.26499862515081740       -9.9149280935571433E-005   5.8417488332018763E-005   1.0000000000000000E-002   1.2000000000000000E-002   1.0017995750438529        0.0000000000000000        1.0017995750438529        1.0000000000000000        6.9400066739805622E-310
  0.27499863604772978       -9.8363364955886970E-005   5.7951422587798618E-005   1.0000000000000000E-002   1.2000000000000000E-002   1.0017990227349960        0.0000000000000000        1.0017990227349960        1.0000000000000000        6.9400066739805622E-310
  0.28499865232682620       -9.7189306493365024E-005   5.7256842623587545E-005   1.0000000000000000E-002   1.2000000000000000E-002   1.0017984759352183        0.0000000000000000        1.0017984759352183        1.0000000000000000        6.9400066739805622E-310
  0.29499867392360074       -9.5631758445460834E-005   5.6336433350345771E-005   1.0000000000000000E-002   1.2000000000000000E-002   1.0017979368008965        0.0000000000000000        1.0017979368008965        1.0000000000000000        6.9400066739805622E-310
  0.30499870075257235       -9.3696886947274922E-005   5.5193872747771877E-005   1.0000000000000000E-002   1.2000000000000000E-002   1.0017974074582214        0.0000000000000000        1.0017974074582214        1.0000000000000000        6.9400066739805622E-310
  0.31499873270762718       -9.1392345118480528E-005   5.3833788350665657E-005   1.0000000000000000E-002   1.2000000000000000E-002   1.0017968899939387        0.0000000000000000        1.0017968899939387        1.0000000000000000        6.9400066739805622E-310
  0.32499876966245056       -8.8727243552202135E-005   5.2261496985117617E-005   1.0000000000000000E-002   1.2000000000000000E-002   1.0017963864475909        0.0000000000000000        1.0017963864475909        1.0000000000000000        6.9400066739805622E-310
  0.33499881147101845       -8.5712113789446881E-005   5.0483227364672700E-005   1.0000000000000000E-002   1.2000000000000000E-002   1.0017958988039204        0.0000000000000000        1.0017958988039204        1.0000000000000000        6.9400066739805622E-310
  0.34499885796817581       -8.2358866538307960E-005   4.8506127818370715E-005   1.0000000000000000E-002   1.2000000000000000E-002   1.0017954289841864        0.0000000000000000        1.0017954289841864        1.0000000000000000        6.9400066739805622E-310
  0.35499890897030228       -7.8680744543952694E-005   4.6337973663490573E-005   1.0000000000000000E-002   1.2000000000000000E-002   1.0017949788388119        0.0000000000000000        1.0017949788388119        1.0000000000000000        6.9400066739805622E-310
  0.36499896427603401       -7.4692270913565652E-005   4.3987243191878633E-005   1.0000000000000000E-002   1.2000000000000000E-002   1.0017945501410765        0.0000000000000000        1.0017945501410765        1.0000000000000000        6.9400066739805622E-310
  0.37499902366704813       -7.0409189112361509E-005   4.1463326209800755E-005   1.0000000000000000E-002   1.2000000000000000E-002   1.0017941445794210        0.0000000000000000        1.0017941445794210        1.0000000000000000        6.9400066739805622E-310
  0.38499908690893947       -6.5848404854426266E-005   3.8776151134456427E-005   1.0000000000000000E-002   1.2000000000000000E-002   1.0017937637506189        0.0000000000000000        1.0017937637506189        1.0000000000000000        6.9400066739805622E-310
  0.39499915375213851       -6.1027915856759128E-005   3.5936359505051030E-005   1.0000000000000000E-002   1.2000000000000000E-002   1.0017934091538523        0.0000000000000000        1.0017934091538523        1.0000000000000000        6.9400066739805622E-310
  0.40499922393290227       -5.5966742303829433E-005   3.2955104805054702E-005   1.0000000000000000E-002   1.2000000000000000E-002   1.0017930821847993        0.0000000000000000        1.0017930821847993        1.0000000000000000        6.9400066739805622E-310
  0.41499929717435013       -5.0684851726797243E-005   2.9844087473307468E-005   1.0000000000000000E-002   1.2000000000000000E-002   1.0017927841307070        0.0000000000000000        1.0017927841307070        1.0000000000000000        6.9400066739805622E-310
  0.42499937318754699       -4.5203080136444749E-005   2.6615702511278982E-005   1.0000000000000000E-002   1.2000000000000000E-002   1.0017925161644383        0.0000000000000000        1.0017925161644383        1.0000000000000000        6.9400066739805622E-310
  0.43499945167266096       -3.9543050338982979E-005   2.3282551271819329E-005   1.0000000000000000E-002   1.2000000000000000E-002   1.0017922793402583        0.0000000000000000        1.0017922793402583        1.0000000000000000        6.9400066739805622E-310
  0.44499953232012629       -3.3727086247384184E-005   1.9857811978774009E-005   1.0000000000000000E-002   1.2000000000000000E-002   1.0017920745900486        0.0000000000000000        1.0017920745900486        1.0000000000000000        6.9400066739805622E-310
  0.45499961481187462       -2.7778124839660030E-005   1.6354889456060562E-005   1.0000000000000000E-002   1.2000000000000000E-002   1.0017919027195412        0.0000000000000000        1.0017919027195412        1.0000000000000000        6.9400066739805622E-310
  0.46499969882257169       -2.1719627370414015E-005   1.2787715760076424E-005   1.0000000000000000E-002   1.2000000000000000E-002   1.0017917644047176        0.0000000000000000        1.0017917644047176        1.0000000000000000        6.9400066739805622E-310
  0.47499978402092163       -1.5575484811632045E-005   9.1701475657401943E-006   1.0000000000000000E-002   1.2000000000000000E-002   1.0017916601896877        0.0000000000000000        1.0017916601896877        1.0000000000000000        6.9400066739805622E-310
  0.48499987007094209       -9.3699252903310322E-006   5.5165809342838656E-006   1.0000000000000000E-002   1.2000000000000000E-002   1.0017915904844770        0.0000000000000000        1.0017915904844770        1.0000000000000000        6.9400066739805622E-310
  0.49499995663331264       -3.1274192874458723E-006   1.8412638462805830E-006   1.0000000000000000E-002   1.2000000000000000E-002   1.0017915555631378        0.0000000000000000        1.0017915555631378        1.0000000000000000        6.9400066739805622E-310
  0.50500004336668891        3.1274190619207002E-006  -1.8412696958236552E-006   1.0000000000000000E-002   1.2000000000000000E-002   1.0017915555631727        0.0000000000000000        1.0017915555631727        1.0000000000000000        6.9400066739805622E-310
  0.51500012992905853        9.3699253952976912E-006  -5.5165659800238132E-006   1.0000000000000000E-002   1.2000000000000000E-002   1.0017915904844585        0.0000000000000000        1.0017915904844585        1.0000000000000000        6.9400066739805622E-310
  0.52500021597908053        1.5575484833872393E-005  -9.1701787443554394E-006   1.0000000000000000E-002   1.2000000000000000E-002   1.0017916601897472        0.0000000000000000        1.0017916601897472        1.0000000000000000        6.9400066739805622E-310
  0.53500030117742770        2.1719627355969101E-005  -1.2787693672855482E-005   1.0000000000000000E-002   1.2000000000000000E-002   1.0017917644048220        0.0000000000000000        1.0017917644048220        1.0000000000000000        6.9400066739805622E-310
  0.54500038518812521        2.7778125001593414E-005  -1.6354890081338169E-005   1.0000000000000000E-002   1.2000000000000000E-002   1.0017919027195386        0.0000000000000000        1.0017919027195386        1.0000000000000000        6.9400066739805622E-310
  0.55500046767987343        3.3727086428248555E-005  -1.9857816302426556E-005   1.0000000000000000E-002   1.2000000000000000E-002   1.0017920745900772        0.0000000000000000        1.0017920745900772        1.0000000000000000        6.9400066739805622E-310
  0.56500054832733815        3.9543050325532279E-005  -2.3282536116830954E-005   1.0000000000000000E-002   1.2000000000000000E-002   1.0017922793402356        0.0000000000000000        1.0017922793402356        1.0000000000000000        6.9400066739805622E-310
  0.57500062681245312        4.5203079899643177E-005  -2.6615701700372085E-005   1.0000000000000000E-002   1.2000000000000000E-002   1.0017925161643404        0.0000000000000000        1.0017925161643404        1.0000000000000000        6.9400066739805622E-310
  0.58500070282565120        5.0684851706023475E-005  -2.9844109623589077E-005   1.0000000000000000E-002   1.2000000000000000E-002   1.0017927841307015        0.0000000000000000        1.0017927841307015        1.0000000000000000        6.9400066739805622E-310
  0.59500077606709789        5.5966742306005962E-005  -3.2955090778052920E-005   1.0000000000000000E-002   1.2000000000000000E-002   1.0017930821848433        0.0000000000000000        1.0017930821848433        1.0000000000000000        6.9400066739805622E-310
  0.60500084624786143        6.1027915718415507E-005  -3.5936327794416911E-005   1.0000000000000000E-002   1.2000000000000000E-002   1.0017934091536740        0.0000000000000000        1.0017934091536740        1.0000000000000000        6.9400066739805622E-310
  0.61500091309106486        6.5848405107921516E-005  -3.8776209030366715E-005   1.0000000000000000E-002   1.2000000000000000E-002   1.0017937637505778        0.0000000000000000        1.0017937637505778        1.0000000000000000        6.9400066739805622E-310
  0.62500097633295260        7.0409188997694973E-005  -4.1463305760380820E-005   1.0000000000000000E-002   1.2000000000000000E-002   1.0017941445795329        0.0000000000000000        1.0017941445795329        1.0000000000000000        6.9400066739805622E-310
  0.63500103572396804        7.4692270811609990E-005  -4.3987281423518709E-005   1.0000000000000000E-002   1.2000000000000000E-002   1.0017945501412686        0.0000000000000000        1.0017945501412686        1.0000000000000000        6.9400066739805622E-310
  0.64500109102969427        7.8680744769283530E-005  -4.6337893232717420E-005   1.0000000000000000E-002   1.2000000000000000E-002   1.0017949788388310        0.0000000000000000        1.0017949788388310        1.0000000000000000        6.9400066739805622E-310
  0.65500114203182558        8.2358866531627906E-005  -4.8506144186610811E-005   1.0000000000000000E-002   1.2000000000000000E-002   1.0017954289838995        0.0000000000000000        1.0017954289838995        1.0000000000000000        6.9400066739805622E-310
  0.66500118852898482        8.5712113683513160E-005  -5.0483277662216608E-005   1.0000000000000000E-002   1.2000000000000000E-002   1.0017958988039430        0.0000000000000000        1.0017958988039430        1.0000000000000000        6.9400066739805622E-310
  0.67500123033755022        8.8727243660486799E-005  -5.2261497728522954E-005   1.0000000000000000E-002   1.2000000000000000E-002   1.0017963864478421        0.0000000000000000        1.0017963864478421        1.0000000000000000        6.9400066739805622E-310
  0.68500126729237032        9.1392345197742930E-005  -5.3833732016173030E-005   1.0000000000000000E-002   1.2000000000000000E-002   1.0017968899939313        0.0000000000000000        1.0017968899939313        1.0000000000000000        6.9400066739805622E-310
  0.69500129924742893        9.3696886754636305E-005  -5.5193909754613912E-005   1.0000000000000000E-002   1.2000000000000000E-002   1.0017974074581319        0.0000000000000000        1.0017974074581319        1.0000000000000000        6.9400066739805622E-310
  0.70500132607639887        9.5631758679115279E-005  -5.6336418513325270E-005   1.0000000000000000E-002   1.2000000000000000E-002   1.0017979368009202        0.0000000000000000        1.0017979368009202        1.0000000000000000        6.9400066739805622E-310
  0.71500134767317414        9.7189306191793322E-005  -5.7256836185182181E-005   1.0000000000000000E-002   1.2000000000000000E-002   1.0017984759351228        0.0000000000000000        1.0017984759351228        1.0000000000000000        6.9400066739805622E-310
  0.72500136395227222        9.8363365067130043E-005  -5.7951457145932750E-005   1.0000000000000000E-002   1.2000000000000000E-002   1.0017990227350426        0.0000000000000000        1.0017990227350426        1.0000000000000000        6.9400066739805622E-310
  0.73500137484918182        9.9149280948182317E-005  -5.8417462429183331E-005   1.0000000000000000E-002   1.2000000000000000E-002   1.0017995750439392        0.0000000000000000        1.0017995750439392        1.0000000000000000        6.9400066739805622E-310
  0.74500138032062557        9.9543931785092435E-005  -5.8653043880418920E-005   1.0000000000000000E-002   1.2000000000000000E-002   1.0018001306831428        0.0000000000000000        1.0018001306831428        1.0000000000000000        6.9400066739805622E-310
  0.75500138034472442        9.9545739393603171E-005  -5.8657143830131986E-005   1.0000000000000000E-002   1.2000000000000000E-002   1.0018006874603673        0.0000000000000000        1.0018006874603673        1.0000000000000000        6.9400066739805622E-310
  0.76500137492109954        9.9154674356633055E-005  -5.8429718094110683E-005   1.0000000000000000E-002   1.2000000000000000E-002   1.0018012431780974        0.0000000000000000        1.0018012431780974        1.0000000000000000        6.9400066739805622E-310
  0.77500136407087394        9.8372259471110572E-005  -5.7971644983112469E-005   1.0000000000000000E-002   1.2000000000000000E-002   1.0018017956427507        0.0000000000000000        1.0018017956427507        1.0000000000000000        6.9400066739805622E-310
  0.78500134783659303        9.7201561851179886E-005  -5.7284710011096251E-005   1.0000000000000000E-002   1.2000000000000000E-002   1.0018023426734040        0.0000000000000000        1.0018023426734040        1.0000000000000000        6.9400066739805622E-310
  0.79500132628205444        9.5647181097223779E-005  -5.6371456158998967E-005   1.0000000000000000E-002   1.2000000000000000E-002   1.0018028821096314        0.0000000000000000        1.0018028821096314        1.0000000000000000        6.9400066739805622E-310
  0.80500129949207999        9.3715234157359158E-005  -5.5235608694914617E-005   1.0000000000000000E-002   1.2000000000000000E-002   1.0018034118208161        0.0000000000000000        1.0018034118208161        1.0000000000000000        6.9400066739805622E-310
  0.81500126757215785        9.1413327320316874E-005  -5.3881431741231722E-005   1.0000000000000000E-002   1.2000000000000000E-002   1.0018039297141905        0.0000000000000000        1.0018039297141905        1.0000000000000000        6.9400066739805622E-310
  0.82500123064806119        8.8750530001575710E-005  -5.2314450332602291E-005   1.0000000000000000E-002   1.2000000000000000E-002   1.0018044337434744        0.0000000000000000        1.0018044337434744        1.0000000000000000        6.9400066739805622E-310
  0.83500118886531816        8.5737336751297267E-005  -5.0540548572008959E-005   1.0000000000000000E-002   1.2000000000000000E-002   1.0018049219165495        0.0000000000000000        1.0018049219165495        1.0000000000000000        6.9400066739805622E-310
  0.84500114238868285        8.2385628410553972E-005  -4.8566951926787283E-005   1.0000000000000000E-002   1.2000000000000000E-002   1.0018053923034607        0.0000000000000000        1.0018053923034607        1.0000000000000000        6.9400066739805622E-310
  0.85500109140144942        7.8708623821135908E-005  -4.6401311076138541E-005   1.0000000000000000E-002   1.2000000000000000E-002   1.0018058430449217        0.0000000000000000        1.0018058430449217        1.0000000000000000        6.9400066739805622E-310
  0.86500103610475054        7.4720827026383076E-005  -4.4052141610073647E-005   1.0000000000000000E-002   1.2000000000000000E-002   1.0018062723582875        0.0000000000000000        1.0018062723582875        1.0000000000000000        6.9400066739805622E-310
  0.87500097671676402        7.0437972469373722E-005  -4.1528760680087373E-005   1.0000000000000000E-002   1.2000000000000000E-002   1.0018066785456390        0.0000000000000000        1.0018066785456390        1.0000000000000000        6.9400066739805622E-310
  0.88500091347184517        6.5876961411012410E-005  -3.8841048284332658E-005   1.0000000000000000E-002   1.2000000000000000E-002   1.0018070600001230        0.0000000000000000        1.0018070600001230        1.0000000000000000        6.9400066739805622E-310
  0.89500084661961388        6.1055794828265871E-005  -3.5999710223499903E-005   1.0000000000000000E-002   1.2000000000000000E-002   1.0018074152125838        0.0000000000000000        1.0018074152125838        1.0000000000000000        6.9400066739805622E-310
  0.90500077642395560        5.5993504349648265E-005  -3.3015914858047779E-005   1.0000000000000000E-002   1.2000000000000000E-002   1.0018077427777123        0.0000000000000000        1.0018077427777123        1.0000000000000000        6.9400066739805622E-310
  0.91500070316198678        5.0710074768004736E-005  -2.9901431471301976E-005   1.0000000000000000E-002   1.2000000000000000E-002   1.0018080413990320        0.0000000000000000        1.0018080413990320        1.0000000000000000        6.9400066739805622E-310
  0.92500062712296238        4.5226366396817417E-005  -2.6668637901572367E-005   1.0000000000000000E-002   1.2000000000000000E-002   1.0018083098947099        0.0000000000000000        1.0018083098947099        1.0000000000000000        6.9400066739805622E-310
  0.93500054860712301        3.9564032565997868E-005  -2.3330230487061954E-005   1.0000000000000000E-002   1.2000000000000000E-002   1.0018085472019169        0.0000000000000000        1.0018085472019169        1.0000000000000000        6.9400066739805622E-310
  0.94500046792451975        3.3745433321531146E-005  -1.9899460621530807E-005   1.0000000000000000E-002   1.2000000000000000E-002   1.0018087523809869        0.0000000000000000        1.0018087523809869        1.0000000000000000        6.9400066739805622E-310
  0.95500038539378063        2.7793547850487957E-005  -1.6389949290207539E-005   1.0000000000000000E-002   1.2000000000000000E-002   1.0018089246197619        0.0000000000000000        1.0018089246197619        1.0000000000000000        6.9400066739805622E-310
  0.96500030134084802        2.1731882622659522E-005  -1.2815592270953857E-005   1.0000000000000000E-002   1.2000000000000000E-002   1.0018090632367249        0.0000000000000000        1.0018090632367249        1.0000000000000000        6.9400066739805622E-310
  0.97500021609768295        1.5584379452561933E-005  -9.1903607186694103E-006   1.0000000000000000E-002   1.2000000000000000E-002   1.0018091676826066        0.0000000000000000        1.0018091676826066        1.0000000000000000        6.9400066739805622E-310
  0.98500013000097741        9.3753188544297835E-006  -5.5288417843968318E-006   1.0000000000000000E-002   1.2000000000000000E-002   1.0018092375437173        0.0000000000000000        1.0018092375437173        1.0000000000000000        6.9400066739805622E-310
  0.99500004339078696        3.1292263477904190E-006  -1.8453652561589706E-006   1.0000000000000000E-002   1.2000000000000000E-002   1.0018092725436134        0.0000000000000000        1.0018092725436134        1.0000000000000000        6.9400066739805622E-310
   1.0049999566092114       -3.1292258757008613E-006   1.5257498837684125E-006   1.0000000000000000E-002   1.2000000000000000E-002   1.0018092725435153        0.0000000000000000        1.0018092725435153        1.0000000000000000        6.9400066739805622E-310
   1.0149998699990233       -9.3753175059074900E-006   4.5711738021481096E-006   1.0000000000000000E-002   1.2000000000000000E-002   1.0018092375436587        0.0000000000000000        1.0018092375436587        1.0000000000000000        6.9400066739805622E-310
   1.0249997839023164       -1.5584377110624058E-005   7.5985283674029347E-006   1.0000000000000000E-002   1.2000000000000000E-002   1.0018091676825054        0.0000000000000000        1.0018091676825054        1.0000000000000000        6.9400066739805622E-310
   1.0349996986591550       -2.1731879820133394E-005   1.0595745973951409E-005   1.0000000000000000E-002   1.2000000000000000E-002   1.0018090632367878        0.0000000000000000        1.0018090632367878        1.0000000000000000        6.9400066739805622E-310
   1.0449996146062175       -2.7793544102134746E-005   1.3551061726957414E-005   1.0000000000000000E-002   1.2000000000000000E-002   1.0018089246200463        0.0000000000000000        1.0018089246200463        1.0000000000000000        6.9400066739805622E-310
  -4.9999566092130410E-003   3.1296099062948431E-006  -3.5767633061438002E+077   1.0000000000000000E-002   1.2000000000000000E-002   1.0018092725436134        0.0000000000000000        1.0018092725436134        1.0000000000000000        6.9400066739805622E-310
  -1.4999869999022586E-002   9.3764680294324077E-006   0.0000000000000000        1.0000000000000000E-002   1.2000000000000000E-002   1.0018092375437173        0.0000000000000000        1.0018092375437173        1.0000000000000000        6.9400066739805622E-310
  -2.4999783902317052E-002   1.5586289696734910E-005  -3.5767633061438002E+077   1.0000000000000000E-002   1.2000000000000000E-002   1.0018091676826066        0.0000000000000000        1.0018091676826066        1.0000000000000000        6.9400066739805622E-310
  -3.4999698659151979E-002   2.1734546349826897E-005   6.9400068546417920E-310   1.0000000000000000E-002   1.2000000000000000E-002   1.0018090632367249        0.0000000000000000        1.0018090632367249        1.0000000000000000        6.9400066739805622E-310
  -4.4999614606219374E-002   2.7796954527927300E-005   6.9400066883177543E-310   1.0000000000000000E-002   1.2000000000000000E-002   1.0018089246197619        0.0000000000000000        1.0018089246197619        1.0000000000000000        6.9400066739805622E-310
