 # x, v, a, m, h, rho, u, P, c, ke
   3.5520000000000920     
   4.9995575056629203E-003  -1.2436677685758535E-006   1.8808658424518399E-005   1.0000000000000000E-002   1.2000000000000000E-002   1.0018907827362951        0.0000000000000000        1.0018907827362951        1.0000000000000000        6.9400066739805622E-310
   1.4998674263755981E-002  -3.7261017827067449E-006   5.6351732715675951E-005   1.0000000000000000E-002   1.2000000000000000E-002   1.0018904259589645        0.0000000000000000        1.0018904259589645        1.0000000000000000        6.9400066739805622E-310
   2.4997796255262775E-002  -6.1938485112289185E-006   9.3672166372016363E-005   1.0000000000000000E-002   1.2000000000000000E-002   1.0018897138141529        0.0000000000000000        1.0018897138141529        1.0000000000000000        6.9400066739805622E-310
   3.4996926946154062E-002  -8.6371818200349111E-006   1.3062243508787930E-004   1.0000000000000000E-002   1.2000000000000000E-002   1.0018886491170709        0.0000000000000000        1.0018886491170709        1.0000000000000000        6.9400066739805622E-310
   4.4996069768024588E-002  -1.1046469953217550E-005   1.6705669435701509E-004   1.0000000000000000E-002   1.2000000000000000E-002   1.0018872360760434        0.0000000000000000        1.0018872360760434        1.0000000000000000        6.9400066739805622E-310
   5.4995228104555434E-002  -1.3412215747908774E-005   2.0283090235473367E-004   1.0000000000000000E-002   1.2000000000000000E-002   1.0018854802759909        0.0000000000000000        1.0018854802759909        1.0000000000000000        6.9400066739805622E-310
   6.4994405278133299E-002  -1.5725092372330643E-005   2.3780374495885326E-004   1.0000000000000000E-002   1.2000000000000000E-002   1.0018833886568981        0.0000000000000000        1.0018833886568981        1.0000000000000000        6.9400066739805622E-310
   7.4993604536729166E-002  -1.7975980917698186E-005   2.7183715129819319E-004   1.0000000000000000E-002   1.2000000000000000E-002   1.0018809694853621        0.0000000000000000        1.0018809694853621        1.0000000000000000        6.9400066739805622E-310
   8.4992829041078272E-002  -2.0156006626201115E-005   3.0479664429350350E-004   1.0000000000000000E-002   1.2000000000000000E-002   1.0018782323221334        0.0000000000000000        1.0018782323221334        1.0000000000000000        6.9400066739805622E-310
   9.4992081852189547E-002  -2.2256572147788580E-005   3.3655205204130567E-004   1.0000000000000000E-002   1.2000000000000000E-002   1.0018751879844909        0.0000000000000000        1.0018751879844909        1.0000000000000000        6.9400066739805622E-310
  0.10499136591925921       -2.4269392360690390E-005   3.6697797549756217E-004   1.0000000000000000E-002   1.2000000000000000E-002   1.0018718485030980        0.0000000000000000        1.0018718485030980        1.0000000000000000        6.9400066739805622E-310
  0.11499068406802299       -2.6186528431608336E-005   3.9595435040684634E-004   1.0000000000000000E-002   1.2000000000000000E-002   1.0018682270739472        0.0000000000000000        1.0018682270739472        1.0000000000000000        6.9400066739805622E-310
  0.12499003898960927       -2.8000415850038608E-005   4.2336669157272411E-004   1.0000000000000000E-002   1.2000000000000000E-002   1.0018643380064207        0.0000000000000000        1.0018643380064207        1.0000000000000000        6.9400066739805622E-310
  0.13498943322990389       -2.9703897101468818E-005   4.4910683043042354E-004   1.0000000000000000E-002   1.2000000000000000E-002   1.0018601966667993        0.0000000000000000        1.0018601966667993        1.0000000000000000        6.9400066739805622E-310
  0.14498886917950385       -3.1290248623453002E-005   4.7307329197288084E-004   1.0000000000000000E-002   1.2000000000000000E-002   1.0018558194163296        0.0000000000000000        1.0018558194163296        1.0000000000000000        6.9400066739805622E-310
  0.15498834906429781       -3.2753206940176315E-005   4.9517136451893151E-004   1.0000000000000000E-002   1.2000000000000000E-002   1.0018512235473385        0.0000000000000000        1.0018512235473385        1.0000000000000000        6.9400066739805622E-310
  0.16498787493666131       -3.4086995028597547E-005   5.1531401650173336E-004   1.0000000000000000E-002   1.2000000000000000E-002   1.0018464272145169        0.0000000000000000        1.0018464272145169        1.0000000000000000        6.9400066739805622E-310
  0.17498744866738147       -3.5286343948269043E-005   5.3342174685422350E-004   1.0000000000000000E-002   1.2000000000000000E-002   1.0018414493626371        0.0000000000000000        1.0018414493626371        1.0000000000000000        6.9400066739805622E-310
  0.18498707193826608       -3.6346513670126617E-005   5.4942323099904655E-004   1.0000000000000000E-002   1.2000000000000000E-002   1.0018363096519720        0.0000000000000000        1.0018363096519720        1.0000000000000000        6.9400066739805622E-310
  0.19498674623552217       -3.7263311784188432E-005   5.6325540418900033E-004   1.0000000000000000E-002   1.2000000000000000E-002   1.0018310283801011        0.0000000000000000        1.0018310283801011        1.0000000000000000        6.9400066739805622E-310
  0.20498647284389646       -3.8033111448103052E-005   5.7486378342641586E-004   1.0000000000000000E-002   1.2000000000000000E-002   1.0018256264020009        0.0000000000000000        1.0018256264020009        1.0000000000000000        6.9400066739805622E-310
  0.21498625284161196       -3.8652865097546701E-005   5.8420276875725818E-004   1.0000000000000000E-002   1.2000000000000000E-002   1.0018201250470105        0.0000000000000000        1.0018201250470105        1.0000000000000000        6.9400066739805622E-310
  0.22498608709613555       -3.9120115335022957E-005   5.9123554426143698E-004   1.0000000000000000E-002   1.2000000000000000E-002   1.0018145460349483        0.0000000000000000        1.0018145460349483        1.0000000000000000        6.9400066739805622E-310
  0.23498597626075182       -3.9433006601677741E-005   5.9593456665396616E-004   1.0000000000000000E-002   1.2000000000000000E-002   1.0018089113903632        0.0000000000000000        1.0018089113903632        1.0000000000000000        6.9400066739805622E-310
  0.24498592077200682       -3.9590292352875197E-005   5.9828146365425994E-004   1.0000000000000000E-002   1.2000000000000000E-002   1.0018032433549386        0.0000000000000000        1.0018032433549386        1.0000000000000000        6.9400066739805622E-310
  0.25498592084799815       -3.9591339311130816E-005   5.9826713693134081E-004   1.0000000000000000E-002   1.2000000000000000E-002   1.0017975642999872        0.0000000000000000        1.0017975642999872        1.0000000000000000        6.9400066739805622E-310
  0.26498597648752759       -3.9436131349514219E-005   5.9589181390062862E-004   1.0000000000000000E-002   1.2000000000000000E-002   1.0017918966380703        0.0000000000000000        1.0017918966380703        1.0000000000000000        6.9400066739805622E-310
  0.27498608747012226       -3.9125268612243656E-005   5.9116497769107212E-004   1.0000000000000000E-002   1.2000000000000000E-002   1.0017862627348730        0.0000000000000000        1.0017862627348730        1.0000000000000000        6.9400066739805622E-310
  0.28498625335690897       -3.8659965526798762E-005   5.8410556675259073E-004   1.0000000000000000E-002   1.2000000000000000E-002   1.0017806848203965        0.0000000000000000        1.0017806848203965        1.0000000000000000        6.9400066739805622E-310
  0.29498647349237661       -3.8042047550768254E-005   5.7474149330172253E-004   1.0000000000000000E-002   1.2000000000000000E-002   1.0017751849014793        0.0000000000000000        1.0017751849014793        1.0000000000000000        6.9400066739805622E-310
  0.30498674700696260       -3.7273941946241215E-005   5.6310985610164010E-004   1.0000000000000000E-002   1.2000000000000000E-002   1.0017697846757059        0.0000000000000000        1.0017697846757059        1.0000000000000000        6.9400066739805622E-310
  0.31498707282049637       -3.6358670412608599E-005   5.4925682151463207E-004   1.0000000000000000E-002   1.2000000000000000E-002   1.0017645054447659        0.0000000000000000        1.0017645054447659        1.0000000000000000        6.9400066739805622E-310
  0.32498744964648896       -3.5299835569599536E-005   5.3323708273556036E-004   1.0000000000000000E-002   1.2000000000000000E-002   1.0017593680310362        0.0000000000000000        1.0017593680310362        1.0000000000000000        6.9400066739805622E-310
  0.33498787599720753       -3.4101609118528007E-005   5.1511395293069029E-004   1.0000000000000000E-002   1.2000000000000000E-002   1.0017543926962642        0.0000000000000000        1.0017543926962642        1.0000000000000000        6.9400066739805622E-310
  0.34498835018955470       -3.2768712579060952E-005   4.9495912188834978E-004   1.0000000000000000E-002   1.2000000000000000E-002   1.0017495990609397        0.0000000000000000        1.0017495990609397        1.0000000000000000        6.9400066739805622E-310
  0.35498887035172783       -3.1306401150130503E-005   4.7285215472214759E-004   1.0000000000000000E-002   1.2000000000000000E-002   1.0017450060273079        0.0000000000000000        1.0017450060273079        1.0000000000000000        6.9400066739805622E-310
  0.36498943443060461       -2.9720442401194126E-005   4.4888037478330034E-004   1.0000000000000000E-002   1.2000000000000000E-002   1.0017406317052342        0.0000000000000000        1.0017406317052342        1.0000000000000000        6.9400066739805622E-310
  0.37499004019985471       -2.8017092557165087E-005   4.2313840785990209E-004   1.0000000000000000E-002   1.2000000000000000E-002   1.0017364933407991        0.0000000000000000        1.0017364933407991        1.0000000000000000        6.9400066739805622E-310
  0.38499068526872665       -2.6203073579412623E-005   3.9572784106045589E-004   1.0000000000000000E-002   1.2000000000000000E-002   1.0017326072487163        0.0000000000000000        1.0017326072487163        1.0000000000000000        6.9400066739805622E-310
  0.39499136709148286       -2.4285545364990010E-005   3.6675685868825525E-004   1.0000000000000000E-002   1.2000000000000000E-002   1.0017289887480991        0.0000000000000000        1.0017289887480991        1.0000000000000000        6.9400066739805622E-310
  0.40499208297744621       -2.2272077557834808E-005   3.3633981325031925E-004   1.0000000000000000E-002   1.2000000000000000E-002   1.0017256521019609        0.0000000000000000        1.0017256521019609        1.0000000000000000        6.9400066739805622E-310
  0.41499283010162347       -2.0170620652947325E-005   3.0459659640147407E-004   1.0000000000000000E-002   1.2000000000000000E-002   1.0017226104617285        0.0000000000000000        1.0017226104617285        1.0000000000000000        6.9400066739805622E-310
  0.42499360551583770       -1.7989472776267266E-005   2.7165245024551865E-004   1.0000000000000000E-002   1.2000000000000000E-002   1.0017198758156982        0.0000000000000000        1.0017198758156982        1.0000000000000000        6.9400066739805622E-310
  0.43499440616036167       -1.5737249030344887E-005   2.3763736915505262E-004   1.0000000000000000E-002   1.2000000000000000E-002   1.0017174589411226        0.0000000000000000        1.0017174589411226        1.0000000000000000        6.9400066739805622E-310
  0.44499522887599507       -1.3422845787532851E-005   2.0268537377976514E-004   1.0000000000000000E-002   1.2000000000000000E-002   1.0017153693627077        0.0000000000000000        1.0017153693627077        1.0000000000000000        6.9400066739805622E-310
  0.45499607041650708       -1.1055405885295139E-005   1.6693436754167124E-004   1.0000000000000000E-002   1.2000000000000000E-002   1.0017136153150676        0.0000000000000000        1.0017136153150676        1.0000000000000000        6.9400066739805622E-310
  0.46499692746145238       -8.6442824799668949E-006   1.3052523112744296E-004   1.0000000000000000E-002   1.2000000000000000E-002   1.0017122037102895        0.0000000000000000        1.0017122037102895        1.0000000000000000        6.9400066739805622E-310
  0.47499779662924990       -6.1990019525506465E-006   9.3601612411120527E-005   1.0000000000000000E-002   1.2000000000000000E-002   1.0017111401107339        0.0000000000000000        1.0017111401107339        1.0000000000000000        6.9400066739805622E-310
  0.48499867449053291       -3.7292265594736775E-006   5.6308965507234632E-005   1.0000000000000000E-002   1.2000000000000000E-002   1.0017104287073340        0.0000000000000000        1.0017104287073340        1.0000000000000000        6.9400066739805622E-310
  0.49499955758165376       -1.2447150659436225E-006   1.8794344124550832E-005   1.0000000000000000E-002   1.2000000000000000E-002   1.0017100723035028        0.0000000000000000        1.0017100723035028        1.0000000000000000        6.9400066739805622E-310
  0.50500044241834752        1.2447151064712267E-006  -1.8794355518103600E-005   1.0000000000000000E-002   1.2000000000000000E-002   1.0017100723035570        0.0000000000000000        1.0017100723035570        1.0000000000000000        6.9400066739805622E-310
  0.51500132550946698        3.7292265524168812E-006  -5.6308939587523810E-005   1.0000000000000000E-002   1.2000000000000000E-002   1.0017104287073217        0.0000000000000000        1.0017104287073217        1.0000000000000000        6.9400066739805622E-310
  0.52500220337075154        6.1990019277811390E-006  -9.3601618035954459E-005   1.0000000000000000E-002   1.2000000000000000E-002   1.0017111401106231        0.0000000000000000        1.0017111401106231        1.0000000000000000        6.9400066739805622E-310
  0.53500307253855017        8.6442826234596210E-006  -1.3052525948076266E-004   1.0000000000000000E-002   1.2000000000000000E-002   1.0017122037103448        0.0000000000000000        1.0017122037103448        1.0000000000000000        6.9400066739805622E-310
  0.54500392958349297        1.1055405596879435E-005  -1.6693434462489165E-004   1.0000000000000000E-002   1.2000000000000000E-002   1.0017136153151338        0.0000000000000000        1.0017136153151338        1.0000000000000000        6.9400066739805622E-310
  0.55500477112400615        1.3422845851444401E-005  -2.0268538965595440E-004   1.0000000000000000E-002   1.2000000000000000E-002   1.0017153693627470        0.0000000000000000        1.0017153693627470        1.0000000000000000        6.9400066739805622E-310
  0.56500559383963755        1.5737249131640819E-005  -2.3763733585724367E-004   1.0000000000000000E-002   1.2000000000000000E-002   1.0017174589410953        0.0000000000000000        1.0017174589410953        1.0000000000000000        6.9400066739805622E-310
  0.57500639448416402        1.7989472758020489E-005  -2.7165247589078234E-004   1.0000000000000000E-002   1.2000000000000000E-002   1.0017198758156125        0.0000000000000000        1.0017198758156125        1.0000000000000000        6.9400066739805622E-310
  0.58500716989837809        2.0170620682491658E-005  -3.0459662675408339E-004   1.0000000000000000E-002   1.2000000000000000E-002   1.0017226104619177        0.0000000000000000        1.0017226104619177        1.0000000000000000        6.9400066739805622E-310
  0.59500791702255096        2.2272077396438731E-005  -3.3633974499291952E-004   1.0000000000000000E-002   1.2000000000000000E-002   1.0017256521019668        0.0000000000000000        1.0017256521019668        1.0000000000000000        6.9400066739805622E-310
  0.60500863290851858        2.4285545374684817E-005  -3.6675688585940946E-004   1.0000000000000000E-002   1.2000000000000000E-002   1.0017289887479195        0.0000000000000000        1.0017289887479195        1.0000000000000000        6.9400066739805622E-310
  0.61500931473127474        2.6203073700758661E-005  -3.9572785711872172E-004   1.0000000000000000E-002   1.2000000000000000E-002   1.0017326072487414        0.0000000000000000        1.0017326072487414        1.0000000000000000        6.9400066739805622E-310
  0.62500995980014595        2.8017092698201169E-005  -4.2313840770269451E-004   1.0000000000000000E-002   1.2000000000000000E-002   1.0017364933408863        0.0000000000000000        1.0017364933408863        1.0000000000000000        6.9400066739805622E-310
  0.63501056556939484        2.9720442350531679E-005  -4.4888035688028793E-004   1.0000000000000000E-002   1.2000000000000000E-002   1.0017406317052389        0.0000000000000000        1.0017406317052389        1.0000000000000000        6.9400066739805622E-310
  0.64501112964827290        3.1306401065283904E-005  -4.7285216794623608E-004   1.0000000000000000E-002   1.2000000000000000E-002   1.0017450060273023        0.0000000000000000        1.0017450060273023        1.0000000000000000        6.9400066739805622E-310
  0.65501164981044480        3.2768712546670175E-005  -4.9495910587094016E-004   1.0000000000000000E-002   1.2000000000000000E-002   1.0017495990609111        0.0000000000000000        1.0017495990609111        1.0000000000000000        6.9400066739805622E-310
  0.66501212400279397        3.4101609060202925E-005  -5.1511398856529667E-004   1.0000000000000000E-002   1.2000000000000000E-002   1.0017543926963246        0.0000000000000000        1.0017543926963246        1.0000000000000000        6.9400066739805622E-310
  0.67501255035350916        3.5299835771038533E-005  -5.3323703878938034E-004   1.0000000000000000E-002   1.2000000000000000E-002   1.0017593680310655        0.0000000000000000        1.0017593680310655        1.0000000000000000        6.9400066739805622E-310
  0.68501292717950424        3.6358670076908070E-005  -5.4925682394113551E-004   1.0000000000000000E-002   1.2000000000000000E-002   1.0017645054446009        0.0000000000000000        1.0017645054446009        1.0000000000000000        6.9400066739805622E-310
  0.69501325299303929        3.7273942051597849E-005  -5.6310987731311712E-004   1.0000000000000000E-002   1.2000000000000000E-002   1.0017697846756519        0.0000000000000000        1.0017697846756519        1.0000000000000000        6.9400066739805622E-310
  0.70501352650762517        3.8042047494773962E-005  -5.7474151105818549E-004   1.0000000000000000E-002   1.2000000000000000E-002   1.0017751849016026        0.0000000000000000        1.0017751849016026        1.0000000000000000        6.9400066739805622E-310
  0.71501374664309003        3.8659965606268443E-005  -5.8410553038790169E-004   1.0000000000000000E-002   1.2000000000000000E-002   1.0017806848204316        0.0000000000000000        1.0017806848204316        1.0000000000000000        6.9400066739805622E-310
  0.72501391252987890        3.9125268554269570E-005  -5.9116500288602936E-004   1.0000000000000000E-002   1.2000000000000000E-002   1.0017862627348553        0.0000000000000000        1.0017862627348553        1.0000000000000000        6.9400066739805622E-310
  0.73501402351247203        3.9436131525587920E-005  -5.9589180330910096E-004   1.0000000000000000E-002   1.2000000000000000E-002   1.0017918966381327        0.0000000000000000        1.0017918966381327        1.0000000000000000        6.9400066739805622E-310
  0.74501407915200135        3.9591339414257985E-005  -5.9826711890487161E-004   1.0000000000000000E-002   1.2000000000000000E-002   1.0017975642999040        0.0000000000000000        1.0017975642999040        1.0000000000000000        6.9400066739805622E-310
  0.75501407922799479        3.9590292442128651E-005  -5.9828148865026520E-004   1.0000000000000000E-002   1.2000000000000000E-002   1.0018032433549007        0.0000000000000000        1.0018032433549007        1.0000000000000000        6.9400066739805622E-310
  0.76501402373924843        3.9433006348829645E-005  -5.9593456001127976E-004   1.0000000000000000E-002   1.2000000000000000E-002   1.0018089113903959        0.0000000000000000        1.0018089113903959        1.0000000000000000        6.9400066739805622E-310
  0.77501391290386545        3.9120115155798151E-005  -5.9123556446216696E-004   1.0000000000000000E-002   1.2000000000000000E-002   1.0018145460350467        0.0000000000000000        1.0018145460350467        1.0000000000000000        6.9400066739805622E-310
  0.78501374715838601        3.8652864908362251E-005  -5.8420271945625046E-004   1.0000000000000000E-002   1.2000000000000000E-002   1.0018201250469787        0.0000000000000000        1.0018201250469787        1.0000000000000000        6.9400066739805622E-310
  0.79501352715610518        3.8033111764820516E-005  -5.7486380856897057E-004   1.0000000000000000E-002   1.2000000000000000E-002   1.0018256264018559        0.0000000000000000        1.0018256264018559        1.0000000000000000        6.9400066739805622E-310
  0.80501325376447908        3.7263311902612033E-005  -5.6325540545909547E-004   1.0000000000000000E-002   1.2000000000000000E-002   1.0018310283800858        0.0000000000000000        1.0018310283800858        1.0000000000000000        6.9400066739805622E-310
  0.81501292806173564        3.6346513547601844E-005  -5.4942323910189828E-004   1.0000000000000000E-002   1.2000000000000000E-002   1.0018363096519884        0.0000000000000000        1.0018363096519884        1.0000000000000000        6.9400066739805622E-310
  0.82501255133261953        3.5286343985825041E-005  -5.3342175024617688E-004   1.0000000000000000E-002   1.2000000000000000E-002   1.0018414493627128        0.0000000000000000        1.0018414493627128        1.0000000000000000        6.9400066739805622E-310
  0.83501212506333888        3.4086995271189288E-005  -5.1531402251203673E-004   1.0000000000000000E-002   1.2000000000000000E-002   1.0018464272146292        0.0000000000000000        1.0018464272146292        1.0000000000000000        6.9400066739805622E-310
  0.84501165093570096        3.2753206665593929E-005  -4.9517135846688376E-004   1.0000000000000000E-002   1.2000000000000000E-002   1.0018512235474577        0.0000000000000000        1.0018512235474577        1.0000000000000000        6.9400066739805622E-310
  0.85501113082049374        3.1290248484476336E-005  -4.7307326614287604E-004   1.0000000000000000E-002   1.2000000000000000E-002   1.0018558194163041        0.0000000000000000        1.0018558194163041        1.0000000000000000        6.9400066739805622E-310
  0.86501056677009558        2.9703897039737830E-005  -4.4910685132304451E-004   1.0000000000000000E-002   1.2000000000000000E-002   1.0018601966667449        0.0000000000000000        1.0018601966667449        1.0000000000000000        6.9400066739805622E-310
  0.87500996101038975        2.8000415879477428E-005  -4.2336670621612171E-004   1.0000000000000000E-002   1.2000000000000000E-002   1.0018643380065313        0.0000000000000000        1.0018643380065313        1.0000000000000000        6.9400066739805622E-310
  0.88500931593197385        2.6186528732364050E-005  -3.9595431516747936E-004   1.0000000000000000E-002   1.2000000000000000E-002   1.0018682270739612        0.0000000000000000        1.0018682270739612        1.0000000000000000        6.9400066739805622E-310
  0.89500863408073938        2.4269392293827764E-005  -3.6697797075202487E-004   1.0000000000000000E-002   1.2000000000000000E-002   1.0018718485029319        0.0000000000000000        1.0018718485029319        1.0000000000000000        6.9400066739805622E-310
  0.90500791814781101        2.2256572129037782E-005  -3.3655207668559228E-004   1.0000000000000000E-002   1.2000000000000000E-002   1.0018751879844139        0.0000000000000000        1.0018751879844139        1.0000000000000000        6.9400066739805622E-310
  0.91500717095892192        2.0156006647860466E-005  -3.0479664975757714E-004   1.0000000000000000E-002   1.2000000000000000E-002   1.0018782323221966        0.0000000000000000        1.0018782323221966        1.0000000000000000        6.9400066739805622E-310
  0.92500639546326968        1.7975981084803871E-005  -2.7183712116407577E-004   1.0000000000000000E-002   1.2000000000000000E-002   1.0018809694853086        0.0000000000000000        1.0018809694853086        1.0000000000000000        6.9400066739805622E-310
  0.93500559472186817        1.5725092245620264E-005  -2.3780377620674642E-004   1.0000000000000000E-002   1.2000000000000000E-002   1.0018833886568510        0.0000000000000000        1.0018833886568510        1.0000000000000000        6.9400066739805622E-310
  0.94500477189544463        1.3412215579710721E-005  -2.0283090583284036E-004   1.0000000000000000E-002   1.2000000000000000E-002   1.0018854802761088        0.0000000000000000        1.0018854802761088        1.0000000000000000        6.9400066739805622E-310
  0.95500393023197416        1.1046470088018617E-005  -1.6705668299454857E-004   1.0000000000000000E-002   1.2000000000000000E-002   1.0018872360761089        0.0000000000000000        1.0018872360761089        1.0000000000000000        6.9400066739805622E-310
  0.96500307305384481        8.6371818232940381E-006  -1.3062243584194277E-004   1.0000000000000000E-002   1.2000000000000000E-002   1.0018886491171022        0.0000000000000000        1.0018886491171022        1.0000000000000000        6.9400066739805622E-310
  0.97500220374473512        6.1938486115092770E-006  -9.3672132115862894E-005   1.0000000000000000E-002   1.2000000000000000E-002   1.0018897138140286        0.0000000000000000        1.0018897138140286        1.0000000000000000        6.9400066739805622E-310
  0.98500132573624555        3.7261016052550391E-006  -5.6351762702355757E-005   1.0000000000000000E-002   1.2000000000000000E-002   1.0018904259588171        0.0000000000000000        1.0018904259588171        1.0000000000000000        6.9400066739805622E-310
  0.99500044249433817        1.2436678330501386E-006  -1.8808658890812069E-005   1.0000000000000000E-002   1.2000000000000000E-002   1.0018907827362991        0.0000000000000000        1.0018907827362991        1.0000000000000000        6.9400066739805622E-310
   1.0049995575056629       -1.2436622767672456E-006   1.8679677926236593E-005   1.0000000000000000E-002   1.2000000000000000E-002   1.0018907827362951        0.0000000000000000        1.0018907827362951        1.0000000000000000        6.9400066739805622E-310
   1.0149986742637560       -3.7260853261255804E-006   5.5965264222024302E-005   1.0000000000000000E-002   1.2000000000000000E-002   1.0018904259589645        0.0000000000000000        1.0018904259589645        1.0000000000000000        6.9400066739805622E-310
   1.0249977962552628       -6.1938211494158367E-006   9.3029757900708887E-005   1.0000000000000000E-002   1.2000000000000000E-002   1.0018897138141529        0.0000000000000000        1.0018897138141529        1.0000000000000000        6.9400066739805622E-310
   1.0349969269461541       -8.6371436747048175E-006   1.2972659362286976E-004   1.0000000000000000E-002   1.2000000000000000E-002   1.0018886491170709        0.0000000000000000        1.0018886491170709        1.0000000000000000        6.9400066739805622E-310
   1.0449960697680245       -1.1046421162574558E-005   1.6591094484663671E-004   1.0000000000000000E-002   1.2000000000000000E-002   1.0018872360760434        0.0000000000000000        1.0018872360760434        1.0000000000000000        6.9400066739805622E-310
  -4.9995575056618335E-003   1.2438226124575627E-006  -3.5767633061438002E+077   1.0000000000000000E-002   1.2000000000000000E-002   1.0018907827362991        0.0000000000000000        1.0018907827362991        1.0000000000000000        6.9400066739805622E-310
  -1.4998674263754452E-002   3.7265653588463011E-006   0.0000000000000000        1.0000000000000000E-002   1.2000000000000000E-002   1.0018904259588171        0.0000000000000000        1.0018904259588171        1.0000000000000000        6.9400066739805622E-310
  -2.4997796255264881E-002   6.1946195071318141E-006  -3.5767633061438002E+077   1.0000000000000000E-002   1.2000000000000000E-002   1.0018897138140286        0.0000000000000000        1.0018897138140286        1.0000000000000000        6.9400066739805622E-310
  -3.4996926946155194E-002   8.6382568310110154E-006   6.9400068546417920E-310   1.0000000000000000E-002   1.2000000000000000E-002   1.0018886491171022        0.0000000000000000        1.0018886491171022        1.0000000000000000        6.9400066739805622E-310
  -4.4996069768025837E-002   1.1047844995839279E-005   6.9400066883177543E-310   1.0000000000000000E-002   1.2000000000000000E-002   1.0018872360761089        0.0000000000000000        1.0018872360761089        1.0000000000000000        6.9400066739805622E-310
