 # x, v, a, m, h, rho, u, P, c, ke
   4.4520000000000755     
   4.9996724445571543E-003  -2.3042631576078128E-006   1.3928233441262705E-005   1.0000000000000000E-002   1.2000000000000000E-002   1.0018673069884774        0.0000000000000000        1.0018673069884774        1.0000000000000000        6.9400066739805622E-310
   1.4999018627203721E-002  -6.9036944234433958E-006   4.1729609694840519E-005   1.0000000000000000E-002   1.2000000000000000E-002   1.0018670427974405        0.0000000000000000        1.0018670427974405        1.0000000000000000        6.9400066739805622E-310
   2.4998368685337405E-002  -1.1475878023899314E-005   6.9365888632155759E-005   1.0000000000000000E-002   1.2000000000000000E-002   1.0018665154609061        0.0000000000000000        1.0018665154609061        1.0000000000000000        6.9400066739805622E-310
   3.4997725185578796E-002  -1.6002767863572209E-005   9.6727729382628524E-005   1.0000000000000000E-002   1.2000000000000000E-002   1.0018657270658562        0.0000000000000000        1.0018657270658562        1.0000000000000000        6.9400066739805622E-310
   4.4997090669065251E-002  -2.0466497078367027E-005   1.2370676031103756E-004   1.0000000000000000E-002   1.2000000000000000E-002   1.0018646807330098        0.0000000000000000        1.0018646807330098        1.0000000000000000        6.9400066739805622E-310
   5.4996467641381899E-002  -2.4849448546135769E-005   1.5019638094226906E-004   1.0000000000000000E-002   1.2000000000000000E-002   1.0018633806037838        0.0000000000000000        1.0018633806037838        1.0000000000000000        6.9400066739805622E-310
   6.4995858562667763E-002  -2.9134322503075009E-005   1.7609178611532883E-004   1.0000000000000000E-002   1.2000000000000000E-002   1.0018618318233359        0.0000000000000000        1.0018618318233359        1.0000000000000000        6.9400066739805622E-310
   7.4995265837879674E-002  -3.3304208494328991E-005   2.0129056054596361E-004   1.0000000000000000E-002   1.2000000000000000E-002   1.0018600405207252        0.0000000000000000        1.0018600405207252        1.0000000000000000        6.9400066739805622E-310
   8.4994691807281586E-002  -3.7342648314370304E-005   2.2569309236430968E-004   1.0000000000000000E-002   1.2000000000000000E-002   1.0018580137841104        0.0000000000000000        1.0018580137841104        1.0000000000000000        6.9400066739805622E-310
   9.4994138737196795E-002  -4.1233703266352342E-005   2.4920283254115105E-004   1.0000000000000000E-002   1.2000000000000000E-002   1.0018557596329529        0.0000000000000000        1.0018557596329529        1.0000000000000000        6.9400066739805622E-310
  0.10499360881103637       -4.4962017127879614E-005   2.7172700128641480E-004   1.0000000000000000E-002   1.2000000000000000E-002   1.0018532869855130        0.0000000000000000        1.0018532869855130        1.0000000000000000        6.9400066739805622E-310
  0.11499310412068905       -4.8512874941047021E-005   2.9317654810334659E-004   1.0000000000000000E-002   1.2000000000000000E-002   1.0018506056232286        0.0000000000000000        1.0018506056232286        1.0000000000000000        6.9400066739805622E-310
  0.12499262665824570       -5.1872262943887598E-005   3.1346678275223638E-004   1.0000000000000000E-002   1.2000000000000000E-002   1.0018477261522527        0.0000000000000000        1.0018477261522527        1.0000000000000000        6.9400066739805622E-310
  0.13499217830813837       -5.5026922681514124E-005   3.3251755241003877E-004   1.0000000000000000E-002   1.2000000000000000E-002   1.0018446599611353        0.0000000000000000        1.0018446599611353        1.0000000000000000        6.9400066739805622E-310
  0.14499176083969226       -5.7964404536344469E-005   3.5025378596476031E-004   1.0000000000000000E-002   1.2000000000000000E-002   1.0018414191751994        0.0000000000000000        1.0018414191751994        1.0000000000000000        6.9400066739805622E-310
  0.15499137590015633       -6.0673116330515255E-005   3.6660553044143285E-004   1.0000000000000000E-002   1.2000000000000000E-002   1.0018380166079928        0.0000000000000000        1.0018380166079928        1.0000000000000000        6.9400066739805622E-310
  0.16499102500820664       -6.3142367521400126E-005   3.8150823319504923E-004   1.0000000000000000E-002   1.2000000000000000E-002   1.0018344657113571        0.0000000000000000        1.0018344657113571        1.0000000000000000        6.9400066739805622E-310
  0.17499070954794690       -6.5362414351181623E-005   3.9490332653713267E-004   1.0000000000000000E-002   1.2000000000000000E-002   1.0018307805213216        0.0000000000000000        1.0018307805213216        1.0000000000000000        6.9400066739805622E-310
  0.18499043076347294       -6.7324496077341445E-005   4.0673807138702500E-004   1.0000000000000000E-002   1.2000000000000000E-002   1.0018269756019660        0.0000000000000000        1.0018269756019660        1.0000000000000000        6.9400066739805622E-310
  0.19499018975397264       -6.9020869620620793E-005   4.1696586716888362E-004   1.0000000000000000E-002   1.2000000000000000E-002   1.0018230659886298        0.0000000000000000        1.0018230659886298        1.0000000000000000        6.9400066739805622E-310
  0.20498998746939456       -7.0444841856131564E-005   4.2554667453487127E-004   1.0000000000000000E-002   1.2000000000000000E-002   1.0018190671275351        0.0000000000000000        1.0018190671275351        1.0000000000000000        6.9400066739805622E-310
  0.21498982470673297       -7.1590793677205877E-005   4.3244680324061591E-004   1.0000000000000000E-002   1.2000000000000000E-002   1.0018149948145045        0.0000000000000000        1.0018149948145045        1.0000000000000000        6.9400066739805622E-310
  0.22498970210689465       -7.2454204460553151E-005   4.3763924708795088E-004   1.0000000000000000E-002   1.2000000000000000E-002   1.0018108651330613        0.0000000000000000        1.0018108651330613        1.0000000000000000        6.9400066739805622E-310
  0.23498962015219099       -7.3031667483357024E-005   4.4110382430684325E-004   1.0000000000000000E-002   1.2000000000000000E-002   1.0018066943902983        0.0000000000000000        1.0018066943902983        1.0000000000000000        6.9400066739805622E-310
  0.24498957916446126       -7.3320905553262201E-005   4.4282719942767557E-004   1.0000000000000000E-002   1.2000000000000000E-002   1.0018024990519736        0.0000000000000000        1.0018024990519736        1.0000000000000000        6.9400066739805622E-310
  0.25498957930383648       -7.3320778753961649E-005   4.4280271695829043E-004   1.0000000000000000E-002   1.2000000000000000E-002   1.0017982956782749        0.0000000000000000        1.0017982956782749        1.0000000000000000        6.9400066739805622E-310
  0.26498962056811531       -7.3031288601933502E-005   4.4103084260438408E-004   1.0000000000000000E-002   1.2000000000000000E-002   1.0017941008583484        0.0000000000000000        1.0017941008583484        1.0000000000000000        6.9400066739805622E-310
  0.27498970279280877       -7.2453579383692640E-005   4.3751891903198725E-004   1.0000000000000000E-002   1.2000000000000000E-002   1.0017899311438152        0.0000000000000000        1.0017899311438152        1.0000000000000000        6.9400066739805622E-310
  0.28498982565182290       -7.1589932501937655E-005   4.3228094823888341E-004   1.0000000000000000E-002   1.2000000000000000E-002   1.0017858029845788        0.0000000000000000        1.0017858029845788        1.0000000000000000        6.9400066739805622E-310
  0.29498998865875342       -7.0443758179147641E-005   4.2533795941679386E-004   1.0000000000000000E-002   1.2000000000000000E-002   1.0017817326638612        0.0000000000000000        1.0017817326638612        1.0000000000000000        6.9400066739805622E-310
  0.30499019116884107       -6.9019580466361973E-005   4.1671763414186103E-004   1.0000000000000000E-002   1.2000000000000000E-002   1.0017777362332692        0.0000000000000000        1.0017777362332692        1.0000000000000000        6.9400066739805622E-310
  0.31499043238154206       -6.7323021556607674E-005   4.0645412424478167E-004   1.0000000000000000E-002   1.2000000000000000E-002   1.0017738294505956        0.0000000000000000        1.0017738294505956        1.0000000000000000        6.9400066739805622E-310
  0.32499071134369528       -6.5360778154553866E-005   3.9458822920490633E-004   1.0000000000000000E-002   1.2000000000000000E-002   1.0017700277175439        0.0000000000000000        1.0017700277175439        1.0000000000000000        6.9400066739805622E-310
  0.33499102695331456       -6.3140595214881582E-005   3.8116694958567621E-004   1.0000000000000000E-002   1.2000000000000000E-002   1.0017663460187971        0.0000000000000000        1.0017663460187971        1.0000000000000000        6.9400066739805622E-310
  0.34499137796395107       -6.0671235680183108E-005   3.6624337533908147E-004   1.0000000000000000E-002   1.2000000000000000E-002   1.0017627988637408        0.0000000000000000        1.0017627988637408        1.0000000000000000        6.9400066739805622E-310
  0.35499176298962382       -5.7962445700707947E-005   3.4987654471763108E-004   1.0000000000000000E-002   1.2000000000000000E-002   1.0017594002293713        0.0000000000000000        1.0017594002293713        1.0000000000000000        6.9400066739805622E-310
  0.36499218051030130       -5.5024915841216728E-005   3.3213118023667221E-004   1.0000000000000000E-002   1.2000000000000000E-002   1.0017561635051127        0.0000000000000000        1.0017561635051127        1.0000000000000000        6.9400066739805622E-310
  0.37499262887791546       -5.1870240375634819E-005   3.1307726398832614E-004   1.0000000000000000E-002   1.2000000000000000E-002   1.0017531014409573        0.0000000000000000        1.0017531014409573        1.0000000000000000        6.9400066739805622E-310
  0.38499310632285566       -4.8510868285655853E-005   2.9279011940452904E-004   1.0000000000000000E-002   1.2000000000000000E-002   1.0017502260971947        0.0000000000000000        1.0017502260971947        1.0000000000000000        6.9400066739805622E-310
  0.39499361096096952       -4.4960058025480433E-005   2.7134975657894245E-004   1.0000000000000000E-002   1.2000000000000000E-002   1.0017475487968612        0.0000000000000000        1.0017475487968612        1.0000000000000000        6.9400066739805622E-310
  0.40499414080099055       -4.1231822978992008E-005   2.4884072661279788E-004   1.0000000000000000E-002   1.2000000000000000E-002   1.0017450800820493        0.0000000000000000        1.0017450800820493        1.0000000000000000        6.9400066739805622E-310
  0.41499469375239162       -3.7340876040080367E-005   2.2535178089810870E-004   1.0000000000000000E-002   1.2000000000000000E-002   1.0017428296723743        0.0000000000000000        1.0017428296723743        1.0000000000000000        6.9400066739805622E-310
  0.42499526763362988       -3.3302572146455844E-005   2.0097544229980002E-004   1.0000000000000000E-002   1.2000000000000000E-002   1.0017408064272852        0.0000000000000000        1.0017408064272852        1.0000000000000000        6.9400066739805622E-310
  0.43499586018073594       -2.9132848103046984E-005   1.7580787355075955E-004   1.0000000000000000E-002   1.2000000000000000E-002   1.0017390183108899        0.0000000000000000        1.0017390183108899        1.0000000000000000        6.9400066739805622E-310
  0.44499646905625162       -2.4848158969971681E-005   1.4994812550384040E-004   1.0000000000000000E-002   1.2000000000000000E-002   1.0017374723610681        0.0000000000000000        1.0017374723610681        1.0000000000000000        6.9400066739805622E-310
  0.45499709185842296       -2.0465413670331860E-005   1.2349809824119262E-004   1.0000000000000000E-002   1.2000000000000000E-002   1.0017361746622095        0.0000000000000000        1.0017361746622095        1.0000000000000000        6.9400066739805622E-310
  0.46499772613067286       -1.6001906688022098E-005   9.6561820088325589E-005   1.0000000000000000E-002   1.2000000000000000E-002   1.0017351303216715        0.0000000000000000        1.0017351303216715        1.0000000000000000        6.9400066739805622E-310
  0.47499836937125378       -1.1475252934028319E-005   6.9245538490747549E-005   1.0000000000000000E-002   1.2000000000000000E-002   1.0017343434491794        0.0000000000000000        1.0017343434491794        1.0000000000000000        6.9400066739805622E-310
  0.48499901904312753       -6.9033156722082123E-006   4.1656637847609090E-005   1.0000000000000000E-002   1.2000000000000000E-002   1.0017338171409205        0.0000000000000000        1.0017338171409205        1.0000000000000000        6.9400066739805622E-310
  0.49499967258392907       -2.3041359863860014E-006   1.3903808799398121E-005   1.0000000000000000E-002   1.2000000000000000E-002   1.0017335534679919        0.0000000000000000        1.0017335534679919        1.0000000000000000        6.9400066739805622E-310
  0.50500032741607026        2.3041360987921092E-006  -1.3903784985558332E-005   1.0000000000000000E-002   1.2000000000000000E-002   1.0017335534678780        0.0000000000000000        1.0017335534678780        1.0000000000000000        6.9400066739805622E-310
  0.51500098095687452        6.9033155424112001E-006  -4.1656666340372794E-005   1.0000000000000000E-002   1.2000000000000000E-002   1.0017338171408416        0.0000000000000000        1.0017338171408416        1.0000000000000000        6.9400066739805622E-310
  0.52500163062874716        1.1475252934160468E-005  -6.9245531807204941E-005   1.0000000000000000E-002   1.2000000000000000E-002   1.0017343434491928        0.0000000000000000        1.0017343434491928        1.0000000000000000        6.9400066739805622E-310
  0.53500227386932886        1.6001906709763713E-005  -9.6561841314013463E-005   1.0000000000000000E-002   1.2000000000000000E-002   1.0017351303217426        0.0000000000000000        1.0017351303217426        1.0000000000000000        6.9400066739805622E-310
  0.54500290814157659        2.0465413572401638E-005  -1.2349808156031372E-004   1.0000000000000000E-002   1.2000000000000000E-002   1.0017361746623132        0.0000000000000000        1.0017361746623132        1.0000000000000000        6.9400066739805622E-310
  0.55500353094374766        2.4848159038755001E-005  -1.4994810218205146E-004   1.0000000000000000E-002   1.2000000000000000E-002   1.0017374723609855        0.0000000000000000        1.0017374723609855        1.0000000000000000        6.9400066739805622E-310
  0.56500413981926556        2.9132848294092981E-005  -1.7580789559534793E-004   1.0000000000000000E-002   1.2000000000000000E-002   1.0017390183108030        0.0000000000000000        1.0017390183108030        1.0000000000000000        6.9400066739805622E-310
  0.57500473236637140        3.3302572261243974E-005  -2.0097545833852593E-004   1.0000000000000000E-002   1.2000000000000000E-002   1.0017408064273681        0.0000000000000000        1.0017408064273681        1.0000000000000000        6.9400066739805622E-310
  0.58500530624760794        3.7340875663737137E-005  -2.2535176227833631E-004   1.0000000000000000E-002   1.2000000000000000E-002   1.0017428296724453        0.0000000000000000        1.0017428296724453        1.0000000000000000        6.9400066739805622E-310
  0.59500585919900906        4.1231822843022010E-005  -2.4884070945052628E-004   1.0000000000000000E-002   1.2000000000000000E-002   1.0017450800819530        0.0000000000000000        1.0017450800819530        1.0000000000000000        6.9400066739805622E-310
  0.60500638903903226        4.4960058443954344E-005  -2.7134977143727923E-004   1.0000000000000000E-002   1.2000000000000000E-002   1.0017475487967735        0.0000000000000000        1.0017475487967735        1.0000000000000000        6.9400066739805622E-310
  0.61500689367714556        4.8510867984380986E-005  -2.9279010481353396E-004   1.0000000000000000E-002   1.2000000000000000E-002   1.0017502260970899        0.0000000000000000        1.0017502260970899        1.0000000000000000        6.9400066739805622E-310
  0.62500737112208882        5.1870240277425475E-005  -3.1307732388974330E-004   1.0000000000000000E-002   1.2000000000000000E-002   1.0017531014410679        0.0000000000000000        1.0017531014410679        1.0000000000000000        6.9400066739805622E-310
  0.63500781948969742        5.5024916031772734E-005  -3.3213112690866353E-004   1.0000000000000000E-002   1.2000000000000000E-002   1.0017561635052528        0.0000000000000000        1.0017561635052528        1.0000000000000000        6.9400066739805622E-310
  0.64500823701037746        5.7962445827793199E-005  -3.4987657504004233E-004   1.0000000000000000E-002   1.2000000000000000E-002   1.0017594002293959        0.0000000000000000        1.0017594002293959        1.0000000000000000        6.9400066739805622E-310
  0.65500862203604759        6.0671235643110313E-005  -3.6624336077739628E-004   1.0000000000000000E-002   1.2000000000000000E-002   1.0017627988638533        0.0000000000000000        1.0017627988638533        1.0000000000000000        6.9400066739805622E-310
  0.66500897304668405        6.3140595239161585E-005  -3.8116693257794765E-004   1.0000000000000000E-002   1.2000000000000000E-002   1.0017663460187571        0.0000000000000000        1.0017663460187571        1.0000000000000000        6.9400066739805622E-310
  0.67500928865630427        6.5360778071799885E-005  -3.9458822729443455E-004   1.0000000000000000E-002   1.2000000000000000E-002   1.0017700277174126        0.0000000000000000        1.0017700277174126        1.0000000000000000        6.9400066739805622E-310
  0.68500956761845955        6.7323021646183929E-005  -4.0645415576801014E-004   1.0000000000000000E-002   1.2000000000000000E-002   1.0017738294506071        0.0000000000000000        1.0017738294506071        1.0000000000000000        6.9400066739805622E-310
  0.69500980883115782        6.9019580548974072E-005  -4.1671758341088605E-004   1.0000000000000000E-002   1.2000000000000000E-002   1.0017777362331937        0.0000000000000000        1.0017777362331937        1.0000000000000000        6.9400066739805622E-310
  0.70501001134124963        7.0443757625688778E-005  -4.2533799312138854E-004   1.0000000000000000E-002   1.2000000000000000E-002   1.0017817326636953        0.0000000000000000        1.0017817326636953        1.0000000000000000        6.9400066739805622E-310
  0.71501017434817993        7.1589932860452305E-005  -4.3228097072489646E-004   1.0000000000000000E-002   1.2000000000000000E-002   1.0017858029846889        0.0000000000000000        1.0017858029846889        1.0000000000000000        6.9400066739805622E-310
  0.72501029720719146        7.2453579514220539E-005  -4.3751888374199410E-004   1.0000000000000000E-002   1.2000000000000000E-002   1.0017899311438532        0.0000000000000000        1.0017899311438532        1.0000000000000000        6.9400066739805622E-310
  0.73501037943188685        7.3031288561840979E-005  -4.4103086923819035E-004   1.0000000000000000E-002   1.2000000000000000E-002   1.0017941008583457        0.0000000000000000        1.0017941008583457        1.0000000000000000        6.9400066739805622E-310
  0.74501042069616419        7.3320778571582770E-005  -4.4280272222696482E-004   1.0000000000000000E-002   1.2000000000000000E-002   1.0017982956784308        0.0000000000000000        1.0017982956784308        1.0000000000000000        6.9400066739805622E-310
  0.75501042083553727        7.3320905409994451E-005  -4.4282716282051382E-004   1.0000000000000000E-002   1.2000000000000000E-002   1.0018024990519780        0.0000000000000000        1.0018024990519780        1.0000000000000000        6.9400066739805622E-310
  0.76501037984780973        7.3031667699677042E-005  -4.4110384463014185E-004   1.0000000000000000E-002   1.2000000000000000E-002   1.0018066943902268        0.0000000000000000        1.0018066943902268        1.0000000000000000        6.9400066739805622E-310
  0.77501029789310572        7.2454204595556827E-005  -4.3763925968143269E-004   1.0000000000000000E-002   1.2000000000000000E-002   1.0018108651331499        0.0000000000000000        1.0018108651331499        1.0000000000000000        6.9400066739805622E-310
  0.78501017529326556        7.1590793536413768E-005  -4.3244677719922464E-004   1.0000000000000000E-002   1.2000000000000000E-002   1.0018149948145172        0.0000000000000000        1.0018149948145172        1.0000000000000000        6.9400066739805622E-310
  0.79501001253060566        7.0444841924792678E-005  -4.2554669092798036E-004   1.0000000000000000E-002   1.2000000000000000E-002   1.0018190671275131        0.0000000000000000        1.0018190671275131        1.0000000000000000        6.9400066739805622E-310
  0.80500981024602636        6.9020869587248996E-005  -4.1696585088502047E-004   1.0000000000000000E-002   1.2000000000000000E-002   1.0018230659886049        0.0000000000000000        1.0018230659886049        1.0000000000000000        6.9400066739805622E-310
  0.81500956923652779        6.7324496050140940E-005  -4.0673808826330315E-004   1.0000000000000000E-002   1.2000000000000000E-002   1.0018269756019471        0.0000000000000000        1.0018269756019471        1.0000000000000000        6.9400066739805622E-310
  0.82500929045205240        6.5362414283312681E-005  -3.9490330564184717E-004   1.0000000000000000E-002   1.2000000000000000E-002   1.0018307805212803        0.0000000000000000        1.0018307805212803        1.0000000000000000        6.9400066739805622E-310
  0.83500897499179505        6.3142367629139709E-005  -3.8150826893001977E-004   1.0000000000000000E-002   1.2000000000000000E-002   1.0018344657113814        0.0000000000000000        1.0018344657113814        1.0000000000000000        6.9400066739805622E-310
  0.84500862409984245        6.0673116312935886E-005  -3.6660549728306790E-004   1.0000000000000000E-002   1.2000000000000000E-002   1.0018380166080434        0.0000000000000000        1.0018380166080434        1.0000000000000000        6.9400066739805622E-310
  0.85500823916030810        5.7964404652155902E-005  -3.5025379274067348E-004   1.0000000000000000E-002   1.2000000000000000E-002   1.0018414191751099        0.0000000000000000        1.0018414191751099        1.0000000000000000        6.9400066739805622E-310
  0.86500782169186285        5.5026922745543892E-005  -3.3251759011498905E-004   1.0000000000000000E-002   1.2000000000000000E-002   1.0018446599612625        0.0000000000000000        1.0018446599612625        1.0000000000000000        6.9400066739805622E-310
  0.87500737334175172        5.1872262921882841E-005  -3.1346674183385659E-004   1.0000000000000000E-002   1.2000000000000000E-002   1.0018477261523568        0.0000000000000000        1.0018477261523568        1.0000000000000000        6.9400066739805622E-310
  0.88500689587930981        4.8512874621414788E-005  -2.9317654227600798E-004   1.0000000000000000E-002   1.2000000000000000E-002   1.0018506056231209        0.0000000000000000        1.0018506056231209        1.0000000000000000        6.9400066739805622E-310
  0.89500639118896352        4.4962017053568926E-005  -2.7172700145783324E-004   1.0000000000000000E-002   1.2000000000000000E-002   1.0018532869853902        0.0000000000000000        1.0018532869853902        1.0000000000000000        6.9400066739805622E-310
  0.90500586126280458        4.1233703492397816E-005  -2.4920285077989490E-004   1.0000000000000000E-002   1.2000000000000000E-002   1.0018557596329030        0.0000000000000000        1.0018557596329030        1.0000000000000000        6.9400066739805622E-310
  0.91500530819271941        3.7342648338923349E-005  -2.2569310373032891E-004   1.0000000000000000E-002   1.2000000000000000E-002   1.0018580137841990        0.0000000000000000        1.0018580137841990        1.0000000000000000        6.9400066739805622E-310
  0.92500473416211970        3.3304208493193886E-005  -2.0129054674722369E-004   1.0000000000000000E-002   1.2000000000000000E-002   1.0018600405208022        0.0000000000000000        1.0018600405208022        1.0000000000000000        6.9400066739805622E-310
  0.93500414143733168        2.9134322513044637E-005  -1.7609178889177457E-004   1.0000000000000000E-002   1.2000000000000000E-002   1.0018618318233687        0.0000000000000000        1.0018618318233687        1.0000000000000000        6.9400066739805622E-310
  0.94500353235861700        2.4849448205260916E-005  -1.5019639409619145E-004   1.0000000000000000E-002   1.2000000000000000E-002   1.0018633806038748        0.0000000000000000        1.0018633806038748        1.0000000000000000        6.9400066739805622E-310
  0.95500290933093257        2.0466497094741228E-005  -1.2370677012807363E-004   1.0000000000000000E-002   1.2000000000000000E-002   1.0018646807332177        0.0000000000000000        1.0018646807332177        1.0000000000000000        6.9400066739805622E-310
  0.96500227481441525        1.6002768064368318E-005  -9.6727651173189599E-005   1.0000000000000000E-002   1.2000000000000000E-002   1.0018657270657441        0.0000000000000000        1.0018657270657441        1.0000000000000000        6.9400066739805622E-310
  0.97500163131466289        1.1475878073893487E-005  -6.9365928502485019E-005   1.0000000000000000E-002   1.2000000000000000E-002   1.0018665154606223        0.0000000000000000        1.0018665154606223        1.0000000000000000        6.9400066739805622E-310
  0.98500098137279646        6.9036946066599740E-006  -4.1729602723528103E-005   1.0000000000000000E-002   1.2000000000000000E-002   1.0018670427973186        0.0000000000000000        1.0018670427973186        1.0000000000000000        6.9400066739805622E-310
  0.99500032755544521        2.3042630219190105E-006  -1.3928251673789305E-005   1.0000000000000000E-002   1.2000000000000000E-002   1.0018673069883843        0.0000000000000000        1.0018673069883843        1.0000000000000000        6.9400066739805622E-310
   1.0049996724445571       -2.3042591274534694E-006   1.3691487504630118E-005   1.0000000000000000E-002   1.2000000000000000E-002   1.0018673069884774        0.0000000000000000        1.0018673069884774        1.0000000000000000        6.9400066739805622E-310
   1.0149990186272038       -6.9036823443099683E-006   4.1020329101471020E-005   1.0000000000000000E-002   1.2000000000000000E-002   1.0018670427974405        0.0000000000000000        1.0018670427974405        1.0000000000000000        6.9400066739805622E-310
   1.0249983686853374       -1.1475857945224592E-005   6.8186857329344264E-005   1.0000000000000000E-002   1.2000000000000000E-002   1.0018665154609061        0.0000000000000000        1.0018665154609061        1.0000000000000000        6.9400066739805622E-310
   1.0349977251855789       -1.6002739859179801E-005   9.5083608603552250E-005   1.0000000000000000E-002   1.2000000000000000E-002   1.0018657270658562        0.0000000000000000        1.0018657270658562        1.0000000000000000        6.9400066739805622E-310
   1.0449970906690653       -2.0466461270380053E-005   1.2160405206795843E-004   1.0000000000000000E-002   1.2000000000000000E-002   1.0018646807330098        0.0000000000000000        1.0018646807330098        1.0000000000000000        6.9400066739805622E-310
  -4.9996724445547924E-003   2.3045471091367605E-006  -3.5767633061438002E+077   1.0000000000000000E-002   1.2000000000000000E-002   1.0018673069883843        0.0000000000000000        1.0018673069883843        1.0000000000000000        6.9400066739805622E-310
  -1.4999018627203542E-002   6.9045457524538196E-006   0.0000000000000000        1.0000000000000000E-002   1.2000000000000000E-002   1.0018670427973186        0.0000000000000000        1.0018670427973186        1.0000000000000000        6.9400066739805622E-310
  -2.4998368685337113E-002   1.1477292909830428E-005  -3.5767633061438002E+077   1.0000000000000000E-002   1.2000000000000000E-002   1.0018665154606223        0.0000000000000000        1.0018665154606223        1.0000000000000000        6.9400066739805622E-310
  -3.4997725185584749E-002   1.6004741012323728E-005   6.9400068546417920E-310   1.0000000000000000E-002   1.2000000000000000E-002   1.0018657270657441        0.0000000000000000        1.0018657270657441        1.0000000000000000        6.9400066739805622E-310
  -4.4997090669067430E-002   2.0469020351033135E-005   6.9400066883177543E-310   1.0000000000000000E-002   1.2000000000000000E-002   1.0018646807332177        0.0000000000000000        1.0018646807332177        1.0000000000000000        6.9400066739805622E-310
