 # x, v, a, m, h, rho, u, P, c, ke
   3.5016000000000882     
   4.9996427434010372E-003  -2.1081797287080731E-006   1.5188428430512602E-005   1.0000000000000000E-002   1.2000000000000000E-002   1.0018733732134004        0.0000000000000000        1.0018733732134004        1.0000000000000000        6.9400066739805622E-310
   1.4998929640772436E-002  -6.3162204148707544E-006   4.5505144069757364E-005   1.0000000000000000E-002   1.2000000000000000E-002   1.0018730851164184        0.0000000000000000        1.0018730851164184        1.0000000000000000        6.9400066739805622E-310
   2.4998220764258533E-002  -1.0499336805574769E-005   7.5642008246390446E-005   1.0000000000000000E-002   1.2000000000000000E-002   1.0018725100620223        0.0000000000000000        1.0018725100620223        1.0000000000000000        6.9400066739805622E-310
   3.4997518912708983E-002  -1.4641021705556866E-005   1.0547973972929725E-004   1.0000000000000000E-002   1.2000000000000000E-002   1.0018716503246141        0.0000000000000000        1.0018716503246141        1.0000000000000000        6.9400066739805622E-310
   4.4996826857191245E-002  -1.8724932635092163E-005   1.3490045432451581E-004   1.0000000000000000E-002   1.2000000000000000E-002   1.0018705093047418        0.0000000000000000        1.0018705093047418        1.0000000000000000        6.9400066739805622E-310
   5.4996147330050316E-002  -2.2734953293653302E-005   1.6378777965897484E-004   1.0000000000000000E-002   1.2000000000000000E-002   1.0018690915152146        0.0000000000000000        1.0018690915152146        1.0000000000000000        6.9400066739805622E-310
   6.4995483014097327E-002  -2.6655259416379035E-005   1.9202756851210978E-004   1.0000000000000000E-002   1.2000000000000000E-002   1.0018674025634331        0.0000000000000000        1.0018674025634331        1.0000000000000000        6.9400066739805622E-310
   7.4994836532011222E-002  -3.0470381449147850E-005   2.1950823139160747E-004   1.0000000000000000E-002   1.2000000000000000E-002   1.0018654491285646        0.0000000000000000        1.0018654491285646        1.0000000000000000        6.9400066739805622E-310
   8.4994210435976977E-002  -3.4165263809891713E-005   2.4612107818011708E-004   1.0000000000000000E-002   1.2000000000000000E-002   1.0018632389356221        0.0000000000000000        1.0018632389356221        1.0000000000000000        6.9400066739805622E-310
   9.4993607197589758E-002  -3.7725325489127305E-005   2.7176100678349968E-004   1.0000000000000000E-002   1.2000000000000000E-002   1.0018607807246511        0.0000000000000000        1.0018607807246511        1.0000000000000000        6.9400066739805622E-310
  0.10499302919809470       -4.1136517292964588E-005   2.9632680262992039E-004   1.0000000000000000E-002   1.2000000000000000E-002   1.0018580842151377        0.0000000000000000        1.0018580842151377        1.0000000000000000        6.9400066739805622E-310
  0.11499247871899110       -4.4385377919602516E-005   3.1972130153334888E-004   1.0000000000000000E-002   1.2000000000000000E-002   1.0018551600683394        0.0000000000000000        1.0018551600683394        1.0000000000000000        6.9400066739805622E-310
  0.12499195793300177       -4.7459085474880443E-005   3.4185226899996479E-004   1.0000000000000000E-002   1.2000000000000000E-002   1.0018520198445624        0.0000000000000000        1.0018520198445624        1.0000000000000000        6.9400066739805622E-310
  0.13499146889551417       -5.0345509648767565E-005   3.6263228682908988E-004   1.0000000000000000E-002   1.2000000000000000E-002   1.0018486759568155        0.0000000000000000        1.0018486759568155        1.0000000000000000        6.9400066739805622E-310
  0.14499101353645757       -5.3033259339640426E-005   3.8197932958894398E-004   1.0000000000000000E-002   1.2000000000000000E-002   1.0018451416223599        0.0000000000000000        1.0018451416223599        1.0000000000000000        6.9400066739805622E-310
  0.15499059365268508       -5.5511725802935613E-005   3.9981716100623288E-004   1.0000000000000000E-002   1.2000000000000000E-002   1.0018414308095001        0.0000000000000000        1.0018414308095001        1.0000000000000000        6.9400066739805622E-310
  0.16499021090089522       -5.7771128079067479E-005   4.1607541085308952E-004   1.0000000000000000E-002   1.2000000000000000E-002   1.0018375581822532        0.0000000000000000        1.0018375581822532        1.0000000000000000        6.9400066739805622E-310
  0.17498986679109368       -5.9802548157807056E-005   4.3068999633266714E-004   1.0000000000000000E-002   1.2000000000000000E-002   1.0018335390425712        0.0000000000000000        1.0018335390425712        1.0000000000000000        6.9400066739805622E-310
  0.18498956268064257       -6.1597967866722789E-005   4.4360336282878166E-004   1.0000000000000000E-002   1.2000000000000000E-002   1.0018293892694523        0.0000000000000000        1.0018293892694523        1.0000000000000000        6.9400066739805622E-310
  0.19498929976891305       -6.3150299783345991E-005   4.5476474533678868E-004   1.0000000000000000E-002   1.2000000000000000E-002   1.0018251252557198        0.0000000000000000        1.0018251252557198        1.0000000000000000        6.9400066739805622E-310
  0.20498907909257097       -6.4453416175131630E-005   4.6413023649183316E-004   1.0000000000000000E-002   1.2000000000000000E-002   1.0018207638431547        0.0000000000000000        1.0018207638431547        1.0000000000000000        6.9400066739805622E-310
  0.21498890152149802       -6.5502173384550800E-005   4.7166300267598160E-004   1.0000000000000000E-002   1.2000000000000000E-002   1.0018163222563470        0.0000000000000000        1.0018163222563470        1.0000000000000000        6.9400066739805622E-310
  0.22498876775536769       -6.6292429958298140E-005   4.7733359208734782E-004   1.0000000000000000E-002   1.2000000000000000E-002   1.0018118180340410        0.0000000000000000        1.0018118180340410        1.0000000000000000        6.9400066739805622E-310
  0.23498867832091166       -6.6821065366036276E-005   4.8111980131704257E-004   1.0000000000000000E-002   1.2000000000000000E-002   1.0018072689596638        0.0000000000000000        1.0018072689596638        1.0000000000000000        6.9400066739805622E-310
  0.24498863356985479       -6.7085991366268915E-005   4.8300688335700670E-004   1.0000000000000000E-002   1.2000000000000000E-002   1.0018026929915347        0.0000000000000000        1.0018026929915347        1.0000000000000000        6.9400066739805622E-310
  0.25498863367754349       -6.7086160578042075E-005   4.8298767114385299E-004   1.0000000000000000E-002   1.2000000000000000E-002   1.0017981081914455        0.0000000000000000        1.0017981081914455        1.0000000000000000        6.9400066739805622E-310
  0.26498867864228093       -6.6821570281960817E-005   4.8106242230083751E-004   1.0000000000000000E-002   1.2000000000000000E-002   1.0017935326534526        0.0000000000000000        1.0017935326534526        1.0000000000000000        6.9400066739805622E-310
  0.27498876828534774       -6.6293262341521049E-005   4.7723897524409864E-004   1.0000000000000000E-002   1.2000000000000000E-002   1.0017889844326933        0.0000000000000000        1.0017889844326933        1.0000000000000000        6.9400066739805622E-310
  0.28498890225172829       -6.5503320587296970E-005   4.7153269080713045E-004   1.0000000000000000E-002   1.2000000000000000E-002   1.0017844814736447        0.0000000000000000        1.0017844814736447        1.0000000000000000        6.9400066739805622E-310
  0.29498908001153940       -6.4454860098397292E-005   4.6396618941546564E-004   1.0000000000000000E-002   1.2000000000000000E-002   1.0017800415400449        0.0000000000000000        1.0017800415400449        1.0000000000000000        6.9400066739805622E-310
  0.30498930086212411       -6.3152016853699379E-005   4.5456962445822313E-004   1.0000000000000000E-002   1.2000000000000000E-002   1.0017756821446471        0.0000000000000000        1.0017756821446471        1.0000000000000000        6.9400066739805622E-310
  0.31498956393085770       -6.1599931626437593E-005   4.4338020655398935E-004   1.0000000000000000E-002   1.2000000000000000E-002   1.0017714204800676        0.0000000000000000        1.0017714204800676        1.0000000000000000        6.9400066739805622E-310
  0.32498986817859532       -5.9804727771113934E-005   4.3044235655731455E-004   1.0000000000000000E-002   1.2000000000000000E-002   1.0017672733510805        0.0000000000000000        1.0017672733510805        1.0000000000000000        6.9400066739805622E-310
  0.33499021240380450       -5.7773488945499686E-005   4.1580712627453664E-004   1.0000000000000000E-002   1.2000000000000000E-002   1.0017632571089399        0.0000000000000000        1.0017632571089399        1.0000000000000000        6.9400066739805622E-310
  0.34499059524729753       -5.5514230865056880E-005   3.9953251496704922E-004   1.0000000000000000E-002   1.2000000000000000E-002   1.0017593875870470        0.0000000000000000        1.0017593875870470        1.0000000000000000        6.9400066739805622E-310
  0.35499101519762327       -5.3035868594006307E-005   3.8168284527717589E-004   1.0000000000000000E-002   1.2000000000000000E-002   1.0017556800379528        0.0000000000000000        1.0017556800379528        1.0000000000000000        6.9400066739805622E-310
  0.36499147059703868       -5.0348182595963218E-005   3.6232856292262028E-004   1.0000000000000000E-002   1.2000000000000000E-002   1.0017521490744228        0.0000000000000000        1.0017521490744228        1.0000000000000000        6.9400066739805622E-310
  0.37499195964804921       -4.7461779643808685E-005   3.4154614911852121E-004   1.0000000000000000E-002   1.2000000000000000E-002   1.0017488086117097        0.0000000000000000        1.0017488086117097        1.0000000000000000        6.9400066739805622E-310
  0.38499248042051476       -4.4388050726330433E-005   3.1941760082432324E-004   1.0000000000000000E-002   1.2000000000000000E-002   1.0017456718128315        0.0000000000000000        1.0017456718128315        1.0000000000000000        6.9400066739805622E-310
  0.39499303085926246       -4.1139126777951195E-005   2.9603026530100607E-004   1.0000000000000000E-002   1.2000000000000000E-002   1.0017427510371033        0.0000000000000000        1.0017427510371033        1.0000000000000000        6.9400066739805622E-310
  0.40499360879219976       -3.7727830481776000E-005   2.7147641795011168E-004   1.0000000000000000E-002   1.2000000000000000E-002   1.0017400577913467        0.0000000000000000        1.0017400577913467        1.0000000000000000        6.9400066739805622E-310
  0.41499421193888658       -3.4167624661343234E-005   2.4585280312461322E-004   1.0000000000000000E-002   1.2000000000000000E-002   1.0017376026854086        0.0000000000000000        1.0017376026854086        1.0000000000000000        6.9400066739805622E-310
  0.42499483791951648       -3.0472560882147848E-005   2.1926054665666328E-004   1.0000000000000000E-002   1.2000000000000000E-002   1.0017353953901873        0.0000000000000000        1.0017353953901873        1.0000000000000000        6.9400066739805622E-310
  0.43499548426431428       -2.6657223480711143E-005   1.9180442139798970E-004   1.0000000000000000E-002   1.2000000000000000E-002   1.0017334445996011        0.0000000000000000        1.0017334445996011        1.0000000000000000        6.9400066739805622E-310
  0.44499614842326335       -2.2736670446838882E-005   1.6359265787002641E-004   1.0000000000000000E-002   1.2000000000000000E-002   1.0017317579969389        0.0000000000000000        1.0017317579969389        1.0000000000000000        6.9400066739805622E-310
  0.45499682777616085       -1.8726376336048377E-005   1.3473641261807501E-004   1.0000000000000000E-002   1.2000000000000000E-002   1.0017303422245618        0.0000000000000000        1.0017303422245618        1.0000000000000000        6.9400066739805622E-310
  0.46499751964294112       -1.4642168963651204E-005   1.0534939671824617E-004   1.0000000000000000E-002   1.2000000000000000E-002   1.0017292028580060        0.0000000000000000        1.0017292028580060        1.0000000000000000        6.9400066739805622E-310
  0.47499822129423719       -1.0500169297702311E-005   7.5547418973087588E-005   1.0000000000000000E-002   1.2000000000000000E-002   1.0017283443838847        0.0000000000000000        1.0017283443838847        1.0000000000000000        6.9400066739805622E-310
  0.48499892996213989       -6.3167252040358807E-006   4.5447800405717942E-005   1.0000000000000000E-002   1.2000000000000000E-002   1.0017277701828056        0.0000000000000000        1.0017277701828056        1.0000000000000000        6.9400066739805622E-310
  0.49499964285109183       -2.1083488825861844E-006   1.5169173932072511E-005   1.0000000000000000E-002   1.2000000000000000E-002   1.0017274825160012        0.0000000000000000        1.0017274825160012        1.0000000000000000        6.9400066739805622E-310
  0.50500035714890912        2.1083489965409187E-006  -1.5169174625739856E-005   1.0000000000000000E-002   1.2000000000000000E-002   1.0017274825160052        0.0000000000000000        1.0017274825160052        1.0000000000000000        6.9400066739805622E-310
  0.51500107003786100        6.3167250269380356E-006  -4.5447804352782839E-005   1.0000000000000000E-002   1.2000000000000000E-002   1.0017277701828273        0.0000000000000000        1.0017277701828273        1.0000000000000000        6.9400066739805622E-310
  0.52500177870576337        1.0500169349925089E-005  -7.5547418844301717E-005   1.0000000000000000E-002   1.2000000000000000E-002   1.0017283443839311        0.0000000000000000        1.0017283443839311        1.0000000000000000        6.9400066739805622E-310
  0.53500248035705866        1.4642169081101836E-005  -1.0534938088291312E-004   1.0000000000000000E-002   1.2000000000000000E-002   1.0017292028579705        0.0000000000000000        1.0017292028579705        1.0000000000000000        6.9400066739805622E-310
  0.54500317222384065        1.8726376141550093E-005  -1.3473643705896876E-004   1.0000000000000000E-002   1.2000000000000000E-002   1.0017303422245698        0.0000000000000000        1.0017303422245698        1.0000000000000000        6.9400066739805622E-310
  0.55500385157673615        2.2736670577169843E-005  -1.6359262721099554E-004   1.0000000000000000E-002   1.2000000000000000E-002   1.0017317579969240        0.0000000000000000        1.0017317579969240        1.0000000000000000        6.9400066739805622E-310
  0.56500451573568733        2.6657223335992663E-005  -1.9180443055777374E-004   1.0000000000000000E-002   1.2000000000000000E-002   1.0017334445994797        0.0000000000000000        1.0017334445994797        1.0000000000000000        6.9400066739805622E-310
  0.57500516208048591        3.0472561103326612E-005  -2.1926057317323000E-004   1.0000000000000000E-002   1.2000000000000000E-002   1.0017353953902355        0.0000000000000000        1.0017353953902355        1.0000000000000000        6.9400066739805622E-310
  0.58500578806111392        3.4167624850237443E-005  -2.4585279678657201E-004   1.0000000000000000E-002   1.2000000000000000E-002   1.0017376026855407        0.0000000000000000        1.0017376026855407        1.0000000000000000        6.9400066739805622E-310
  0.59500639120779975        3.7727830006163009E-005  -2.7147640164582043E-004   1.0000000000000000E-002   1.2000000000000000E-002   1.0017400577913793        0.0000000000000000        1.0017400577913793        1.0000000000000000        6.9400066739805622E-310
  0.60500696914073737        4.1139126956645772E-005  -2.9603025509761238E-004   1.0000000000000000E-002   1.2000000000000000E-002   1.0017427510370198        0.0000000000000000        1.0017427510370198        1.0000000000000000        6.9400066739805622E-310
  0.61500751957948663        4.4388050819137163E-005  -3.1941761903109267E-004   1.0000000000000000E-002   1.2000000000000000E-002   1.0017456718127800        0.0000000000000000        1.0017456718127800        1.0000000000000000        6.9400066739805622E-310
  0.62500804035195179        4.7461779586182344E-005  -3.4154615620440865E-004   1.0000000000000000E-002   1.2000000000000000E-002   1.0017488086117732        0.0000000000000000        1.0017488086117732        1.0000000000000000        6.9400066739805622E-310
  0.63500852940296115        5.0348182425354085E-005  -3.6232854372286738E-004   1.0000000000000000E-002   1.2000000000000000E-002   1.0017521490744286        0.0000000000000000        1.0017521490744286        1.0000000000000000        6.9400066739805622E-310
  0.64500898480237756        5.3035868548061932E-005  -3.8168284224404658E-004   1.0000000000000000E-002   1.2000000000000000E-002   1.0017556800378660        0.0000000000000000        1.0017556800378660        1.0000000000000000        6.9400066739805622E-310
  0.65500940475270419        5.5514230800516852E-005  -3.9953252690771990E-004   1.0000000000000000E-002   1.2000000000000000E-002   1.0017593875869892        0.0000000000000000        1.0017593875869892        1.0000000000000000        6.9400066739805622E-310
  0.66500978759619778        5.7773489314329442E-005  -4.1580715312150573E-004   1.0000000000000000E-002   1.2000000000000000E-002   1.0017632571090709        0.0000000000000000        1.0017632571090709        1.0000000000000000        6.9400066739805622E-310
  0.67501013182140324        5.9804727637981070E-005  -4.3044230410593798E-004   1.0000000000000000E-002   1.2000000000000000E-002   1.0017672733510850        0.0000000000000000        1.0017672733510850        1.0000000000000000        6.9400066739805622E-310
  0.68501043606914469        6.1599931668137567E-005  -4.4338025182444341E-004   1.0000000000000000E-002   1.2000000000000000E-002   1.0017714204800434        0.0000000000000000        1.0017714204800434        1.0000000000000000        6.9400066739805622E-310
  0.69501069913787517        6.3152016898337677E-005  -4.5456960196865737E-004   1.0000000000000000E-002   1.2000000000000000E-002   1.0017756821447314        0.0000000000000000        1.0017756821447314        1.0000000000000000        6.9400066739805622E-310
  0.70501091998846099        6.4454860134118420E-005  -4.6396619821376106E-004   1.0000000000000000E-002   1.2000000000000000E-002   1.0017800415400553        0.0000000000000000        1.0017800415400553        1.0000000000000000        6.9400066739805622E-310
  0.71501109774827087        6.5503320301186019E-005  -4.7153267061439408E-004   1.0000000000000000E-002   1.2000000000000000E-002   1.0017844814736139        0.0000000000000000        1.0017844814736139        1.0000000000000000        6.9400066739805622E-310
  0.72501123171465320        6.6293262438687925E-005  -4.7723898475293680E-004   1.0000000000000000E-002   1.2000000000000000E-002   1.0017889844326084        0.0000000000000000        1.0017889844326084        1.0000000000000000        6.9400066739805622E-310
  0.73501132135772007        6.6821570226230644E-005  -4.8106242195711246E-004   1.0000000000000000E-002   1.2000000000000000E-002   1.0017935326534126        0.0000000000000000        1.0017935326534126        1.0000000000000000        6.9400066739805622E-310
  0.74501136632245823        6.7086160510624080E-005  -4.8298768267951431E-004   1.0000000000000000E-002   1.2000000000000000E-002   1.0017981081914553        0.0000000000000000        1.0017981081914553        1.0000000000000000        6.9400066739805622E-310
  0.75501136643014599        6.7085991511666240E-005  -4.8300687962665734E-004   1.0000000000000000E-002   1.2000000000000000E-002   1.0018026929915773        0.0000000000000000        1.0018026929915773        1.0000000000000000        6.9400066739805622E-310
  0.76501132167908925        6.6821065254524741E-005  -4.8111981314757912E-004   1.0000000000000000E-002   1.2000000000000000E-002   1.0018072689597468        0.0000000000000000        1.0018072689597468        1.0000000000000000        6.9400066739805622E-310
  0.77501123224463131        6.6292430097345673E-005  -4.7733357113965980E-004   1.0000000000000000E-002   1.2000000000000000E-002   1.0018118180340798        0.0000000000000000        1.0018118180340798        1.0000000000000000        6.9400066739805622E-310
  0.78501109847850215        6.5502173309215555E-005  -4.7166301335099803E-004   1.0000000000000000E-002   1.2000000000000000E-002   1.0018163222563388        0.0000000000000000        1.0018163222563388        1.0000000000000000        6.9400066739805622E-310
  0.79501092090742820        6.4453416595187222E-005  -4.6413021379621000E-004   1.0000000000000000E-002   1.2000000000000000E-002   1.0018207638430996        0.0000000000000000        1.0018207638430996        1.0000000000000000        6.9400066739805622E-310
  0.80501070023108812        6.3150299615286225E-005  -4.5476475466355026E-004   1.0000000000000000E-002   1.2000000000000000E-002   1.0018251252555985        0.0000000000000000        1.0018251252555985        1.0000000000000000        6.9400066739805622E-310
  0.81501043731935940        6.1597967592825768E-005  -4.4360339325955067E-004   1.0000000000000000E-002   1.2000000000000000E-002   1.0018293892695087        0.0000000000000000        1.0018293892695087        1.0000000000000000        6.9400066739805622E-310
  0.82501013320890637        5.9802548059659329E-005  -4.3069000086859432E-004   1.0000000000000000E-002   1.2000000000000000E-002   1.0018335390427899        0.0000000000000000        1.0018335390427899        1.0000000000000000        6.9400066739805622E-310
  0.83500978909910184        5.7771128311654399E-005  -4.1607536422194613E-004   1.0000000000000000E-002   1.2000000000000000E-002   1.0018375581822752        0.0000000000000000        1.0018375581822752        1.0000000000000000        6.9400066739805622E-310
  0.84500940634731470        5.5511725926970910E-005  -3.9981717847403786E-004   1.0000000000000000E-002   1.2000000000000000E-002   1.0018414308093944        0.0000000000000000        1.0018414308093944        1.0000000000000000        6.9400066739805622E-310
  0.85500898646354184        5.3033259147111964E-005  -3.8197931882510971E-004   1.0000000000000000E-002   1.2000000000000000E-002   1.0018451416222944        0.0000000000000000        1.0018451416222944        1.0000000000000000        6.9400066739805622E-310
  0.86500853110448672        5.0345509703603597E-005  -3.6263229671273933E-004   1.0000000000000000E-002   1.2000000000000000E-002   1.0018486759567269        0.0000000000000000        1.0018486759567269        1.0000000000000000        6.9400066739805622E-310
  0.87500804206699978        4.7459085663087200E-005  -3.4185229650596227E-004   1.0000000000000000E-002   1.2000000000000000E-002   1.0018520198446565        0.0000000000000000        1.0018520198446565        1.0000000000000000        6.9400066739805622E-310
  0.88500752128100757        4.4385377737497561E-005  -3.1972127084500812E-004   1.0000000000000000E-002   1.2000000000000000E-002   1.0018551600684156        0.0000000000000000        1.0018551600684156        1.0000000000000000        6.9400066739805622E-310
  0.89500697080190528        4.1136517151542917E-005  -2.9632681631319713E-004   1.0000000000000000E-002   1.2000000000000000E-002   1.0018580842151370        0.0000000000000000        1.0018580842151370        1.0000000000000000        6.9400066739805622E-310
  0.90500639280240924        3.7725325504185199E-005  -2.7176101426729105E-004   1.0000000000000000E-002   1.2000000000000000E-002   1.0018607807247470        0.0000000000000000        1.0018607807247470        1.0000000000000000        6.9400066739805622E-310
  0.91500578956402101        3.4165263828072252E-005  -2.4612107897237223E-004   1.0000000000000000E-002   1.2000000000000000E-002   1.0018632389357516        0.0000000000000000        1.0018632389357516        1.0000000000000000        6.9400066739805622E-310
  0.92500516346798489        3.0470381312334502E-005  -2.1950819029914470E-004   1.0000000000000000E-002   1.2000000000000000E-002   1.0018654491285168        0.0000000000000000        1.0018654491285168        1.0000000000000000        6.9400066739805622E-310
  0.93500451698590159        2.6655259528839464E-005  -1.9202757468139708E-004   1.0000000000000000E-002   1.2000000000000000E-002   1.0018674025632197        0.0000000000000000        1.0018674025632197        1.0000000000000000        6.9400066739805622E-310
  0.94500385266995057        2.2734953209849617E-005  -1.6378780793413483E-004   1.0000000000000000E-002   1.2000000000000000E-002   1.0018690915151673        0.0000000000000000        1.0018690915151673        1.0000000000000000        6.9400066739805622E-310
  0.95500317314280836        1.8724932694725641E-005  -1.3490044057462569E-004   1.0000000000000000E-002   1.2000000000000000E-002   1.0018705093047480        0.0000000000000000        1.0018705093047480        1.0000000000000000        6.9400066739805622E-310
  0.96500248108729170        1.4641021973862641E-005  -1.0547975078090133E-004   1.0000000000000000E-002   1.2000000000000000E-002   1.0018716503246150        0.0000000000000000        1.0018716503246150        1.0000000000000000        6.9400066739805622E-310
  0.97500177923574105        1.0499336711428247E-005  -7.5641995621822389E-005   1.0000000000000000E-002   1.2000000000000000E-002   1.0018725100620172        0.0000000000000000        1.0018725100620172        1.0000000000000000        6.9400066739805622E-310
  0.98500107035922846        6.3162205558832342E-006  -4.5505170675141926E-005   1.0000000000000000E-002   1.2000000000000000E-002   1.0018730851164708        0.0000000000000000        1.0018730851164708        1.0000000000000000        6.9400066739805622E-310
  0.99500035725659752        2.1081795506510292E-006  -1.5188407867405829E-005   1.0000000000000000E-002   1.2000000000000000E-002   1.0018733732134923        0.0000000000000000        1.0018733732134923        1.0000000000000000        6.9400066739805622E-310
   1.0049996427434011       -2.1081753175603594E-006   1.4971582863232413E-005   1.0000000000000000E-002   1.2000000000000000E-002   1.0018733732134004        0.0000000000000000        1.0018733732134004        1.0000000000000000        6.9400066739805622E-310
   1.0149989296407724       -6.3162072180575122E-006   4.4855447191238795E-005   1.0000000000000000E-002   1.2000000000000000E-002   1.0018730851164184        0.0000000000000000        1.0018730851164184        1.0000000000000000        6.9400066739805622E-310
   1.0249982207642585       -1.0499314863308099E-005   7.4562021104007670E-005   1.0000000000000000E-002   1.2000000000000000E-002   1.0018725100620223        0.0000000000000000        1.0018725100620223        1.0000000000000000        6.9400066739805622E-310
   1.0349975189127090       -1.4640991108444823E-005   1.0397375096005135E-004   1.0000000000000000E-002   1.2000000000000000E-002   1.0018716503246141        0.0000000000000000        1.0018716503246141        1.0000000000000000        6.9400066739805622E-310
   1.0449968268571912       -1.8724893505079866E-005   1.3297437121817524E-004   1.0000000000000000E-002   1.2000000000000000E-002   1.0018705093047418        0.0000000000000000        1.0018705093047418        1.0000000000000000        6.9400066739805622E-310
  -4.9996427434024771E-003   2.1084397556904110E-006  -3.5767633061438002E+077   1.0000000000000000E-002   1.2000000000000000E-002   1.0018733732134923        0.0000000000000000        1.0018733732134923        1.0000000000000000        6.9400066739805622E-310
  -1.4998929640771541E-002   6.3170002036780912E-006   0.0000000000000000        1.0000000000000000E-002   1.2000000000000000E-002   1.0018730851164708        0.0000000000000000        1.0018730851164708        1.0000000000000000        6.9400066739805622E-310
  -2.4998220764258949E-002   1.0500632684678029E-005  -3.5767633061438002E+077   1.0000000000000000E-002   1.2000000000000000E-002   1.0018725100620172        0.0000000000000000        1.0018725100620172        1.0000000000000000        6.9400066739805622E-310
  -3.4997518912708303E-002   1.4642829174083579E-005   6.9400068546417920E-310   1.0000000000000000E-002   1.2000000000000000E-002   1.0018716503246150        0.0000000000000000        1.0018716503246150        1.0000000000000000        6.9400066739805622E-310
  -4.4996826857191641E-002   1.8727243991468968E-005   6.9400066883177543E-310   1.0000000000000000E-002   1.2000000000000000E-002   1.0018705093047480        0.0000000000000000        1.0018705093047480        1.0000000000000000        6.9400066739805622E-310
