 # x, v, a, m, h, rho, u, P, c, ke
   1.5503999999999836     
   4.9996962598135722E-003  -2.4386606813375528E-006   1.2910182237035883E-005   1.0000000000000000E-002   1.2000000000000000E-002   1.0018624430118981        0.0000000000000000        1.0018624430118981        1.0000000000000000        6.9400066739805622E-310
   1.4999089978429947E-002  -7.3063571952122858E-006   3.8679608400649101E-005   1.0000000000000000E-002   1.2000000000000000E-002   1.0018621981324398        0.0000000000000000        1.0018621981324398        1.0000000000000000        6.9400066739805622E-310
   2.4998487289283628E-002  -1.2145216990040100E-005   6.4296244871364649E-005   1.0000000000000000E-002   1.2000000000000000E-002   1.0018617093408273        0.0000000000000000        1.0018617093408273        1.0000000000000000        6.9400066739805622E-310
   3.4997890571434098E-002  -1.6936142280757300E-005   8.9658841337936224E-005   1.0000000000000000E-002   1.2000000000000000E-002   1.0018609785687294        0.0000000000000000        1.0018609785687294        1.0000000000000000        6.9400066739805622E-310
   4.4997302180348718E-002  -2.1660223906496418E-005   1.1466727952402778E-004   1.0000000000000000E-002   1.2000000000000000E-002   1.0018600087038776        0.0000000000000000        1.0018600087038776        1.0000000000000000        6.9400066739805622E-310
   5.4996724438606953E-002  -2.6298817406987628E-005   1.3922277395383986E-004   1.0000000000000000E-002   1.2000000000000000E-002   1.0018588035784051        0.0000000000000000        1.0018588035784051        1.0000000000000000        6.9400066739805622E-310
   6.4996159626725683E-002  -3.0833615339943727E-005   1.6322830644543984E-004   1.0000000000000000E-002   1.2000000000000000E-002   1.0018573679540990        0.0000000000000000        1.0018573679540990        1.0000000000000000        6.9400066739805622E-310
   7.4995609974149322E-002  -3.5246719847540274E-005   1.8658907305990624E-004   1.0000000000000000E-002   1.2000000000000000E-002   1.0018557075034458        0.0000000000000000        1.0018557075034458        1.0000000000000000        6.9400066739805622E-310
   8.4995077650446310E-002  -3.9520713724684884E-005   2.0921282243513417E-004   1.0000000000000000E-002   1.2000000000000000E-002   1.0018538287870054        0.0000000000000000        1.0018538287870054        1.0000000000000000        6.9400066739805622E-310
   9.4994564756741257E-002  -4.3638728885482574E-005   2.3101023127747311E-004   1.0000000000000000E-002   1.2000000000000000E-002   1.0018517392273525        0.0000000000000000        1.0018517392273525        1.0000000000000000        6.9400066739805622E-310
  0.10499407331742087       -4.7584512610992151E-005   2.5189519554835726E-004   1.0000000000000000E-002   1.2000000000000000E-002   1.0018494470798556        0.0000000000000000        1.0018494470798556        1.0000000000000000        6.9400066739805622E-310
  0.11499360527213591       -5.1342492528808791E-005   2.7178528625970699E-004   1.0000000000000000E-002   1.2000000000000000E-002   1.0018469613999126        0.0000000000000000        1.0018469613999126        1.0000000000000000        6.9400066739805622E-310
  0.12499316246814747       -5.4897837406213030E-005   2.9060198173969098E-004   1.0000000000000000E-002   1.2000000000000000E-002   1.0018442920069122        0.0000000000000000        1.0018442920069122        1.0000000000000000        6.9400066739805622E-310
  0.13499274665303368       -5.8236515735448837E-005   3.0827102445663002E-004   1.0000000000000000E-002   1.2000000000000000E-002   1.0018414494454331        0.0000000000000000        1.0018414494454331        1.0000000000000000        6.9400066739805622E-310
  0.14499235946779315       -6.1345351432556358E-005   3.2472270095684763E-004   1.0000000000000000E-002   1.2000000000000000E-002   1.0018384449433555        0.0000000000000000        1.0018384449433555        1.0000000000000000        6.9400066739805622E-310
  0.15499200244037137       -6.4212075400039024E-005   3.3989205371565134E-004   1.0000000000000000E-002   1.2000000000000000E-002   1.0018352903676822        0.0000000000000000        1.0018352903676822        1.0000000000000000        6.9400066739805622E-310
  0.16499167697962611       -6.6825374569576864E-005   3.5371927327254582E-004   1.0000000000000000E-002   1.2000000000000000E-002   1.0018319981774915        0.0000000000000000        1.0018319981774915        1.0000000000000000        6.9400066739805622E-310
  0.17499138436977330       -6.9174935758736677E-005   3.6614985583582893E-004   1.0000000000000000E-002   1.2000000000000000E-002   1.0018285813742724        0.0000000000000000        1.0018285813742724        1.0000000000000000        6.9400066739805622E-310
  0.18499112576532495       -7.1251487214719333E-005   3.7713476594802842E-004   1.0000000000000000E-002   1.2000000000000000E-002   1.0018250534507585        0.0000000000000000        1.0018250534507585        1.0000000000000000        6.9400066739805622E-310
  0.19499090218653348       -7.3046834301699495E-005   3.8663071991251741E-004   1.0000000000000000E-002   1.2000000000000000E-002   1.0018214283376103        0.0000000000000000        1.0018214283376103        1.0000000000000000        6.9400066739805622E-310
  0.20499071451537210       -7.4553892641564549E-005   3.9460031705829124E-004   1.0000000000000000E-002   1.2000000000000000E-002   1.0018177203481780        0.0000000000000000        1.0018177203481780        1.0000000000000000        6.9400066739805622E-310
  0.21499056349205958       -7.5766715429031643E-005   4.0101220140620342E-004   1.0000000000000000E-002   1.2000000000000000E-002   1.0018139441218457        0.0000000000000000        1.0018139441218457        1.0000000000000000        6.9400066739805622E-310
  0.22499044971214890       -7.6680517404091161E-005   4.0584111185459903E-004   1.0000000000000000E-002   1.2000000000000000E-002   1.0018101145663931        0.0000000000000000        1.0018101145663931        1.0000000000000000        6.9400066739805622E-310
  0.23499037362417796       -7.7291693315761697E-005   4.0906812660423952E-004   1.0000000000000000E-002   1.2000000000000000E-002   1.0018062467989552        0.0000000000000000        1.0018062467989552        1.0000000000000000        6.9400066739805622E-310
  0.24499033552791363       -7.7597832337772499E-005   4.1068058746329683E-004   1.0000000000000000E-002   1.2000000000000000E-002   1.0018023560861857        0.0000000000000000        1.0018023560861857        1.0000000000000000        6.9400066739805622E-310
  0.25499033557317363       -7.7597727401808528E-005   4.1067222512491952E-004   1.0000000000000000E-002   1.2000000000000000E-002   1.0017984577842003        0.0000000000000000        1.0017984577842003        1.0000000000000000        6.9400066739805622E-310
  0.26499037375924411       -7.7291380407533330E-005   4.0904317538004165E-004   1.0000000000000000E-002   1.2000000000000000E-002   1.0017945672778461        0.0000000000000000        1.0017945672778461        1.0000000000000000        6.9400066739805622E-310
  0.27499044993489041       -7.6680001454068180E-005   4.0579998386469640E-004   1.0000000000000000E-002   1.2000000000000000E-002   1.0017906999198716        0.0000000000000000        1.0017906999198716        1.0000000000000000        6.9400066739805622E-310
  0.28499056379896570       -7.5766004361952903E-005   4.0095550109775502E-004   1.0000000000000000E-002   1.2000000000000000E-002   1.0017868709706024        0.0000000000000000        1.0017868709706024        1.0000000000000000        6.9400066739805622E-310
  0.29499071490160078       -7.4552997749333783E-005   3.9452898723801866E-004   1.0000000000000000E-002   1.2000000000000000E-002   1.0017830955375848        0.0000000000000000        1.0017830955375848        1.0000000000000000        6.9400066739805622E-310
  0.30499090264599532       -7.3045769839011891E-005   3.8654584627284549E-004   1.0000000000000000E-002   1.2000000000000000E-002   1.0017793885160426        0.0000000000000000        1.0017793885160426        1.0000000000000000        6.9400066739805622E-310
  0.31499112629077275       -7.1250269821797958E-005   3.7703771466990332E-004   1.0000000000000000E-002   1.2000000000000000E-002   1.0017757645301604        0.0000000000000000        1.0017757645301604        1.0000000000000000        6.9400066739805622E-310
  0.32499138495292107       -6.9173584698466113E-005   3.6604214166580107E-004   1.0000000000000000E-002   1.2000000000000000E-002   1.0017722378754403        0.0000000000000000        1.0017722378754403        1.0000000000000000        6.9400066739805622E-310
  0.33499167761127696       -6.6823911102783639E-005   3.5360260238093133E-004   1.0000000000000000E-002   1.2000000000000000E-002   1.0017688224625911        0.0000000000000000        1.0017688224625911        1.0000000000000000        6.9400066739805622E-310
  0.34499200311056366       -6.4210522750231797E-005   3.3976826883197475E-004   1.0000000000000000E-002   1.2000000000000000E-002   1.0017655317623504        0.0000000000000000        1.0017655317623504        1.0000000000000000        6.9400066739805622E-310
  0.35499236016595853       -6.1343733820216789E-005   3.2459372454241020E-004   1.0000000000000000E-002   1.2000000000000000E-002   1.0017623787528469        0.0000000000000000        1.0017623787528469        1.0000000000000000        6.9400066739805622E-310
  0.36499274736815923       -5.8234858855934300E-005   3.0813894554082566E-004   1.0000000000000000E-002   1.2000000000000000E-002   1.0017593758683461        0.0000000000000000        1.0017593758683461        1.0000000000000000        6.9400066739805622E-310
  0.37499316318895654       -5.4896167479615806E-005   2.9046885767147756E-004   1.0000000000000000E-002   1.2000000000000000E-002   1.0017565349501931        0.0000000000000000        1.0017565349501931        1.0000000000000000        6.9400066739805622E-310
  0.38499360598726251       -5.1340835720414746E-005   2.7165318907673708E-004   1.0000000000000000E-002   1.2000000000000000E-002   1.0017538672006145        0.0000000000000000        1.0017538672006145        1.0000000000000000        6.9400066739805622E-310
  0.39499407401558589       -4.7582895180732078E-005   2.5176623753697669E-004   1.0000000000000000E-002   1.2000000000000000E-002   1.0017513831382383        0.0000000000000000        1.0017513831382383        1.0000000000000000        6.9400066739805622E-310
  0.40499456542693468       -4.3637175978081068E-005   2.3088642703417150E-004   1.0000000000000000E-002   1.2000000000000000E-002   1.0017490925569161        0.0000000000000000        1.0017490925569161        1.0000000000000000        6.9400066739805622E-310
  0.41499507828209681       -3.9519250235394755E-005   2.0909616588049573E-004   1.0000000000000000E-002   1.2000000000000000E-002   1.0017470044872401        0.0000000000000000        1.0017470044872401        1.0000000000000000        6.9400066739805622E-310
  0.42499561055729745       -3.5245368801842559E-005   1.8648136017418437E-004   1.0000000000000000E-002   1.2000000000000000E-002   1.0017451271610944        0.0000000000000000        1.0017451271610944        1.0000000000000000        6.9400066739805622E-310
  0.43499616015217413       -3.0832397930229409E-005   1.6313125968192566E-004   1.0000000000000000E-002   1.2000000000000000E-002   1.0017434679792170        0.0000000000000000        1.0017434679792170        1.0000000000000000        6.9400066739805622E-310
  0.44499672489807046       -2.6297753022875069E-005   1.3913788555530715E-004   1.0000000000000000E-002   1.2000000000000000E-002   1.0017420334822116        0.0000000000000000        1.0017420334822116        1.0000000000000000        6.9400066739805622E-310
  0.45499730256657883       -2.1659329151093914E-005   1.1459593715645866E-004   1.0000000000000000E-002   1.2000000000000000E-002   1.0017408293247654        0.0000000000000000        1.0017408293247654        1.0000000000000000        6.9400066739805622E-310
  0.46499789087833932       -1.6935431197179159E-005   8.9602177837377894E-005   1.0000000000000000E-002   1.2000000000000000E-002   1.0017398602531091        0.0000000000000000        1.0017398602531091        1.0000000000000000        6.9400066739805622E-310
  0.47499848751202700       -1.2144700843701649E-005   6.4255084537556684E-005   1.0000000000000000E-002   1.2000000000000000E-002   1.0017391300871752        0.0000000000000000        1.0017391300871752        1.0000000000000000        6.9400066739805622E-310
  0.48499909011349601       -7.3060442996830549E-006   3.8654673859994659E-005   1.0000000000000000E-002   1.2000000000000000E-002   1.0017386417051093        0.0000000000000000        1.0017386417051093        1.0000000000000000        6.9400066739805622E-310
  0.49499969630507401       -2.4385559372073968E-006   1.2901826887734558E-005   1.0000000000000000E-002   1.2000000000000000E-002   1.0017383970319425        0.0000000000000000        1.0017383970319425        1.0000000000000000        6.9400066739805622E-310
  0.50500030369492721        2.4385558697243366E-006  -1.2901839420820238E-005   1.0000000000000000E-002   1.2000000000000000E-002   1.0017383970320046        0.0000000000000000        1.0017383970320046        1.0000000000000000        6.9400066739805622E-310
  0.51500090988650371        7.3060441410600673E-006  -3.8654659514136824E-005   1.0000000000000000E-002   1.2000000000000000E-002   1.0017386417051524        0.0000000000000000        1.0017386417051524        1.0000000000000000        6.9400066739805622E-310
  0.52500151248797344        1.2144701179252973E-005  -6.4255098153331858E-005   1.0000000000000000E-002   1.2000000000000000E-002   1.0017391300872185        0.0000000000000000        1.0017391300872185        1.0000000000000000        6.9400066739805622E-310
  0.53500210912165946        1.6935431157273976E-005  -8.9602149397904896E-005   1.0000000000000000E-002   1.2000000000000000E-002   1.0017398602530920        0.0000000000000000        1.0017398602530920        1.0000000000000000        6.9400066739805622E-310
  0.54500269743342178        2.1659328942136795E-005  -1.1459593682427993E-004   1.0000000000000000E-002   1.2000000000000000E-002   1.0017408293246099        0.0000000000000000        1.0017408293246099        1.0000000000000000        6.9400066739805622E-310
  0.55500327510193181        2.6297753166975343E-005  -1.3913790997488462E-004   1.0000000000000000E-002   1.2000000000000000E-002   1.0017420334821727        0.0000000000000000        1.0017420334821727        1.0000000000000000        6.9400066739805622E-310
  0.56500383984782721        3.0832397917602676E-005  -1.6313126193079341E-004   1.0000000000000000E-002   1.2000000000000000E-002   1.0017434679792885        0.0000000000000000        1.0017434679792885        1.0000000000000000        6.9400066739805622E-310
  0.57500438944270327        3.5245368627978334E-005  -1.8648135735510607E-004   1.0000000000000000E-002   1.2000000000000000E-002   1.0017451271611717        0.0000000000000000        1.0017451271611717        1.0000000000000000        6.9400066739805622E-310
  0.58500492171790275        3.9519250314317172E-005  -2.0909613914721348E-004   1.0000000000000000E-002   1.2000000000000000E-002   1.0017470044871795        0.0000000000000000        1.0017470044871795        1.0000000000000000        6.9400066739805622E-310
  0.59500543457306754        4.3637176170154645E-005  -2.3088646091284915E-004   1.0000000000000000E-002   1.2000000000000000E-002   1.0017490925568888        0.0000000000000000        1.0017490925568888        1.0000000000000000        6.9400066739805622E-310
  0.60500592598441427        4.7582895071960519E-005  -2.5176621896072504E-004   1.0000000000000000E-002   1.2000000000000000E-002   1.0017513831382878        0.0000000000000000        1.0017513831382878        1.0000000000000000        6.9400066739805622E-310
  0.61500639401273838        5.1340835769124650E-005  -2.7165318661204196E-004   1.0000000000000000E-002   1.2000000000000000E-002   1.0017538672005553        0.0000000000000000        1.0017538672005553        1.0000000000000000        6.9400066739805622E-310
  0.62500683681104519        5.4896167344810641E-005  -2.9046887796546628E-004   1.0000000000000000E-002   1.2000000000000000E-002   1.0017565349502262        0.0000000000000000        1.0017565349502262        1.0000000000000000        6.9400066739805622E-310
  0.63500725263184088        5.8234858877297210E-005  -3.0813893390124747E-004   1.0000000000000000E-002   1.2000000000000000E-002   1.0017593758684129        0.0000000000000000        1.0017593758684129        1.0000000000000000        6.9400066739805622E-310
  0.64500763983404175        6.1343733880587497E-005  -3.2459372556115085E-004   1.0000000000000000E-002   1.2000000000000000E-002   1.0017623787528667        0.0000000000000000        1.0017623787528667        1.0000000000000000        6.9400066739805622E-310
  0.65500799688943612        6.4210522740711920E-005  -3.3976826286963302E-004   1.0000000000000000E-002   1.2000000000000000E-002   1.0017655317623473        0.0000000000000000        1.0017655317623473        1.0000000000000000        6.9400066739805622E-310
  0.66500832238872343        6.6823911090732678E-005  -3.5360260967998158E-004   1.0000000000000000E-002   1.2000000000000000E-002   1.0017688224625949        0.0000000000000000        1.0017688224625949        1.0000000000000000        6.9400066739805622E-310
  0.67500861504707854        6.9173584750087771E-005  -3.6604212527624469E-004   1.0000000000000000E-002   1.2000000000000000E-002   1.0017722378754055        0.0000000000000000        1.0017722378754055        1.0000000000000000        6.9400066739805622E-310
  0.68500887370922836        7.1250269870340536E-005  -3.7703773066422031E-004   1.0000000000000000E-002   1.2000000000000000E-002   1.0017757645301173        0.0000000000000000        1.0017757645301173        1.0000000000000000        6.9400066739805622E-310
  0.69500909735400540        7.3045769810204164E-005  -3.8654585685815590E-004   1.0000000000000000E-002   1.2000000000000000E-002   1.0017793885161284        0.0000000000000000        1.0017793885161284        1.0000000000000000        6.9400066739805622E-310
  0.70500928509839833        7.4552997729329779E-005  -3.9452896971425844E-004   1.0000000000000000E-002   1.2000000000000000E-002   1.0017830955376290        0.0000000000000000        1.0017830955376290        1.0000000000000000        6.9400066739805622E-310
  0.71500943620103419        7.5766004488214765E-005  -4.0095550857799367E-004   1.0000000000000000E-002   1.2000000000000000E-002   1.0017868709706073        0.0000000000000000        1.0017868709706073        1.0000000000000000        6.9400066739805622E-310
  0.72500955006510859        7.6680001254387684E-005  -4.0579996662604145E-004   1.0000000000000000E-002   1.2000000000000000E-002   1.0017906999198312        0.0000000000000000        1.0017906999198312        1.0000000000000000        6.9400066739805622E-310
  0.73500962624075661        7.7291380377775951E-005  -4.0904318838297371E-004   1.0000000000000000E-002   1.2000000000000000E-002   1.0017945672777873        0.0000000000000000        1.0017945672777873        1.0000000000000000        6.9400066739805622E-310
  0.74500966442682659        7.7597727432556366E-005  -4.1067221912971519E-004   1.0000000000000000E-002   1.2000000000000000E-002   1.0017984577841705        0.0000000000000000        1.0017984577841705        1.0000000000000000        6.9400066739805622E-310
  0.75500966447208773        7.7597832441839604E-005  -4.1068060589299904E-004   1.0000000000000000E-002   1.2000000000000000E-002   1.0018023560862133        0.0000000000000000        1.0018023560862133        1.0000000000000000        6.9400066739805622E-310
  0.76500962637582159        7.7291693211519941E-005  -4.0906810406848848E-004   1.0000000000000000E-002   1.2000000000000000E-002   1.0018062467989650        0.0000000000000000        1.0018062467989650        1.0000000000000000        6.9400066739805622E-310
  0.77500955028785223        7.6680517468071178E-005  -4.0584112637009895E-004   1.0000000000000000E-002   1.2000000000000000E-002   1.0018101145663663        0.0000000000000000        1.0018101145663663        1.0000000000000000        6.9400066739805622E-310
  0.78500943650794064        7.5766715487594904E-005  -4.0101219564991908E-004   1.0000000000000000E-002   1.2000000000000000E-002   1.0018139441218625        0.0000000000000000        1.0018139441218625        1.0000000000000000        6.9400066739805622E-310
  0.79500928548462868        7.4553892573642427E-005  -3.9460033185534371E-004   1.0000000000000000E-002   1.2000000000000000E-002   1.0018177203482299        0.0000000000000000        1.0018177203482299        1.0000000000000000        6.9400066739805622E-310
  0.80500909781346575        7.3046834378891193E-005  -3.8663071235944813E-004   1.0000000000000000E-002   1.2000000000000000E-002   1.0018214283376978        0.0000000000000000        1.0018214283376978        1.0000000000000000        6.9400066739805622E-310
  0.81500887423467394        7.1251487125966259E-005  -3.7713475987555256E-004   1.0000000000000000E-002   1.2000000000000000E-002   1.0018250534507833        0.0000000000000000        1.0018250534507833        1.0000000000000000        6.9400066739805622E-310
  0.82500861563022543        6.9174935785985239E-005  -3.6614984505334291E-004   1.0000000000000000E-002   1.2000000000000000E-002   1.0018285813742236        0.0000000000000000        1.0018285813742236        1.0000000000000000        6.9400066739805622E-310
  0.83500832302037387        6.6825374501953942E-005  -3.5371928556848786E-004   1.0000000000000000E-002   1.2000000000000000E-002   1.0018319981774444        0.0000000000000000        1.0018319981774444        1.0000000000000000        6.9400066739805622E-310
  0.84500799755962841        6.4212075566787868E-005  -3.3989205542006573E-004   1.0000000000000000E-002   1.2000000000000000E-002   1.0018352903677046        0.0000000000000000        1.0018352903677046        1.0000000000000000        6.9400066739805622E-310
  0.85500764053220613        6.1345351402710210E-005  -3.2472268725580733E-004   1.0000000000000000E-002   1.2000000000000000E-002   1.0018384449433164        0.0000000000000000        1.0018384449433164        1.0000000000000000        6.9400066739805622E-310
  0.86500725334696704        5.8236515718449136E-005  -3.0827104328423616E-004   1.0000000000000000E-002   1.2000000000000000E-002   1.0018414494454222        0.0000000000000000        1.0018414494454222        1.0000000000000000        6.9400066739805622E-310
  0.87500683753185204        5.4897837342207609E-005  -2.9060197314656477E-004   1.0000000000000000E-002   1.2000000000000000E-002   1.0018442920069477        0.0000000000000000        1.0018442920069477        1.0000000000000000        6.9400066739805622E-310
  0.88500639472786402        5.1342492571880450E-005  -2.7178529356763903E-004   1.0000000000000000E-002   1.2000000000000000E-002   1.0018469613999390        0.0000000000000000        1.0018469613999390        1.0000000000000000        6.9400066739805622E-310
  0.89500592668257817        4.7584512641880569E-005  -2.5189518927959398E-004   1.0000000000000000E-002   1.2000000000000000E-002   1.0018494470798898        0.0000000000000000        1.0018494470798898        1.0000000000000000        6.9400066739805622E-310
  0.90500543524325794        4.3638728765499619E-005  -2.3101023068239357E-004   1.0000000000000000E-002   1.2000000000000000E-002   1.0018517392273549        0.0000000000000000        1.0018517392273549        1.0000000000000000        6.9400066739805622E-310
  0.91500492234955266        3.9520713665806072E-005  -2.0921281305685824E-004   1.0000000000000000E-002   1.2000000000000000E-002   1.0018538287869641        0.0000000000000000        1.0018538287869641        1.0000000000000000        6.9400066739805622E-310
  0.92500439002585078        3.5246719845433039E-005  -1.8658908603796931E-004   1.0000000000000000E-002   1.2000000000000000E-002   1.0018557075034153        0.0000000000000000        1.0018557075034153        1.0000000000000000        6.9400066739805622E-310
  0.93500384037327400        3.0833615375094328E-005  -1.6322830610793204E-004   1.0000000000000000E-002   1.2000000000000000E-002   1.0018573679541338        0.0000000000000000        1.0018573679541338        1.0000000000000000        6.9400066739805622E-310
  0.94500327556139219        2.6298817419291520E-005  -1.3922275811584228E-004   1.0000000000000000E-002   1.2000000000000000E-002   1.0018588035783598        0.0000000000000000        1.0018588035783598        1.0000000000000000        6.9400066739805622E-310
  0.95500269781965208        2.1660223968636649E-005  -1.1466730567111227E-004   1.0000000000000000E-002   1.2000000000000000E-002   1.0018600087038787        0.0000000000000000        1.0018600087038787        1.0000000000000000        6.9400066739805622E-310
  0.96500210942856512        1.6936142146304762E-005  -8.9658835354278210E-005   1.0000000000000000E-002   1.2000000000000000E-002   1.0018609785688297        0.0000000000000000        1.0018609785688297        1.0000000000000000        6.9400066739805622E-310
  0.97500151271071478        1.2145217147836009E-005  -6.4296224547177872E-005   1.0000000000000000E-002   1.2000000000000000E-002   1.0018617093407991        0.0000000000000000        1.0018617093407991        1.0000000000000000        6.9400066739805622E-310
  0.98500091002157009        7.3063572285380966E-006  -3.8679628400650756E-005   1.0000000000000000E-002   1.2000000000000000E-002   1.0018621981324141        0.0000000000000000        1.0018621981324141        1.0000000000000000        6.9400066739805622E-310
  0.99500030374018544        2.4386606380260626E-006  -1.2910174889135817E-005   1.0000000000000000E-002   1.2000000000000000E-002   1.0018624430119361        0.0000000000000000        1.0018624430119361        1.0000000000000000        6.9400066739805622E-310
   1.0049996962598136       -2.4386569626727102E-006   1.2659869075726249E-005   1.0000000000000000E-002   1.2000000000000000E-002   1.0018624430118981        0.0000000000000000        1.0018624430118981        1.0000000000000000        6.9400066739805622E-310
   1.0149990899784300       -7.3063460449550351E-006   3.7929650414270100E-005   1.0000000000000000E-002   1.2000000000000000E-002   1.0018621981324398        0.0000000000000000        1.0018621981324398        1.0000000000000000        6.9400066739805622E-310
   1.0249984872892837       -1.2145198450994602E-005   6.3049604662523961E-005   1.0000000000000000E-002   1.2000000000000000E-002   1.0018617093408273        0.0000000000000000        1.0018617093408273        1.0000000000000000        6.9400066739805622E-310
   1.0349978905714341       -1.6936116434843092E-005   8.7920435555943754E-005   1.0000000000000000E-002   1.2000000000000000E-002   1.0018609785687294        0.0000000000000000        1.0018609785687294        1.0000000000000000        6.9400066739805622E-310
   1.0449973021803487       -2.1660190850711109E-005   1.1244398478904571E-004   1.0000000000000000E-002   1.2000000000000000E-002   1.0018600087038776        0.0000000000000000        1.0018600087038776        1.0000000000000000        6.9400066739805622E-310
  -4.9996962598145567E-003   2.4389610092259755E-006  -3.5767633061438002E+077   1.0000000000000000E-002   1.2000000000000000E-002   1.0018624430119361        0.0000000000000000        1.0018624430119361        1.0000000000000000        6.9400066739805622E-310
  -1.4999089978429914E-002   7.3072571802736302E-006   0.0000000000000000        1.0000000000000000E-002   1.2000000000000000E-002   1.0018621981324141        0.0000000000000000        1.0018621981324141        1.0000000000000000        6.9400066739805622E-310
  -2.4998487289285221E-002   1.2146713124888111E-005  -3.5767633061438002E+077   1.0000000000000000E-002   1.2000000000000000E-002   1.0018617093407991        0.0000000000000000        1.0018617093407991        1.0000000000000000        6.9400066739805622E-310
  -3.4997890571434875E-002   1.6938228220765666E-005   6.9400068546417920E-310   1.0000000000000000E-002   1.2000000000000000E-002   1.0018609785688297        0.0000000000000000        1.0018609785688297        1.0000000000000000        6.9400066739805622E-310
  -4.4997302180347920E-002   2.1662891929292248E-005   6.9400066883177543E-310   1.0000000000000000E-002   1.2000000000000000E-002   1.0018600087038787        0.0000000000000000        1.0018600087038787        1.0000000000000000        6.9400066739805622E-310
