 # x, v, a, m, h, rho, u, P, c, ke
   2.4000000000000057     
   5.0000303006605962E-003  -3.1353671702564204E-006  -1.2882269704306282E-006   1.0000000000000000E-002   1.2000000000000000E-002   1.0017942237850914        0.0000000000000000        1.0017942237850914        1.0000000000000000        6.9400066739805622E-310
   1.5000090782337668E-002  -9.3937219846005392E-006  -3.8595718105938204E-006   1.0000000000000000E-002   1.2000000000000000E-002   1.0017942482172970        0.0000000000000000        1.0017942482172970        1.0000000000000000        6.9400066739805622E-310
   2.5000150905560344E-002  -1.5614985905830262E-005  -6.4156669195014615E-006   1.0000000000000000E-002   1.2000000000000000E-002   1.0017942969850751        0.0000000000000000        1.0017942969850751        1.0000000000000000        6.9400066739805622E-310
   3.5000210432932589E-002  -2.1774595466407914E-005  -8.9463674903811352E-006   1.0000000000000000E-002   1.2000000000000000E-002   1.0017943698955489        0.0000000000000000        1.0017943698955489        1.0000000000000000        6.9400066739805622E-310
   4.5000269129417847E-002  -2.7848229761111915E-005  -1.1441703425596472E-005   1.0000000000000000E-002   1.2000000000000000E-002   1.0017944666603384        0.0000000000000000        1.0017944666603384        1.0000000000000000        6.9400066739805622E-310
   5.5000326763264121E-002  -3.3811909208609692E-005  -1.3891826818657194E-005   1.0000000000000000E-002   1.2000000000000000E-002   1.0017945868970390        0.0000000000000000        1.0017945868970390        1.0000000000000000        6.9400066739805622E-310
   6.5000383106917040E-002  -3.9642087566599477E-005  -1.6286983602675775E-005   1.0000000000000000E-002   1.2000000000000000E-002   1.0017947301301782        0.0000000000000000        1.0017947301301782        1.0000000000000000        6.9400066739805622E-310
   7.5000437937930015E-002  -4.5315747213034681E-005  -1.8617796302855538E-005   1.0000000000000000E-002   1.2000000000000000E-002   1.0017948957935177        0.0000000000000000        1.0017948957935177        1.0000000000000000        6.9400066739805622E-310
   8.5000491039828929E-002  -5.0810489475980638E-005  -2.0874940724446844E-005   1.0000000000000000E-002   1.2000000000000000E-002   1.0017950832320597        0.0000000000000000        1.0017950832320597        1.0000000000000000        6.9400066739805622E-310
   9.5000542202984817E-002  -5.6104622584248976E-005  -2.3049596394209004E-005   1.0000000000000000E-002   1.2000000000000000E-002   1.0017952917046626        0.0000000000000000        1.0017952917046626        1.0000000000000000        6.9400066739805622E-310
  0.10500059122542797       -6.1177247723939290E-005  -2.5133152431244810E-005   1.0000000000000000E-002   1.2000000000000000E-002   1.0017955203874858        0.0000000000000000        1.0017955203874858        1.0000000000000000        6.9400066739805622E-310
  0.11500063791364960       -6.6008341857148338E-005  -2.7117325301695416E-005   1.0000000000000000E-002   1.2000000000000000E-002   1.0017957683764800        0.0000000000000000        1.0017957683764800        1.0000000000000000        6.9400066739805622E-310
  0.12500068208337206       -7.0578837022999713E-005  -2.8994333425735874E-005   1.0000000000000000E-002   1.2000000000000000E-002   1.0017960346913690        0.0000000000000000        1.0017960346913690        1.0000000000000000        6.9400066739805622E-310
  0.13500072356026985       -7.4870694683521827E-005  -3.0756768519601962E-005   1.0000000000000000E-002   1.2000000000000000E-002   1.0017963182797753        0.0000000000000000        1.0017963182797753        1.0000000000000000        6.9400066739805622E-310
  0.14500076218065844       -7.8866977321349188E-005  -3.2397652192095450E-005   1.0000000000000000E-002   1.2000000000000000E-002   1.0017966180210305        0.0000000000000000        1.0017966180210305        1.0000000000000000        6.9400066739805622E-310
  0.15500079779214260       -8.2551915786611762E-005  -3.3910520226498875E-005   1.0000000000000000E-002   1.2000000000000000E-002   1.0017969327306728        0.0000000000000000        1.0017969327306728        1.0000000000000000        6.9400066739805622E-310
  0.16500083025421647       -8.5910971091333061E-005  -3.5289413456318641E-005   1.0000000000000000E-002   1.2000000000000000E-002   1.0017972611652781        0.0000000000000000        1.0017972611652781        1.0000000000000000        6.9400066739805622E-310
  0.17500085943881671       -8.8930891845619251E-005  -3.6528875991592713E-005   1.0000000000000000E-002   1.2000000000000000E-002   1.0017976020272439        0.0000000000000000        1.0017976020272439        1.0000000000000000        6.9400066739805622E-310
  0.18500088523082989       -9.1599765932536811E-005  -3.7624043201844870E-005   1.0000000000000000E-002   1.2000000000000000E-002   1.0017979539699837        0.0000000000000000        1.0017979539699837        1.0000000000000000        6.9400066739805622E-310
  0.19500090752854379       -9.3907068089881654E-005  -3.8570630572110076E-005   1.0000000000000000E-002   1.2000000000000000E-002   1.0017983156034667        0.0000000000000000        1.0017983156034667        1.0000000000000000        6.9400066739805622E-310
  0.20500092624404573       -9.5843701557433753E-005  -3.9364906312400194E-005   1.0000000000000000E-002   1.2000000000000000E-002   1.0017986854996257        0.0000000000000000        1.0017986854996257        1.0000000000000000        6.9400066739805622E-310
  0.21500094130356776       -9.7402032790766264E-005  -4.0003686943457240E-005   1.0000000000000000E-002   1.2000000000000000E-002   1.0017990621975745        0.0000000000000000        1.0017990621975745        1.0000000000000000        6.9400066739805622E-310
  0.22500095264778519       -9.8575922075463737E-005  -4.0484552991770784E-005   1.0000000000000000E-002   1.2000000000000000E-002   1.0017994442098241        0.0000000000000000        1.0017994442098241        1.0000000000000000        6.9400066739805622E-310
  0.23500096023203823       -9.9360747854078697E-005  -4.0805605930671618E-005   1.0000000000000000E-002   1.2000000000000000E-002   1.0017998300283935        0.0000000000000000        1.0017998300283935        1.0000000000000000        6.9400066739805622E-310
  0.24500096402650962       -9.9753424430687053E-005  -4.0965558401495628E-005   1.0000000000000000E-002   1.2000000000000000E-002   1.0018002181301560        0.0000000000000000        1.0018002181301560        1.0000000000000000        6.9400066739805622E-310
  0.25500096401634514       -9.9752414030140850E-005  -4.0963841968277848E-005   1.0000000000000000E-002   1.2000000000000000E-002   1.0018006069832048        0.0000000000000000        1.0018006069832048        1.0000000000000000        6.9400066739805622E-310
  0.26500096020170405       -9.9357732060850867E-005  -4.0800451042599661E-005   1.0000000000000000E-002   1.2000000000000000E-002   1.0018009950528872        0.0000000000000000        1.0018009950528872        1.0000000000000000        6.9400066739805622E-310
  0.27500095259776242       -9.8570948915384935E-005  -4.0476095342079077E-005   1.0000000000000000E-002   1.2000000000000000E-002   1.0018013808078832        0.0000000000000000        1.0018013808078832        1.0000000000000000        6.9400066739805622E-310
  0.28500094123464437       -9.7395180342094352E-005  -3.9992036194647085E-005   1.0000000000000000E-002   1.2000000000000000E-002   1.0018017627262314        0.0000000000000000        1.0018017627262314        1.0000000000000000        6.9400066739805622E-310
  0.29500092615730739       -9.5835078051354815E-005  -3.9350216701983243E-005   1.0000000000000000E-002   1.2000000000000000E-002   1.0018021393011707        0.0000000000000000        1.0018021393011707        1.0000000000000000        6.9400066739805622E-310
  0.30500090742536001       -9.3896809691426683E-005  -3.8553175813582641E-005   1.0000000000000000E-002   1.2000000000000000E-002   1.0018025090472189        0.0000000000000000        1.0018025090472189        1.0000000000000000        6.9400066739805622E-310
  0.31500088511282737       -9.1588033967323181E-005  -3.7604090223908315E-005   1.0000000000000000E-002   1.2000000000000000E-002   1.0018028705060127        0.0000000000000000        1.0018028705060127        1.0000000000000000        6.9400066739805622E-310
  0.32500085930785494       -8.8917871658741675E-005  -3.6506712135953023E-005   1.0000000000000000E-002   1.2000000000000000E-002   1.0018032222520636        0.0000000000000000        1.0018032222520636        1.0000000000000000        6.9400066739805622E-310
  0.33500083011236148       -8.5896868108615326E-005  -3.5265402301476456E-005   1.0000000000000000E-002   1.2000000000000000E-002   1.0018035628984039        0.0000000000000000        1.0018035628984039        1.0000000000000000        6.9400066739805622E-310
  0.34500079764163183       -8.2536952274912405E-005  -3.3885034575575901E-005   1.0000000000000000E-002   1.2000000000000000E-002   1.0018038911018656        0.0000000000000000        1.0018038911018656        1.0000000000000000        6.9400066739805622E-310
  0.35500076202386799       -7.8851389208187361E-005  -3.2371142539844300E-005   1.0000000000000000E-002   1.2000000000000000E-002   1.0018042055686960        0.0000000000000000        1.0018042055686960        1.0000000000000000        6.9400066739805622E-310
  0.36500072339966955       -7.4854727576576378E-005  -3.0729586548261523E-005   1.0000000000000000E-002   1.2000000000000000E-002   1.0018045050592179        0.0000000000000000        1.0018045050592179        1.0000000000000000        6.9400066739805622E-310
  0.37500068192149605       -7.0562743320973912E-005  -2.8966950680775483E-005   1.0000000000000000E-002   1.2000000000000000E-002   1.0018047883928018        0.0000000000000000        1.0018047883928018        1.0000000000000000        6.9400066739805622E-310
  0.38500063775304988       -6.5992375262518557E-005  -2.7090158907228101E-005   1.0000000000000000E-002   1.2000000000000000E-002   1.0018050544529620        0.0000000000000000        1.0018050544529620        1.0000000000000000        6.9400066739805622E-310
  0.39500059106863600       -6.1161659577382260E-005  -2.5106599655266848E-005   1.0000000000000000E-002   1.2000000000000000E-002   1.0018053021910913        0.0000000000000000        1.0018053021910913        1.0000000000000000        6.9400066739805622E-310
  0.40500054205247632       -5.6089658748626812E-005  -2.3024151906803070E-005   1.0000000000000000E-002   1.2000000000000000E-002   1.0018055306310860        0.0000000000000000        1.0018055306310860        1.0000000000000000        6.9400066739805622E-310
  0.41500049089797475       -5.0796386494624180E-005  -2.0850940736671930E-005   1.0000000000000000E-002   1.2000000000000000E-002   1.0018057388727957        0.0000000000000000        1.0018057388727957        1.0000000000000000        6.9400066739805622E-310
  0.42500043780696678       -4.5302727312430633E-005  -1.8595602697679681E-005   1.0000000000000000E-002   1.2000000000000000E-002   1.0018059260956123        0.0000000000000000        1.0018059260956123        1.0000000000000000        6.9400066739805622E-310
  0.43500038298891425       -3.9630355696750691E-005  -1.6267033531747188E-005   1.0000000000000000E-002   1.2000000000000000E-002   1.0018060915621529        0.0000000000000000        1.0018060915621529        1.0000000000000000        6.9400066739805622E-310
  0.44500032666008005       -3.3801650703462498E-005  -1.3874364620747315E-005   1.0000000000000000E-002   1.2000000000000000E-002   1.0018062346205789        0.0000000000000000        1.0018062346205789        1.0000000000000000        6.9400066739805622E-310
  0.45500026904268087       -2.7839606222991611E-005  -1.1427033848043777E-005   1.0000000000000000E-002   1.2000000000000000E-002   1.0018063547072262        0.0000000000000000        1.0018063547072262        1.0000000000000000        6.9400066739805622E-310
  0.46500021036400918       -2.1767742868540621E-005  -8.9346976972493053E-006   1.0000000000000000E-002   1.2000000000000000E-002   1.0018064513490113        0.0000000000000000        1.0018064513490113        1.0000000000000000        6.9400066739805622E-310
  0.47500015085553920       -1.5610012845177959E-005  -6.4072302308204598E-006   1.0000000000000000E-002   1.2000000000000000E-002   1.0018065241655858        0.0000000000000000        1.0018065241655858        1.0000000000000000        6.9400066739805622E-310
  0.48500009075200390       -9.3907062014988817E-006  -3.8544123110995088E-006   1.0000000000000000E-002   1.2000000000000000E-002   1.0018065728698820        0.0000000000000000        1.0018065728698820        1.0000000000000000        6.9400066739805622E-310
  0.49500003029049583       -3.1343567227707470E-006  -1.2864997103179121E-006   1.0000000000000000E-002   1.2000000000000000E-002   1.0018065972699126        0.0000000000000000        1.0018065972699126        1.0000000000000000        6.9400066739805622E-310
  0.50499996970950556        3.1343567693063475E-006   1.2864821785640856E-006   1.0000000000000000E-002   1.2000000000000000E-002   1.0018065972700103        0.0000000000000000        1.0018065972700103        1.0000000000000000        6.9400066739805622E-310
  0.51499990924799477        9.3907060721942930E-006   3.8544698970355284E-006   1.0000000000000000E-002   1.2000000000000000E-002   1.0018065728697734        0.0000000000000000        1.0018065728697734        1.0000000000000000        6.9400066739805622E-310
  0.52499984914446474        1.5610012747055915E-005   6.4071682714939016E-006   1.0000000000000000E-002   1.2000000000000000E-002   1.0018065241654976        0.0000000000000000        1.0018065241654976        1.0000000000000000        6.9400066739805622E-310
  0.53499978963599160        2.1767743013797241E-005   8.9347138869655396E-006   1.0000000000000000E-002   1.2000000000000000E-002   1.0018064513491483        0.0000000000000000        1.0018064513491483        1.0000000000000000        6.9400066739805622E-310
  0.54499973095731957        2.7839606310198651E-005   1.1427056777257860E-005   1.0000000000000000E-002   1.2000000000000000E-002   1.0018063547071661        0.0000000000000000        1.0018063547071661        1.0000000000000000        6.9400066739805622E-310
  0.55499967333992239        3.3801650640218200E-005   1.3874333038010889E-005   1.0000000000000000E-002   1.2000000000000000E-002   1.0018062346205687        0.0000000000000000        1.0018062346205687        1.0000000000000000        6.9400066739805622E-310
  0.56499961701108659        3.9630355749538238E-005   1.6267029971039904E-005   1.0000000000000000E-002   1.2000000000000000E-002   1.0018060915623015        0.0000000000000000        1.0018060915623015        1.0000000000000000        6.9400066739805622E-310
  0.57499956219303228        4.5302727216696991E-005   1.8595628646700391E-005   1.0000000000000000E-002   1.2000000000000000E-002   1.0018059260956536        0.0000000000000000        1.0018059260956536        1.0000000000000000        6.9400066739805622E-310
  0.58499950910202525        5.0796386503575909E-005   2.0850944677519578E-005   1.0000000000000000E-002   1.2000000000000000E-002   1.0018057388727071        0.0000000000000000        1.0018057388727071        1.0000000000000000        6.9400066739805622E-310
  0.59499945794752473        5.6089658944712154E-005   2.3024143927408147E-005   1.0000000000000000E-002   1.2000000000000000E-002   1.0018055306310181        0.0000000000000000        1.0018055306310181        1.0000000000000000        6.9400066739805622E-310
  0.60499940893136539        6.1161659343666422E-005   2.5106591187373795E-005   1.0000000000000000E-002   1.2000000000000000E-002   1.0018053021910911        0.0000000000000000        1.0018053021910911        1.0000000000000000        6.9400066739805622E-310
  0.61499936224695118        6.5992375138500302E-005   2.7090152909359233E-005   1.0000000000000000E-002   1.2000000000000000E-002   1.0018050544530255        0.0000000000000000        1.0018050544530255        1.0000000000000000        6.9400066739805622E-310
  0.62499931807850395        7.0562743351088589E-005   2.8966966178600728E-005   1.0000000000000000E-002   1.2000000000000000E-002   1.0018047883928312        0.0000000000000000        1.0018047883928312        1.0000000000000000        6.9400066739805622E-310
  0.63499927660033073        7.4854727732986541E-005   3.0729599136414265E-005   1.0000000000000000E-002   1.2000000000000000E-002   1.0018045050591111        0.0000000000000000        1.0018045050591111        1.0000000000000000        6.9400066739805622E-310
  0.64499923797613457        7.8851389338485044E-005   3.2371107067774574E-005   1.0000000000000000E-002   1.2000000000000000E-002   1.0018042055687038        0.0000000000000000        1.0018042055687038        1.0000000000000000        6.9400066739805622E-310
  0.65499920235836817        8.2536952123077819E-005   3.3885054538274062E-005   1.0000000000000000E-002   1.2000000000000000E-002   1.0018038911019349        0.0000000000000000        1.0018038911019349        1.0000000000000000        6.9400066739805622E-310
  0.66499916988763963        8.5896868222375076E-005   3.5265381903570869E-005   1.0000000000000000E-002   1.2000000000000000E-002   1.0018035628984756        0.0000000000000000        1.0018035628984756        1.0000000000000000        6.9400066739805622E-310
  0.67499914069214362        8.8917871511469751E-005   3.6506740896058432E-005   1.0000000000000000E-002   1.2000000000000000E-002   1.0018032222521016        0.0000000000000000        1.0018032222521016        1.0000000000000000        6.9400066739805622E-310
  0.68499911488717291        9.1588034112237630E-005   3.7604078475972358E-005   1.0000000000000000E-002   1.2000000000000000E-002   1.0018028705059694        0.0000000000000000        1.0018028705059694        1.0000000000000000        6.9400066739805622E-310
  0.69499909257463954        9.3896809694939674E-005   3.8553188099754720E-005   1.0000000000000000E-002   1.2000000000000000E-002   1.0018025090471778        0.0000000000000000        1.0018025090471778        1.0000000000000000        6.9400066739805622E-310
  0.70499907384269367        9.5835078045617840E-005   3.9350204242616371E-005   1.0000000000000000E-002   1.2000000000000000E-002   1.0018021393011287        0.0000000000000000        1.0018021393011287        1.0000000000000000        6.9400066739805622E-310
  0.71499905876535608        9.7395180398756465E-005   3.9992039351233188E-005   1.0000000000000000E-002   1.2000000000000000E-002   1.0018017627262299        0.0000000000000000        1.0018017627262299        1.0000000000000000        6.9400066739805622E-310
  0.72499904740223875        9.8570948780519807E-005   4.0476072226347526E-005   1.0000000000000000E-002   1.2000000000000000E-002   1.0018013808079722        0.0000000000000000        1.0018013808079722        1.0000000000000000        6.9400066739805622E-310
  0.73499903979829451        9.9357732247705319E-005   4.0800473064095399E-005   1.0000000000000000E-002   1.2000000000000000E-002   1.0018009950529807        0.0000000000000000        1.0018009950529807        1.0000000000000000        6.9400066739805622E-310
  0.74499903598365402        9.9752413798900828E-005   4.0963840859831180E-005   1.0000000000000000E-002   1.2000000000000000E-002   1.0018006069832026        0.0000000000000000        1.0018006069832026        1.0000000000000000        6.9400066739805622E-310
  0.75499903597348905        9.9753424620565873E-005   4.0965574432227925E-005   1.0000000000000000E-002   1.2000000000000000E-002   1.0018002181300920        0.0000000000000000        1.0018002181300920        1.0000000000000000        6.9400066739805622E-310
  0.76499903976796224        9.9360747739466696E-005   4.0805591997816748E-005   1.0000000000000000E-002   1.2000000000000000E-002   1.0017998300283126        0.0000000000000000        1.0017998300283126        1.0000000000000000        6.9400066739805622E-310
  0.77499904735221525        9.8575922171529118E-005   4.0484548782693253E-005   1.0000000000000000E-002   1.2000000000000000E-002   1.0017994442098304        0.0000000000000000        1.0017994442098304        1.0000000000000000        6.9400066739805622E-310
  0.78499905869643238        9.7402032634334512E-005   4.0003695414903007E-005   1.0000000000000000E-002   1.2000000000000000E-002   1.0017990621975601        0.0000000000000000        1.0017990621975601        1.0000000000000000        6.9400066739805622E-310
  0.79499907375595502        9.5843701599615560E-005   3.9364898198890330E-005   1.0000000000000000E-002   1.2000000000000000E-002   1.0017986854996057        0.0000000000000000        1.0017986854996057        1.0000000000000000        6.9400066739805622E-310
  0.80499909247145696        9.3907068015088225E-005   3.8570616398558855E-005   1.0000000000000000E-002   1.2000000000000000E-002   1.0017983156035517        0.0000000000000000        1.0017983156035517        1.0000000000000000        6.9400066739805622E-310
  0.81499911476916886        9.1599765977689224E-005   3.7624075600817264E-005   1.0000000000000000E-002   1.2000000000000000E-002   1.0017979539699868        0.0000000000000000        1.0017979539699868        1.0000000000000000        6.9400066739805622E-310
  0.82499914056118384        8.8930891851520522E-005   3.6528875866359556E-005   1.0000000000000000E-002   1.2000000000000000E-002   1.0017976020270984        0.0000000000000000        1.0017976020270984        1.0000000000000000        6.9400066739805622E-310
  0.83499916974578559        8.5910971107395787E-005   3.5289390930337561E-005   1.0000000000000000E-002   1.2000000000000000E-002   1.0017972611652428        0.0000000000000000        1.0017972611652428        1.0000000000000000        6.9400066739805622E-310
  0.84499920220785862        8.2551915918724738E-005   3.3910515499613325E-005   1.0000000000000000E-002   1.2000000000000000E-002   1.0017969327307521        0.0000000000000000        1.0017969327307521        1.0000000000000000        6.9400066739805622E-310
  0.85499923781934195        7.8866977194590898E-005   3.2397648689119762E-005   1.0000000000000000E-002   1.2000000000000000E-002   1.0017966180211504        0.0000000000000000        1.0017966180211504        1.0000000000000000        6.9400066739805622E-310
  0.86499927643972885        7.4870694572718574E-005   3.0756786868479935E-005   1.0000000000000000E-002   1.2000000000000000E-002   1.0017963182798280        0.0000000000000000        1.0017963182798280        1.0000000000000000        6.9400066739805622E-310
  0.87499931791662733        7.0578837134615847E-005   2.8994326670250814E-005   1.0000000000000000E-002   1.2000000000000000E-002   1.0017960346913666        0.0000000000000000        1.0017960346913666        1.0000000000000000        6.9400066739805622E-310
  0.88499936208634922        6.6008341984642084E-005   2.7117337726423330E-005   1.0000000000000000E-002   1.2000000000000000E-002   1.0017957683764598        0.0000000000000000        1.0017957683764598        1.0000000000000000        6.9400066739805622E-310
  0.89499940877457163        6.1177247666592110E-005   2.5133159898160784E-005   1.0000000000000000E-002   1.2000000000000000E-002   1.0017955203873650        0.0000000000000000        1.0017955203873650        1.0000000000000000        6.9400066739805622E-310
  0.90499945779701674        5.6104622432755284E-005   2.3049569218613897E-005   1.0000000000000000E-002   1.2000000000000000E-002   1.0017952917046402        0.0000000000000000        1.0017952917046402        1.0000000000000000        6.9400066739805622E-310
  0.91499950896017102        5.0810489685437554E-005   2.0874952882721232E-005   1.0000000000000000E-002   1.2000000000000000E-002   1.0017950832321001        0.0000000000000000        1.0017950832321001        1.0000000000000000        6.9400066739805622E-310
  0.92499956206207068        4.5315747316403580E-005   1.8617779479868091E-005   1.0000000000000000E-002   1.2000000000000000E-002   1.0017948957935776        0.0000000000000000        1.0017948957935776        1.0000000000000000        6.9400066739805622E-310
  0.93499961689308175        3.9642087438827626E-005   1.6286997452930052E-005   1.0000000000000000E-002   1.2000000000000000E-002   1.0017947301302583        0.0000000000000000        1.0017947301302583        1.0000000000000000        6.9400066739805622E-310
  0.94499967323673484        3.3811909172654593E-005   1.3891826560197273E-005   1.0000000000000000E-002   1.2000000000000000E-002   1.0017945868970497        0.0000000000000000        1.0017945868970497        1.0000000000000000        6.9400066739805622E-310
  0.95499973087058088        2.7848229686401604E-005   1.1441705678905123E-005   1.0000000000000000E-002   1.2000000000000000E-002   1.0017944666603449        0.0000000000000000        1.0017944666603449        1.0000000000000000        6.9400066739805622E-310
  0.96499978956706611        2.1774595580480819E-005   8.9463802801503789E-006   1.0000000000000000E-002   1.2000000000000000E-002   1.0017943698954868        0.0000000000000000        1.0017943698954868        1.0000000000000000        6.9400066739805622E-310
  0.97499984909443960        1.5614985952699465E-005   6.4156667614057028E-006   1.0000000000000000E-002   1.2000000000000000E-002   1.0017942969849536        0.0000000000000000        1.0017942969849536        1.0000000000000000        6.9400066739805622E-310
  0.98499990921766367        9.3937216060659383E-006   3.8595520752693346E-006   1.0000000000000000E-002   1.2000000000000000E-002   1.0017942482172661        0.0000000000000000        1.0017942482172661        1.0000000000000000        6.9400066739805622E-310
  0.99499996969933990        3.1353674064759917E-006   1.2882333875197105E-006   1.0000000000000000E-002   1.2000000000000000E-002   1.0017942237851245        0.0000000000000000        1.0017942237851245        1.0000000000000000        6.9400066739805622E-310
   1.0050000303006605       -3.1353676443220068E-006  -1.6079770706056706E-006   1.0000000000000000E-002   1.2000000000000000E-002   1.0017942237850914        0.0000000000000000        1.0017942237850914        1.0000000000000000        6.9400066739805622E-310
   1.0150000907823378       -9.3937234047988979E-006  -4.8175737710209887E-006   1.0000000000000000E-002   1.2000000000000000E-002   1.0017942482172970        0.0000000000000000        1.0017942482172970        1.0000000000000000        6.9400066739805622E-310
   1.0250001509055604       -1.5614988265549084E-005  -8.0081130571230119E-006   1.0000000000000000E-002   1.2000000000000000E-002   1.0017942969850751        0.0000000000000000        1.0017942969850751        1.0000000000000000        6.9400066739805622E-310
   1.0350002104329326       -2.1774598756147597E-005  -1.1166980869781185E-005   1.0000000000000000E-002   1.2000000000000000E-002   1.0017943698955489        0.0000000000000000        1.0017943698955489        1.0000000000000000        6.9400066739805622E-310
   1.0450002691294178       -2.7848233965339281E-005  -1.4281683013983582E-005   1.0000000000000000E-002   1.2000000000000000E-002   1.0017944666603384        0.0000000000000000        1.0017944666603384        1.0000000000000000        6.9400066739805622E-310
  -5.0000303006600966E-003   3.1357511226580201E-006  -3.5767633061438002E+077   1.0000000000000000E-002   1.2000000000000000E-002   1.0017942237851245        0.0000000000000000        1.0017942237851245        1.0000000000000000        6.9400066739805622E-310
  -1.5000090782336328E-002   9.3948711843598290E-006   0.0000000000000000        1.0000000000000000E-002   1.2000000000000000E-002   1.0017942482172661        0.0000000000000000        1.0017942482172661        1.0000000000000000        6.9400066739805622E-310
  -2.5000150905560403E-002   1.5616896893487472E-005  -3.5767633061438002E+077   1.0000000000000000E-002   1.2000000000000000E-002   1.0017942969849536        0.0000000000000000        1.0017942969849536        1.0000000000000000        6.9400066739805622E-310
  -3.5000210432933887E-002   2.1777260324985874E-005   6.9400068546417920E-310   1.0000000000000000E-002   1.2000000000000000E-002   1.0017943698954868        0.0000000000000000        1.0017943698954868        1.0000000000000000        6.9400066739805622E-310
  -4.5000269129419124E-002   2.7851637656897277E-005   6.9400066883177543E-310   1.0000000000000000E-002   1.2000000000000000E-002   1.0017944666603449        0.0000000000000000        1.0017944666603449        1.0000000000000000        6.9400066739805622E-310
