 # x, v, a, m, h, rho, u, P, c, ke
   2.1023999999999834     
   5.0004375586346532E-003   1.3157220331415667E-006  -1.8589910465216519E-005   1.0000000000000000E-002   1.2000000000000000E-002   1.0017110645506728        0.0000000000000000        1.0017110645506728        1.0000000000000000        6.9400066739805622E-310
   1.5001310949319408E-002   3.9419696901365126E-006  -5.5696433036267479E-005   1.0000000000000000E-002   1.2000000000000000E-002   1.0017114170780723        0.0000000000000000        1.0017114170780723        1.0000000000000000        6.9400066739805622E-310
   2.5002179167058141E-002   6.5526494449866248E-006  -9.2583244954980159E-005   1.0000000000000000E-002   1.2000000000000000E-002   1.0017121207429878        0.0000000000000000        1.0017121207429878        1.0000000000000000        6.9400066739805622E-310
   3.5003038785900359E-002   9.1374518055512310E-006  -1.2910498729645781E-004   1.0000000000000000E-002   1.2000000000000000E-002   1.0017131727715129        0.0000000000000000        1.0017131727715129        1.0000000000000000        6.9400066739805622E-310
   4.5003886413802860E-002   1.1686168541428653E-005  -1.6511753781589533E-004   1.0000000000000000E-002   1.2000000000000000E-002   1.0017145690165570        0.0000000000000000        1.0017145690165570        1.0000000000000000        6.9400066739805622E-310
   5.5004718706022679E-002   1.4188735268113007E-005  -2.0047891705576859E-004   1.0000000000000000E-002   1.2000000000000000E-002   1.0017163039738279        0.0000000000000000        1.0017163039738279        1.0000000000000000        6.9400066739805622E-310
   6.5005532378301048E-002   1.6635269437919271E-005  -2.3504962792575412E-004   1.0000000000000000E-002   1.2000000000000000E-002   1.0017183708038004        0.0000000000000000        1.0017183708038004        1.0000000000000000        6.9400066739805622E-310
   7.5006324219822312E-002   1.9016110812042778E-005  -2.6869328722334274E-004   1.0000000000000000E-002   1.2000000000000000E-002   1.0017207613581498        0.0000000000000000        1.0017207613581498        1.0000000000000000        6.9400066739805622E-310
   8.5007091105882532E-002   2.1321858423488466E-005  -3.0127723465955825E-004   1.0000000000000000E-002   1.2000000000000000E-002   1.0017234662121763        0.0000000000000000        1.0017234662121763        1.0000000000000000        6.9400066739805622E-310
   9.5007830010209599E-002   2.3543408995727566E-005  -3.3267289646943254E-004   1.0000000000000000E-002   1.2000000000000000E-002   1.0017264747017798        0.0000000000000000        1.0017264747017798        1.0000000000000000        6.9400066739805622E-310
  0.10500853801690703        2.5671992150012346E-005  -3.6275641826932770E-004   1.0000000000000000E-002   1.2000000000000000E-002   1.0017297749651526        0.0000000000000000        1.0017297749651526        1.0000000000000000        6.9400066739805622E-310
  0.11500921233195772        2.7699204905891649E-005  -3.9140915063828885E-004   1.0000000000000000E-002   1.2000000000000000E-002   1.0017333539898168        0.0000000000000000        1.0017333539898168        1.0000000000000000        6.9400066739805622E-310
  0.12500985029424252        2.9617045607159987E-005  -4.1851797924774559E-004   1.0000000000000000E-002   1.2000000000000000E-002   1.0017371976634968        0.0000000000000000        1.0017371976634968        1.0000000000000000        6.9400066739805622E-310
  0.13501044938604762        3.1417944947150178E-005  -4.4397592220590809E-004   1.0000000000000000E-002   1.2000000000000000E-002   1.0017412908293999        0.0000000000000000        1.0017412908293999        1.0000000000000000        6.9400066739805622E-310
  0.14501100724300001        3.3094795975308247E-005  -4.6768254092288686E-004   1.0000000000000000E-002   1.2000000000000000E-002   1.0017456173462778        0.0000000000000000        1.0017456173462778        1.0000000000000000        6.9400066739805622E-310
  0.15501152166339507        3.4640982316448243E-005  -4.8954424817448938E-004   1.0000000000000000E-002   1.2000000000000000E-002   1.0017501601518859        0.0000000000000000        1.0017501601518859        1.0000000000000000        6.9400066739805622E-310
  0.16501199061688829        3.6050404092375340E-005  -5.0947470576190312E-004   1.0000000000000000E-002   1.2000000000000000E-002   1.0017549013298299        0.0000000000000000        1.0017549013298299        1.0000000000000000        6.9400066739805622E-310
  0.17501241225251338        3.7317501999859652E-005  -5.2739522129652272E-004   1.0000000000000000E-002   1.2000000000000000E-002   1.0017598221801620        0.0000000000000000        1.0017598221801620        1.0000000000000000        6.9400066739805622E-310
  0.18501278490598982        3.8437279194932335E-005  -5.4323503551767516E-004   1.0000000000000000E-002   1.2000000000000000E-002   1.0017649032932223        0.0000000000000000        1.0017649032932223        1.0000000000000000        6.9400066739805622E-310
  0.19501310710629308        3.9405320616875212E-005  -5.5693155584979337E-004   1.0000000000000000E-002   1.2000000000000000E-002   1.0017701246259694        0.0000000000000000        1.0017701246259694        1.0000000000000000        6.9400066739805622E-310
  0.20501337758146690        4.0217811293295014E-005  -5.6843065523803915E-004   1.0000000000000000E-002   1.2000000000000000E-002   1.0017754655808320        0.0000000000000000        1.0017754655808320        1.0000000000000000        6.9400066739805622E-310
  0.21501359526364919        4.0871550493476523E-005  -5.7768687764170323E-004   1.0000000000000000E-002   1.2000000000000000E-002   1.0017809050870083        0.0000000000000000        1.0017809050870083        1.0000000000000000        6.9400066739805622E-310
  0.22501375929329037        4.1363964595919012E-005  -5.8466354491581995E-004   1.0000000000000000E-002   1.2000000000000000E-002   1.0017864216831980        0.0000000000000000        1.0017864216831980        1.0000000000000000        6.9400066739805622E-310
  0.23501386902256080        4.1693116307517025E-005  -5.8933308832997966E-004   1.0000000000000000E-002   1.2000000000000000E-002   1.0017919936024551        0.0000000000000000        1.0017919936024551        1.0000000000000000        6.9400066739805622E-310
  0.24501392401790648        4.1857713610330898E-005  -5.9167697146556009E-004   1.0000000000000000E-002   1.2000000000000000E-002   1.0017975988582433        0.0000000000000000        1.0017975988582433        1.0000000000000000        6.9400066739805622E-310
  0.25501392406177065        4.1857114466021225E-005  -5.9168582914814749E-004   1.0000000000000000E-002   1.2000000000000000E-002   1.0018032153308274        0.0000000000000000        1.0018032153308274        1.0000000000000000        6.9400066739805622E-310
  0.26501386915345970        4.1691327878398027E-005  -5.8935948420568707E-004   1.0000000000000000E-002   1.2000000000000000E-002   1.0018088208543896        0.0000000000000000        1.0018088208543896        1.0000000000000000        6.9400066739805622E-310
  0.27501375950916052        4.1361015172950623E-005  -5.8470708784330583E-004   1.0000000000000000E-002   1.2000000000000000E-002   1.0018143933049244        0.0000000000000000        1.0018143933049244        1.0000000000000000        6.9400066739805622E-310
  0.28501359556108413        4.0867486714076614E-005  -5.7774682560829405E-004   1.0000000000000000E-002   1.2000000000000000E-002   1.0018199106873786        0.0000000000000000        1.0018199106873786        1.0000000000000000        6.9400066739805622E-310
  0.29501337795577987        4.0212697205830145E-005  -5.6850613925618632E-004   1.0000000000000000E-002   1.2000000000000000E-002   1.0018253512224942        0.0000000000000000        1.0018253512224942        1.0000000000000000        6.9400066739805622E-310
  0.30501310755158018        3.9399236815157843E-005  -5.5702135954316390E-004   1.0000000000000000E-002   1.2000000000000000E-002   1.0018306934329873        0.0000000000000000        1.0018306934329873        1.0000000000000000        6.9400066739805622E-310
  0.31501278541522804        3.8430321306456725E-005  -5.4333773883641356E-004   1.0000000000000000E-002   1.2000000000000000E-002   1.0018359162280941        0.0000000000000000        1.0018359162280941        1.0000000000000000        6.9400066739805622E-310
  0.32501241281767063        3.7309780243140941E-005  -5.2750919724875445E-004   1.0000000000000000E-002   1.2000000000000000E-002   1.0018409989871588        0.0000000000000000        1.0018409989871588        1.0000000000000000        6.9400066739805622E-310
  0.33501199122905068        3.6042040371309368E-005  -5.0959814035422824E-004   1.0000000000000000E-002   1.2000000000000000E-002   1.0018459216410562        0.0000000000000000        1.0018459216410562        1.0000000000000000        6.9400066739805622E-310
  0.34501152231290999        3.4632108111617230E-005  -4.8967522937015673E-004   1.0000000000000000E-002   1.2000000000000000E-002   1.0018506647517709        0.0000000000000000        1.0018506647517709        1.0000000000000000        6.9400066739805622E-310
  0.35501100791962364        3.3085551473471109E-005  -4.6781898157721713E-004   1.0000000000000000E-002   1.2000000000000000E-002   1.0018552095889366        0.0000000000000000        1.0018552095889366        1.0000000000000000        6.9400066739805622E-310
  0.36501045007910982        3.1408475639890743E-005  -4.4411567837165933E-004   1.0000000000000000E-002   1.2000000000000000E-002   1.0018595382040452        0.0000000000000000        1.0018595382040452        1.0000000000000000        6.9400066739805622E-310
  0.37500985099281381        2.9607501183729497E-005  -4.1865885370917510E-004   1.0000000000000000E-002   1.2000000000000000E-002   1.0018636335018483        0.0000000000000000        1.0018636335018483        1.0000000000000000        6.9400066739805622E-310
  0.38500921302502056        2.7689735711492313E-005  -3.9154890613879445E-004   1.0000000000000000E-002   1.2000000000000000E-002   1.0018674793074134        0.0000000000000000        1.0018674793074134        1.0000000000000000        6.9400066739805622E-310
  0.39500853869353258        2.5662747447625263E-005  -3.6289288576618617E-004   1.0000000000000000E-002   1.2000000000000000E-002   1.0018710604304339        0.0000000000000000        1.0018710604304339        1.0000000000000000        6.9400066739805622E-310
  0.40500783065972418        2.3534534794503982E-005  -3.3280386038825327E-004   1.0000000000000000E-002   1.2000000000000000E-002   1.0018743627254072        0.0000000000000000        1.0018743627254072        1.0000000000000000        6.9400066739805622E-310
  0.41500709171804506        2.1313494575075539E-005  -3.0140068344763904E-004   1.0000000000000000E-002   1.2000000000000000E-002   1.0018773731477599        0.0000000000000000        1.0018773731477599        1.0000000000000000        6.9400066739805622E-310
  0.42500632478497818        1.9008389125379906E-005  -2.6880726196143456E-004   1.0000000000000000E-002   1.2000000000000000E-002   1.0018800798054190        0.0000000000000000        1.0018800798054190        1.0000000000000000        6.9400066739805622E-310
  0.43500553288753646        1.6628311820290489E-005  -2.3515230250037433E-004   1.0000000000000000E-002   1.2000000000000000E-002   1.0018824720056303        0.0000000000000000        1.0018824720056303        1.0000000000000000        6.9400066739805622E-310
  0.44500471915130863        1.4182651462424393E-005  -2.0056871364193540E-004   1.0000000000000000E-002   1.2000000000000000E-002   1.0018845402978072        0.0000000000000000        1.0018845402978072        1.0000000000000000        6.9400066739805622E-310
  0.45500388678811654        1.1681054332413877E-005  -1.6519302920059431E-004   1.0000000000000000E-002   1.2000000000000000E-002   1.0018862765107075        0.0000000000000000        1.0018862765107075        1.0000000000000000        6.9400066739805622E-310
  0.46500303908333773        9.1333879074510679E-006  -1.2916496842496628E-004   1.0000000000000000E-002   1.2000000000000000E-002   1.0018876737848714        0.0000000000000000        1.0018876737848714        1.0000000000000000        6.9400066739805622E-310
  0.47500217938292866        6.5497002627601617E-006  -9.2626783316340777E-005   1.0000000000000000E-002   1.2000000000000000E-002   1.0018887265997887        0.0000000000000000        1.0018887265997887        1.0000000000000000        6.9400066739805622E-310
  0.48500131108021766        3.9401809716554600E-006  -5.5722818171233257E-005   1.0000000000000000E-002   1.2000000000000000E-002   1.0018894307959119        0.0000000000000000        1.0018894307959119        1.0000000000000000        6.9400066739805622E-310
  0.49500043760249773        1.3151225855843621E-006  -1.8598748582121516E-005   1.0000000000000000E-002   1.2000000000000000E-002   1.0018897835909599        0.0000000000000000        1.0018897835909599        1.0000000000000000        6.9400066739805622E-310
  0.50499956239750210       -1.3151224749016758E-006   1.8598762230759291E-005   1.0000000000000000E-002   1.2000000000000000E-002   1.0018897835908871        0.0000000000000000        1.0018897835908871        1.0000000000000000        6.9400066739805622E-310
  0.51499868891978418       -3.9401812149232844E-006   5.5722775831767990E-005   1.0000000000000000E-002   1.2000000000000000E-002   1.0018894307959831        0.0000000000000000        1.0018894307959831        1.0000000000000000        6.9400066739805622E-310
  0.52499782061706957       -6.5497001474369402E-006   9.2626819625962753E-005   1.0000000000000000E-002   1.2000000000000000E-002   1.0018887265998901        0.0000000000000000        1.0018887265998901        1.0000000000000000        6.9400066739805622E-310
  0.53499696091666171       -9.1333879495560779E-006   1.2916496811410383E-004   1.0000000000000000E-002   1.2000000000000000E-002   1.0018876737847942        0.0000000000000000        1.0018876737847942        1.0000000000000000        6.9400066739805622E-310
  0.54499611321188379       -1.1681054346754412E-005   1.6519300440176465E-004   1.0000000000000000E-002   1.2000000000000000E-002   1.0018862765107615        0.0000000000000000        1.0018862765107615        1.0000000000000000        6.9400066739805622E-310
  0.55499528084868943       -1.4182651381995911E-005   2.0056874415974590E-004   1.0000000000000000E-002   1.2000000000000000E-002   1.0018845402978276        0.0000000000000000        1.0018845402978276        1.0000000000000000        6.9400066739805622E-310
  0.56499446711246337       -1.6628311846283623E-005   2.3515229215220756E-004   1.0000000000000000E-002   1.2000000000000000E-002   1.0018824720055570        0.0000000000000000        1.0018824720055570        1.0000000000000000        6.9400066739805622E-310
  0.57499367521502165       -1.9008389075212107E-005   2.6880725265332472E-004   1.0000000000000000E-002   1.2000000000000000E-002   1.0018800798054386        0.0000000000000000        1.0018800798054386        1.0000000000000000        6.9400066739805622E-310
  0.58499290828195427       -2.1313494577986313E-005   3.0140068527995112E-004   1.0000000000000000E-002   1.2000000000000000E-002   1.0018773731478110        0.0000000000000000        1.0018773731478110        1.0000000000000000        6.9400066739805622E-310
  0.59499216934027443       -2.3534534823990720E-005   3.3280387908529718E-004   1.0000000000000000E-002   1.2000000000000000E-002   1.0018743627253646        0.0000000000000000        1.0018743627253646        1.0000000000000000        6.9400066739805622E-310
  0.60499146130646775       -2.5662747391596324E-005   3.6289286887569716E-004   1.0000000000000000E-002   1.2000000000000000E-002   1.0018710604303869        0.0000000000000000        1.0018710604303869        1.0000000000000000        6.9400066739805622E-310
  0.61499078697497911       -2.7689735795503016E-005   3.9154890565740175E-004   1.0000000000000000E-002   1.2000000000000000E-002   1.0018674793074442        0.0000000000000000        1.0018674793074442        1.0000000000000000        6.9400066739805622E-310
  0.62499014900718586       -2.9607501044390154E-005   4.1865884226321981E-004   1.0000000000000000E-002   1.2000000000000000E-002   1.0018636335019244        0.0000000000000000        1.0018636335019244        1.0000000000000000        6.9400066739805622E-310
  0.63498954992088830       -3.1408475679020223E-005   4.4411569543356677E-004   1.0000000000000000E-002   1.2000000000000000E-002   1.0018595382041093        0.0000000000000000        1.0018595382041093        1.0000000000000000        6.9400066739805622E-310
  0.64498899208037441       -3.3085551377150574E-005   4.6781900374170959E-004   1.0000000000000000E-002   1.2000000000000000E-002   1.0018552095888091        0.0000000000000000        1.0018552095888091        1.0000000000000000        6.9400066739805622E-310
  0.65498847768709112       -3.4632108187522217E-005   4.8967519394871317E-004   1.0000000000000000E-002   1.2000000000000000E-002   1.0018506647517158        0.0000000000000000        1.0018506647517158        1.0000000000000000        6.9400066739805622E-310
  0.66498800877094832       -3.6042040295445635E-005   5.0959817158080511E-004   1.0000000000000000E-002   1.2000000000000000E-002   1.0018459216410145        0.0000000000000000        1.0018459216410145        1.0000000000000000        6.9400066739805622E-310
  0.67498758718233121       -3.7309780366975640E-005   5.2750917291355393E-004   1.0000000000000000E-002   1.2000000000000000E-002   1.0018409989870805        0.0000000000000000        1.0018409989870805        1.0000000000000000        6.9400066739805622E-310
  0.68498721458477274       -3.8430321348241998E-005   5.4333774697923332E-004   1.0000000000000000E-002   1.2000000000000000E-002   1.0018359162281028        0.0000000000000000        1.0018359162281028        1.0000000000000000        6.9400066739805622E-310
  0.69498689244842127       -3.9399236786103725E-005   5.5702135110990980E-004   1.0000000000000000E-002   1.2000000000000000E-002   1.0018306934329830        0.0000000000000000        1.0018306934329830        1.0000000000000000        6.9400066739805622E-310
  0.70498662204422124       -4.0212697128807691E-005   5.6850612692560532E-004   1.0000000000000000E-002   1.2000000000000000E-002   1.0018253512225959        0.0000000000000000        1.0018253512225959        1.0000000000000000        6.9400066739805622E-310
  0.71498640443891504       -4.0867486903184838E-005   5.7774684615896632E-004   1.0000000000000000E-002   1.2000000000000000E-002   1.0018199106874350        0.0000000000000000        1.0018199106874350        1.0000000000000000        6.9400066739805622E-310
  0.72498624049083948       -4.1361015111736894E-005   5.8470708271407545E-004   1.0000000000000000E-002   1.2000000000000000E-002   1.0018143933049175        0.0000000000000000        1.0018143933049175        1.0000000000000000        6.9400066739805622E-310
  0.73498613084653963       -4.1691327790287045E-005   5.8935949682137334E-004   1.0000000000000000E-002   1.2000000000000000E-002   1.0018088208543436        0.0000000000000000        1.0018088208543436        1.0000000000000000        6.9400066739805622E-310
  0.74498607593823041       -4.1857114287456773E-005   5.9168580786295166E-004   1.0000000000000000E-002   1.2000000000000000E-002   1.0018032153308241        0.0000000000000000        1.0018032153308241        1.0000000000000000        6.9400066739805622E-310
  0.75498607598209277       -4.1857713942816036E-005   5.9167700004092438E-004   1.0000000000000000E-002   1.2000000000000000E-002   1.0017975988582035        0.0000000000000000        1.0017975988582035        1.0000000000000000        6.9400066739805622E-310
  0.76498613097744106       -4.1693116193144267E-005   5.8933306580222222E-004   1.0000000000000000E-002   1.2000000000000000E-002   1.0017919936023887        0.0000000000000000        1.0017919936023887        1.0000000000000000        6.9400066739805622E-310
  0.77498624070671029       -4.1363964500479304E-005   5.8466355958852745E-004   1.0000000000000000E-002   1.2000000000000000E-002   1.0017864216831707        0.0000000000000000        1.0017864216831707        1.0000000000000000        6.9400066739805622E-310
  0.78498640473635317       -4.0871550498313318E-005   5.7768685530756869E-004   1.0000000000000000E-002   1.2000000000000000E-002   1.0017809050870106        0.0000000000000000        1.0017809050870106        1.0000000000000000        6.9400066739805622E-310
  0.79498662241853379       -4.0217811572564846E-005   5.6843066459677516E-004   1.0000000000000000E-002   1.2000000000000000E-002   1.0017754655808984        0.0000000000000000        1.0017754655808984        1.0000000000000000        6.9400066739805622E-310
  0.80498689289370784       -3.9405320501657413E-005   5.5693154716873750E-004   1.0000000000000000E-002   1.2000000000000000E-002   1.0017701246260240        0.0000000000000000        1.0017701246260240        1.0000000000000000        6.9400066739805622E-310
  0.81498721509400984       -3.8437279066509950E-005   5.4323504676556666E-004   1.0000000000000000E-002   1.2000000000000000E-002   1.0017649032932752        0.0000000000000000        1.0017649032932752        1.0000000000000000        6.9400066739805622E-310
  0.82498758774748626       -3.7317501984408653E-005   5.2739523706613056E-004   1.0000000000000000E-002   1.2000000000000000E-002   1.0017598221800890        0.0000000000000000        1.0017598221800890        1.0000000000000000        6.9400066739805622E-310
  0.83498800938311302       -3.6050404043677492E-005   5.0947469046036531E-004   1.0000000000000000E-002   1.2000000000000000E-002   1.0017549013297540        0.0000000000000000        1.0017549013297540        1.0000000000000000        6.9400066739805622E-310
  0.84498847833660629       -3.4640982536436543E-005   4.8954423397695734E-004   1.0000000000000000E-002   1.2000000000000000E-002   1.0017501601519436        0.0000000000000000        1.0017501601519436        1.0000000000000000        6.9400066739805622E-310
  0.85498899275699991       -3.3094795917402601E-005   4.6768255739415565E-004   1.0000000000000000E-002   1.2000000000000000E-002   1.0017456173463242        0.0000000000000000        1.0017456173463242        1.0000000000000000        6.9400066739805622E-310
  0.86498955061395266       -3.1417944920496382E-005   4.4397593143052916E-004   1.0000000000000000E-002   1.2000000000000000E-002   1.0017412908293324        0.0000000000000000        1.0017412908293324        1.0000000000000000        6.9400066739805622E-310
  0.87499014970575895       -2.9617045614258465E-005   4.1851796532288432E-004   1.0000000000000000E-002   1.2000000000000000E-002   1.0017371976634517        0.0000000000000000        1.0017371976634517        1.0000000000000000        6.9400066739805622E-310
  0.88499078766804362       -2.7699204855384856E-005   3.9140913433133306E-004   1.0000000000000000E-002   1.2000000000000000E-002   1.0017333539899043        0.0000000000000000        1.0017333539899043        1.0000000000000000        6.9400066739805622E-310
  0.89499146198309254       -2.5671992080025588E-005   3.6275643142325009E-004   1.0000000000000000E-002   1.2000000000000000E-002   1.0017297749652574        0.0000000000000000        1.0017297749652574        1.0000000000000000        6.9400066739805622E-310
  0.90499216998978937       -2.3543409040142152E-005   3.3267291818006584E-004   1.0000000000000000E-002   1.2000000000000000E-002   1.0017264747017225        0.0000000000000000        1.0017264747017225        1.0000000000000000        6.9400066739805622E-310
  0.91499290889411844       -2.1321858669819484E-005   3.0127721715356159E-004   1.0000000000000000E-002   1.2000000000000000E-002   1.0017234662121068        0.0000000000000000        1.0017234662121068        1.0000000000000000        6.9400066739805622E-310
  0.92499367578017810       -1.9016110676160093E-005   2.6869329298850886E-004   1.0000000000000000E-002   1.2000000000000000E-002   1.0017207613581316        0.0000000000000000        1.0017207613581316        1.0000000000000000        6.9400066739805622E-310
  0.93499446762170024       -1.6635269355939980E-005   2.3504961176001871E-004   1.0000000000000000E-002   1.2000000000000000E-002   1.0017183708038226        0.0000000000000000        1.0017183708038226        1.0000000000000000        6.9400066739805622E-310
  0.94499528129397736       -1.4188735203351851E-005   2.0047892146823898E-004   1.0000000000000000E-002   1.2000000000000000E-002   1.0017163039739119        0.0000000000000000        1.0017163039739119        1.0000000000000000        6.9400066739805622E-310
  0.95499611358619652       -1.1686168634776849E-005   1.6511755010295559E-004   1.0000000000000000E-002   1.2000000000000000E-002   1.0017145690165574        0.0000000000000000        1.0017145690165574        1.0000000000000000        6.9400066739805622E-310
  0.96499696121409984       -9.1374518146651141E-006   1.2910497906126750E-004   1.0000000000000000E-002   1.2000000000000000E-002   1.0017131727715023        0.0000000000000000        1.0017131727715023        1.0000000000000000        6.9400066739805622E-310
  0.97499782083294140       -6.5526496087041860E-006   9.2583258614276076E-005   1.0000000000000000E-002   1.2000000000000000E-002   1.0017121207429505        0.0000000000000000        1.0017121207429505        1.0000000000000000        6.9400066739805622E-310
  0.98499868905068155       -3.9419694779447118E-006   5.5696418941764136E-005   1.0000000000000000E-002   1.2000000000000000E-002   1.0017114170780328        0.0000000000000000        1.0017114170780328        1.0000000000000000        6.9400066739805622E-310
  0.99499956244136578       -1.3157220883528718E-006   1.8589912687438925E-005   1.0000000000000000E-002   1.2000000000000000E-002   1.0017110645506946        0.0000000000000000        1.0017110645506946        1.0000000000000000        6.9400066739805622E-310
   1.0050004375586346        1.3157166183955816E-006  -1.8453366342541244E-005   1.0000000000000000E-002   1.2000000000000000E-002   1.0017110645506728        0.0000000000000000        1.0017110645506728        1.0000000000000000        6.9400066739805622E-310
   1.0150013109493194        3.9419534618719139E-006  -5.5287353990962629E-005   1.0000000000000000E-002   1.2000000000000000E-002   1.0017114170780723        0.0000000000000000        1.0017114170780723        1.0000000000000000        6.9400066739805622E-310
   1.0250021791670580        6.5526224743155949E-006  -9.1903261319359331E-005   1.0000000000000000E-002   1.2000000000000000E-002   1.0017121207429878        0.0000000000000000        1.0017121207429878        1.0000000000000000        6.9400066739805622E-310
   1.0350030387859004        9.1374141929139593E-006  -1.2815676479061011E-004   1.0000000000000000E-002   1.2000000000000000E-002   1.0017131727715129        0.0000000000000000        1.0017131727715129        1.0000000000000000        6.9400066739805622E-310
   1.0450038864138029        1.1686120437743350E-005  -1.6390484579265063E-004   1.0000000000000000E-002   1.2000000000000000E-002   1.0017145690165570        0.0000000000000000        1.0017145690165570        1.0000000000000000        6.9400066739805622E-310
  -5.0004375586342187E-003  -1.3158859466739168E-006  -3.5767633061438002E+077   1.0000000000000000E-002   1.2000000000000000E-002   1.0017110645506946        0.0000000000000000        1.0017110645506946        1.0000000000000000        6.9400066739805622E-310
  -1.5001310949318447E-002  -3.9424603565283594E-006   0.0000000000000000        1.0000000000000000E-002   1.2000000000000000E-002   1.0017114170780328        0.0000000000000000        1.0017114170780328        1.0000000000000000        6.9400066739805622E-310
  -2.5002179167058602E-002  -6.5534656003698897E-006  -3.5767633061438002E+077   1.0000000000000000E-002   1.2000000000000000E-002   1.0017121207429505        0.0000000000000000        1.0017121207429505        1.0000000000000000        6.9400066739805622E-310
  -3.5003038785900165E-002  -9.1385896787560634E-006   6.9400068546417920E-310   1.0000000000000000E-002   1.2000000000000000E-002   1.0017131727715023        0.0000000000000000        1.0017131727715023        1.0000000000000000        6.9400066739805622E-310
  -4.5003886413803484E-002  -1.1687623870089368E-005   6.9400066883177543E-310   1.0000000000000000E-002   1.2000000000000000E-002   1.0017145690165574        0.0000000000000000        1.0017145690165574        1.0000000000000000        6.9400066739805622E-310
